#iterations fitness
0 0.0
1 0.2
2 0.4
3 0.5
4 0.85
5 0.95
6 1.0
7 1.1
8 1.15
9 1.15
10 1.15
11 1.15
12 1.55
13 1.55
14 1.55
15 1.7
16 1.7
17 1.75
18 2.0
19 2.0
20 2.0
21 2.1
22 2.1
23 2.4
24 2.5
25 2.5
26 2.5
27 2.5
28 2.5
29 2.6
30 2.6
31 2.7
32 2.7
33 2.7
34 2.8
35 2.95
36 2.95
37 3.05
38 3.05
39 3.05
40 3.05
41 3.2
42 3.2
43 3.2
44 3.2
45 3.2
46 3.25
47 3.5
48 3.55
49 3.55
50 3.65
51 3.7
52 3.7
53 3.7
54 3.75
55 3.75
56 3.9
57 3.95
58 4.0
59 4.0
60 4.15
61 4.2
62 4.3
63 4.3
64 4.3
65 4.3
66 4.3
67 4.3
68 4.35
69 4.35
70 4.45
71 4.45
72 4.45
73 4.55
74 4.65
75 4.65
76 4.65
77 4.65
78 4.65
79 4.65
80 4.65
81 4.65
82 4.75
83 4.75
84 4.8
85 4.8
86 4.9
87 4.9
88 4.95
89 5.0
90 5.1
91 5.1
92 5.15
93 5.15
94 5.15
95 5.15
96 5.15
97 5.15
98 5.15
99 5.15
100 5.15
101 5.4
102 5.4
103 5.4
104 5.4
105 5.4
106 5.4
107 5.4
108 5.5
109 5.5
110 5.55
111 5.65
112 5.7
113 5.75
114 5.75
115 5.8
116 5.8
117 5.9
118 5.9
119 5.9
120 5.95
121 5.95
122 6.05
123 6.25
124 6.25
125 6.35
126 6.35
127 6.5
128 6.5
129 6.55
130 6.55
131 6.55
132 6.7
133 6.75
134 6.8
135 6.95
136 7.1
137 7.1
138 7.1
139 7.1
140 7.1
141 7.1
142 7.1
143 7.1
144 7.1
145 7.1
146 7.25
147 7.35
148 7.35
149 7.35
150 7.35
151 7.45
152 7.45
153 7.7
154 7.7
155 7.7
156 7.8
157 7.9
158 8.05
159 8.05
160 8.05
161 8.05
162 8.05
163 8.05
164 8.1
165 8.15
166 8.2
167 8.2
168 8.35
169 8.35
170 8.35
171 8.45
172 8.55
173 8.6
174 8.6
175 8.7
176 8.75
177 8.75
178 8.75
179 8.75
180 8.75
181 8.75
182 8.9
183 9.1
184 9.1
185 9.1
186 9.1
187 9.1
188 9.15
189 9.15
190 9.2
191 9.2
192 9.2
193 9.25
194 9.25
195 9.3
196 9.4
197 9.5
198 9.5
199 9.55
200 9.55
201 9.55
202 9.55
203 9.6
204 9.6
205 9.7
206 9.75
207 9.75
208 9.75
209 9.75
210 9.75
211 9.75
212 9.75
213 9.8
214 10.05
215 10.2
216 10.2
217 10.25
218 10.25
219 10.4
220 10.4
221 10.5
222 10.5
223 10.55
224 10.65
225 10.65
226 10.7
227 10.7
228 10.75
229 10.75
230 10.75
231 10.8
232 10.8
233 10.9
234 10.9
235 10.95
236 10.95
237 10.95
238 10.95
239 11.0
240 11.0
241 11.1
242 11.1
243 11.15
244 11.2
245 11.3
246 11.35
247 11.35
248 11.35
249 11.35
250 11.35
251 11.35
252 11.35
253 11.35
254 11.45
255 11.45
256 11.45
257 11.5
258 11.5
259 11.5
260 11.5
261 11.55
262 11.65
263 11.65
264 11.7
265 11.7
266 11.8
267 11.95
268 12.05
269 12.05
270 12.1
271 12.2
272 12.2
273 12.2
274 12.35
275 12.4
276 12.4
277 12.5
278 12.6
279 12.6
280 12.75
281 12.8
282 12.9
283 12.95
284 12.95
285 13.0
286 13.0
287 13.0
288 13.0
289 13.0
290 13.0
291 13.0
292 13.0
293 13.0
294 13.0
295 13.0
296 13.05
297 13.05
298 13.05
299 13.05
300 13.05
301 13.15
302 13.15
303 13.15
304 13.2
305 13.25
306 13.4
307 13.5
308 13.55
309 13.55
310 13.6
311 13.75
312 13.75
313 13.75
314 13.75
315 13.75
316 13.75
317 13.8
318 13.9
319 13.9
320 14.05
321 14.2
322 14.2
323 14.2
324 14.2
325 14.2
326 14.2
327 14.2
328 14.2
329 14.2
330 14.2
331 14.25
332 14.25
333 14.25
334 14.25
335 14.25
336 14.25
337 14.4
338 14.4
339 14.4
340 14.4
341 14.4
342 14.45
343 14.45
344 14.45
345 14.55
346 14.55
347 14.55
348 14.55
349 14.55
350 14.8
351 14.85
352 15.1
353 15.35
354 15.4
355 15.6
356 15.6
357 15.65
358 15.7
359 15.7
360 15.7
361 15.8
362 15.9
363 15.9
364 15.95
365 15.95
366 15.95
367 16.35
368 16.35
369 16.35
370 16.35
371 16.45
372 16.55
373 16.55
374 16.55
375 16.75
376 16.8
377 16.8
378 16.8
379 17.05
380 17.25
381 17.3
382 17.35
383 17.35
384 17.55
385 17.55
386 17.55
387 17.55
388 17.65
389 17.65
390 17.65
391 17.7
392 17.7
393 17.7
394 17.7
395 17.7
396 17.8
397 17.85
398 17.95
399 17.95
400 17.95
401 17.95
402 18.05
403 18.15
404 18.15
405 18.2
406 18.2
407 18.2
408 18.2
409 18.25
410 18.25
411 18.3
412 18.3
413 18.4
414 18.45
415 18.45
416 18.5
417 18.5
418 18.5
419 18.5
420 18.5
421 18.6
422 18.7
423 18.7
424 18.75
425 18.75
426 18.9
427 19.0
428 19.05
429 19.1
430 19.1
431 19.1
432 19.1
433 19.1
434 19.1
435 19.1
436 19.15
437 19.15
438 19.15
439 19.35
440 19.55
441 19.7
442 19.7
443 19.7
444 19.7
445 19.7
446 19.7
447 19.7
448 19.7
449 19.7
450 19.75
451 19.85
452 19.85
453 19.85
454 19.85
455 19.85
456 19.9
457 19.95
458 19.95
459 20.0
460 20.0
461 20.05
462 20.2
463 20.25
464 20.3
465 20.3
466 20.35
467 20.35
468 20.45
469 20.6
470 20.75
471 20.85
472 20.9
473 20.9
474 20.9
475 20.9
476 20.9
477 20.9
478 20.9
479 20.95
480 20.95
481 20.95
482 20.95
483 20.95
484 20.95
485 20.95
486 21.0
487 21.0
488 21.0
489 21.3
490 21.4
491 21.4
492 21.4
493 21.45
494 21.45
495 21.55
496 21.55
497 21.55
498 21.55
499 21.55
500 21.55
501 21.65
502 21.65
503 21.65
504 21.65
505 21.7
506 21.7
507 21.85
508 21.85
509 21.85
510 21.85
511 21.85
512 21.9
513 21.9
514 22.0
515 22.0
516 22.0
517 22.1
518 22.25
519 22.25
520 22.3
521 22.3
522 22.35
523 22.35
524 22.35
525 22.35
526 22.4
527 22.5
528 22.5
529 22.5
530 22.5
531 22.5
532 22.5
533 22.55
534 22.7
535 22.7
536 22.7
537 22.7
538 22.7
539 22.75
540 22.9
541 22.9
542 22.9
543 23.1
544 23.2
545 23.2
546 23.2
547 23.2
548 23.25
549 23.25
550 23.25
551 23.3
552 23.3
553 23.3
554 23.35
555 23.35
556 23.45
557 23.65
558 23.65
559 23.65
560 23.8
561 23.8
562 23.8
563 23.8
564 23.8
565 23.95
566 23.95
567 23.95
568 23.95
569 23.95
570 24.0
571 24.0
572 24.0
573 24.2
574 24.2
575 24.25
576 24.25
577 24.3
578 24.3
579 24.35
580 24.35
581 24.35
582 24.35
583 24.35
584 24.35
585 24.35
586 24.9
587 24.9
588 24.95
589 25.0
590 25.0
591 25.2
592 25.2
593 25.2
594 25.25
595 25.25
596 25.3
597 25.4
598 25.4
599 25.4
600 25.4
601 25.5
602 25.55
603 25.6
604 25.7
605 25.7
606 25.75
607 25.75
608 25.8
609 25.8
610 25.9
611 25.9
612 25.9
613 25.9
614 25.9
615 25.9
616 25.9
617 25.9
618 26.15
619 26.35
620 26.35
621 26.35
622 26.35
623 26.35
624 26.45
625 26.45
626 26.45
627 26.45
628 26.45
629 26.5
630 26.5
631 26.65
632 26.65
633 26.65
634 26.7
635 26.75
636 26.75
637 26.75
638 26.9
639 26.9
640 26.95
641 27.0
642 27.1
643 27.1
644 27.1
645 27.1
646 27.1
647 27.15
648 27.15
649 27.2
650 27.2
651 27.2
652 27.2
653 27.2
654 27.25
655 27.45
656 27.5
657 27.5
658 27.5
659 27.5
660 27.5
661 27.55
662 27.55
663 27.7
664 27.7
665 27.7
666 27.7
667 27.7
668 27.75
669 27.8
670 27.8
671 27.85
672 27.9
673 27.95
674 27.95
675 27.95
676 27.95
677 28.05
678 28.15
679 28.15
680 28.15
681 28.15
682 28.2
683 28.2
684 28.3
685 28.5
686 28.5
687 28.5
688 28.5
689 28.6
690 28.6
691 28.6
692 28.65
693 28.65
694 28.75
695 28.8
696 28.85
697 28.85
698 28.85
699 28.95
700 29.0
701 29.0
702 29.0
703 29.1
704 29.15
705 29.2
706 29.35
707 29.35
708 29.35
709 29.35
710 29.35
711 29.35
712 29.5
713 29.5
714 29.6
715 29.6
716 29.6
717 29.65
718 29.65
719 29.65
720 29.65
721 29.7
722 29.7
723 29.7
724 29.75
725 29.75
726 29.8
727 29.8
728 29.8
729 29.85
730 29.85
731 29.85
732 29.85
733 29.85
734 29.85
735 29.85
736 30.0
737 30.0
738 30.1
739 30.1
740 30.1
741 30.15
742 30.15
743 30.15
744 30.2
745 30.3
746 30.35
747 30.35
748 30.45
749 30.55
750 30.6
751 30.6
752 30.7
753 30.75
754 30.75
755 30.8
756 30.8
757 30.8
758 30.8
759 30.8
760 30.85
761 31.15
762 31.15
763 31.2
764 31.2
765 31.25
766 31.25
767 31.3
768 31.3
769 31.4
770 31.6
771 31.6
772 31.65
773 31.7
774 31.7
775 31.7
776 31.75
777 31.75
778 31.75
779 31.85
780 31.9
781 31.9
782 31.9
783 31.95
784 31.95
785 31.95
786 31.95
787 31.95
788 31.95
789 32.05
790 32.1
791 32.1
792 32.15
793 32.15
794 32.15
795 32.2
796 32.25
797 32.25
798 32.3
799 32.3
800 32.3
801 32.3
802 32.3
803 32.35
804 32.45
805 32.5
806 32.5
807 32.65
808 32.65
809 32.65
810 32.7
811 32.75
812 32.8
813 32.85
814 32.95
815 32.95
816 32.95
817 33.0
818 33.0
819 33.1
820 33.1
821 33.15
822 33.2
823 33.2
824 33.25
825 33.25
826 33.35
827 33.35
828 33.4
829 33.45
830 33.45
831 33.45
832 33.5
833 33.5
834 33.5
835 33.5
836 33.55
837 33.55
838 33.6
839 33.6
840 33.6
841 33.7
842 33.7
843 33.7
844 33.7
845 33.75
846 33.9
847 33.9
848 34.0
849 34.15
850 34.15
851 34.2
852 34.2
853 34.2
854 34.2
855 34.35
856 34.35
857 34.35
858 34.35
859 34.35
860 34.35
861 34.35
862 34.35
863 34.35
864 34.35
865 34.35
866 34.35
867 34.35
868 34.35
869 34.35
870 34.35
871 34.35
872 34.4
873 34.5
874 34.6
875 34.65
876 34.65
877 34.65
878 34.7
879 34.8
880 34.8
881 34.9
882 34.95
883 34.95
884 35.05
885 35.05
886 35.1
887 35.15
888 35.2
889 35.4
890 35.45
891 35.45
892 35.45
893 35.45
894 35.45
895 35.45
896 35.45
897 35.5
898 35.55
899 35.55
900 35.55
901 35.65
902 35.75
903 35.8
904 35.8
905 35.8
906 35.8
907 35.8
908 35.8
909 35.9
910 35.95
911 35.95
912 35.95
913 35.95
914 36.0
915 36.0
916 36.0
917 36.0
918 36.0
919 36.0
920 36.0
921 36.15
922 36.15
923 36.15
924 36.15
925 36.3
926 36.3
927 36.3
928 36.3
929 36.35
930 36.35
931 36.4
932 36.5
933 36.55
934 36.6
935 36.65
936 36.7
937 36.8
938 37.05
939 37.05
940 37.05
941 37.1
942 37.1
943 37.15
944 37.2
945 37.2
946 37.2
947 37.3
948 37.45
949 37.5
950 37.7
951 37.7
952 37.7
953 37.75
954 37.75
955 37.75
956 37.75
957 37.75
958 37.75
959 37.75
960 37.75
961 37.75
962 37.75
963 37.75
964 37.75
965 37.8
966 37.8
967 37.8
968 37.9
969 37.9
970 38.25
971 38.3
972 38.3
973 38.3
974 38.3
975 38.3
976 38.3
977 38.35
978 38.35
979 38.35
980 38.35
981 38.4
982 38.4
983 38.4
984 38.5
985 38.65
986 38.65
987 38.65
988 38.7
989 38.7
990 38.75
991 38.85
992 38.85
993 38.9
994 38.9
995 39.05
996 39.2
997 39.2
998 39.2
999 39.2
1000 39.2
1001 39.2
1002 39.2
1003 39.2
1004 39.2
1005 39.25
1006 39.25
1007 39.25
1008 39.25
1009 39.25
1010 39.25
1011 39.25
1012 39.25
1013 39.25
1014 39.3
1015 39.3
1016 39.3
1017 39.4
1018 39.4
1019 39.45
1020 39.45
1021 39.45
1022 39.45
1023 39.5
1024 39.6
1025 39.8
1026 39.8
1027 39.8
1028 39.8
1029 39.95
1030 39.95
1031 39.95
1032 40.0
1033 40.0
1034 40.2
1035 40.2
1036 40.25
1037 40.25
1038 40.25
1039 40.25
1040 40.25
1041 40.35
1042 40.45
1043 40.5
1044 40.5
1045 40.5
1046 40.5
1047 40.55
1048 40.55
1049 40.55
1050 40.6
1051 40.65
1052 40.65
1053 40.65
1054 40.65
1055 40.65
1056 40.75
1057 40.75
1058 40.75
1059 40.8
1060 40.8
1061 40.8
1062 40.8
1063 41.0
1064 41.0
1065 41.05
1066 41.05
1067 41.05
1068 41.05
1069 41.05
1070 41.15
1071 41.15
1072 41.2
1073 41.25
1074 41.25
1075 41.25
1076 41.35
1077 41.35
1078 41.35
1079 41.45
1080 41.5
1081 41.65
1082 41.7
1083 41.8
1084 41.85
1085 41.9
1086 41.9
1087 41.9
1088 41.9
1089 41.9
1090 41.95
1091 42.05
1092 42.05
1093 42.1
1094 42.3
1095 42.3
1096 42.3
1097 42.3
1098 42.3
1099 42.35
1100 42.45
1101 42.45
1102 42.45
1103 42.45
1104 42.5
1105 42.6
1106 42.6
1107 42.6
1108 42.7
1109 42.9
1110 42.95
1111 42.95
1112 43.1
1113 43.15
1114 43.15
1115 43.2
1116 43.2
1117 43.2
1118 43.2
1119 43.4
1120 43.5
1121 43.5
1122 43.6
1123 43.6
1124 43.6
1125 43.6
1126 43.65
1127 43.65
1128 43.65
1129 43.85
1130 43.85
1131 44.05
1132 44.1
1133 44.1
1134 44.1
1135 44.1
1136 44.1
1137 44.1
1138 44.15
1139 44.3
1140 44.35
1141 44.35
1142 44.35
1143 44.35
1144 44.45
1145 44.45
1146 44.5
1147 44.65
1148 44.7
1149 44.7
1150 44.7
1151 44.7
1152 44.7
1153 44.75
1154 44.85
1155 44.85
1156 44.85
1157 44.85
1158 44.85
1159 44.85
1160 44.85
1161 44.85
1162 44.85
1163 44.85
1164 44.85
1165 45.0
1166 45.0
1167 45.0
1168 45.0
1169 45.15
1170 45.15
1171 45.15
1172 45.2
1173 45.25
1174 45.25
1175 45.35
1176 45.35
1177 45.4
1178 45.45
1179 45.45
1180 45.5
1181 45.5
1182 45.5
1183 45.5
1184 45.5
1185 45.6
1186 45.65
1187 45.65
1188 45.65
1189 45.65
1190 45.65
1191 45.65
1192 45.65
1193 46.0
1194 46.0
1195 46.0
1196 46.0
1197 46.0
1198 46.0
1199 46.05
1200 46.1
1201 46.1
1202 46.1
1203 46.1
1204 46.1
1205 46.15
1206 46.15
1207 46.3
1208 46.3
1209 46.3
1210 46.35
1211 46.4
1212 46.4
1213 46.4
1214 46.55
1215 46.75
1216 46.85
1217 46.85
1218 46.9
1219 46.9
1220 46.95
1221 46.95
1222 47.15
1223 47.3
1224 47.3
1225 47.3
1226 47.35
1227 47.4
1228 47.4
1229 47.45
1230 47.5
1231 47.55
1232 47.55
1233 47.55
1234 47.55
1235 47.55
1236 47.55
1237 47.55
1238 47.65
1239 47.65
1240 47.7
1241 47.7
1242 47.9
1243 47.9
1244 47.95
1245 48.05
1246 48.05
1247 48.1
1248 48.2
1249 48.25
1250 48.25
1251 48.25
1252 48.35
1253 48.4
1254 48.4
1255 48.5
1256 48.55
1257 48.6
1258 48.7
1259 48.7
1260 48.7
1261 48.7
1262 48.7
1263 48.7
1264 48.75
1265 48.8
1266 48.9
1267 48.95
1268 49.0
1269 49.1
1270 49.2
1271 49.2
1272 49.2
1273 49.2
1274 49.2
1275 49.2
1276 49.3
1277 49.4
1278 49.4
1279 49.4
1280 49.4
1281 49.4
1282 49.4
1283 49.45
1284 49.45
1285 49.45
1286 49.45
1287 49.5
1288 49.5
1289 49.55
1290 49.55
1291 49.55
1292 49.55
1293 49.65
1294 49.7
1295 49.7
1296 49.7
1297 49.7
1298 49.7
1299 49.7
1300 49.7
1301 49.7
1302 49.75
1303 49.75
1304 49.75
1305 49.75
1306 49.75
1307 49.75
1308 50.0
1309 50.0
1310 50.0
1311 50.0
1312 50.1
1313 50.1
1314 50.15
1315 50.15
1316 50.15
1317 50.15
1318 50.15
1319 50.15
1320 50.15
1321 50.2
1322 50.25
1323 50.25
1324 50.25
1325 50.3
1326 50.35
1327 50.4
1328 50.7
1329 50.75
1330 50.75
1331 50.75
1332 50.75
1333 50.8
1334 50.8
1335 50.8
1336 50.85
1337 50.85
1338 50.95
1339 51.0
1340 51.0
1341 51.0
1342 51.05
1343 51.05
1344 51.05
1345 51.05
1346 51.05
1347 51.15
1348 51.25
1349 51.35
1350 51.4
1351 51.4
1352 51.4
1353 51.4
1354 51.5
1355 51.6
1356 51.6
1357 51.7
1358 51.7
1359 51.75
1360 51.75
1361 51.8
1362 51.8
1363 51.8
1364 51.85
1365 51.9
1366 51.95
1367 51.95
1368 52.0
1369 52.0
1370 52.0
1371 52.0
1372 52.0
1373 52.0
1374 52.1
1375 52.2
1376 52.2
1377 52.2
1378 52.35
1379 52.35
1380 52.35
1381 52.4
1382 52.45
1383 52.6
1384 52.6
1385 52.65
1386 52.65
1387 52.65
1388 52.65
1389 52.7
1390 52.8
1391 52.85
1392 52.85
1393 52.85
1394 52.85
1395 52.9
1396 52.9
1397 52.9
1398 52.9
1399 52.9
1400 52.9
1401 52.9
1402 53.0
1403 53.0
1404 53.05
1405 53.05
1406 53.1
1407 53.2
1408 53.2
1409 53.25
1410 53.4
1411 53.6
1412 53.6
1413 53.65
1414 53.65
1415 53.7
1416 53.75
1417 53.75
1418 53.75
1419 53.85
1420 54.0
1421 54.1
1422 54.2
1423 54.2
1424 54.2
1425 54.2
1426 54.2
1427 54.2
1428 54.2
1429 54.3
1430 54.3
1431 54.3
1432 54.3
1433 54.3
1434 54.35
1435 54.35
1436 54.4
1437 54.45
1438 54.45
1439 54.5
1440 54.5
1441 54.6
1442 54.6
1443 54.6
1444 54.6
1445 54.6
1446 54.6
1447 54.6
1448 54.6
1449 54.6
1450 54.6
1451 54.6
1452 54.6
1453 54.6
1454 54.65
1455 54.75
1456 54.75
1457 54.8
1458 54.85
1459 54.95
1460 55.0
1461 55.05
1462 55.15
1463 55.15
1464 55.25
1465 55.25
1466 55.3
1467 55.3
1468 55.3
1469 55.35
1470 55.4
1471 55.45
1472 55.45
1473 55.45
1474 55.45
1475 55.45
1476 55.45
1477 55.45
1478 55.45
1479 55.55
1480 55.55
1481 55.55
1482 55.55
1483 55.6
1484 55.6
1485 55.7
1486 55.7
1487 55.8
1488 55.8
1489 55.8
1490 55.8
1491 55.8
1492 55.85
1493 55.95
1494 56.1
1495 56.15
1496 56.25
1497 56.25
1498 56.25
1499 56.25
1500 56.25
1501 56.25
1502 56.25
1503 56.25
1504 56.25
1505 56.25
1506 56.3
1507 56.3
1508 56.3
1509 56.4
1510 56.4
1511 56.4
1512 56.4
1513 56.4
1514 56.4
1515 56.4
1516 56.4
1517 56.4
1518 56.4
1519 56.4
1520 56.4
1521 56.4
1522 56.4
1523 56.4
1524 56.4
1525 56.45
1526 56.45
1527 56.45
1528 56.45
1529 56.55
1530 56.55
1531 56.6
1532 56.65
1533 56.65
1534 56.7
1535 56.7
1536 56.85
1537 56.95
1538 56.95
1539 57.05
1540 57.05
1541 57.2
1542 57.2
1543 57.2
1544 57.35
1545 57.35
1546 57.35
1547 57.35
1548 57.4
1549 57.4
1550 57.5
1551 57.5
1552 57.5
1553 57.5
1554 57.65
1555 57.65
1556 57.65
1557 57.65
1558 57.65
1559 57.7
1560 57.7
1561 57.8
1562 57.8
1563 57.8
1564 57.8
1565 57.8
1566 57.8
1567 57.8
1568 57.8
1569 57.8
1570 57.8
1571 57.8
1572 57.8
1573 57.95
1574 58.05
1575 58.1
1576 58.1
1577 58.2
1578 58.25
1579 58.3
1580 58.45
1581 58.45
1582 58.45
1583 58.5
1584 58.55
1585 58.6
1586 58.6
1587 58.6
1588 58.65
1589 58.75
1590 58.75
1591 58.75
1592 58.9
1593 58.95
1594 58.95
1595 58.95
1596 58.95
1597 58.95
1598 58.95
1599 58.95
1600 58.95
1601 58.95
1602 58.95
1603 58.95
1604 59.0
1605 59.0
1606 59.0
1607 59.0
1608 59.05
1609 59.05
1610 59.1
1611 59.1
1612 59.1
1613 59.1
1614 59.1
1615 59.1
1616 59.1
1617 59.15
1618 59.2
1619 59.3
1620 59.3
1621 59.35
1622 59.35
1623 59.35
1624 59.6
1625 59.6
1626 59.6
1627 59.6
1628 59.6
1629 59.65
1630 59.65
1631 59.7
1632 59.75
1633 59.85
1634 59.85
1635 59.9
1636 59.9
1637 59.9
1638 59.9
1639 59.9
1640 59.9
1641 60.0
1642 60.15
1643 60.15
1644 60.25
1645 60.25
1646 60.25
1647 60.25
1648 60.25
1649 60.25
1650 60.25
1651 60.25
1652 60.3
1653 60.3
1654 60.35
1655 60.35
1656 60.35
1657 60.4
1658 60.4
1659 60.4
1660 60.4
1661 60.5
1662 60.5
1663 60.5
1664 60.55
1665 60.6
1666 60.6
1667 60.65
1668 60.65
1669 60.65
1670 60.65
1671 60.65
1672 60.65
1673 60.65
1674 60.65
1675 60.65
1676 60.7
1677 60.8
1678 60.9
1679 60.9
1680 60.95
1681 60.95
1682 61.0
1683 61.0
1684 61.05
1685 61.1
1686 61.1
1687 61.1
1688 61.1
1689 61.1
1690 61.1
1691 61.1
1692 61.1
1693 61.1
1694 61.15
1695 61.15
1696 61.15
1697 61.15
1698 61.25
1699 61.4
1700 61.45
1701 61.45
1702 61.55
1703 61.55
1704 61.55
1705 61.65
1706 61.65
1707 61.65
1708 61.75
1709 61.8
1710 61.8
1711 61.85
1712 61.85
1713 61.9
1714 61.95
1715 61.95
1716 61.95
1717 62.1
1718 62.15
1719 62.15
1720 62.15
1721 62.15
1722 62.15
1723 62.2
1724 62.2
1725 62.2
1726 62.3
1727 62.3
1728 62.3
1729 62.3
1730 62.3
1731 62.35
1732 62.45
1733 62.45
1734 62.55
1735 62.55
1736 62.6
1737 62.6
1738 62.6
1739 62.65
1740 62.8
1741 62.9
1742 62.9
1743 62.9
1744 62.95
1745 62.95
1746 63.0
1747 63.05
1748 63.05
1749 63.05
1750 63.1
1751 63.15
1752 63.4
1753 63.5
1754 63.5
1755 63.5
1756 63.5
1757 63.5
1758 63.5
1759 63.6
1760 63.6
1761 63.6
1762 63.6
1763 63.65
1764 63.65
1765 63.75
1766 63.8
1767 63.85
1768 63.85
1769 63.85
1770 63.9
1771 64.1
1772 64.15
1773 64.15
1774 64.2
1775 64.2
1776 64.2
1777 64.3
1778 64.35
1779 64.35
1780 64.35
1781 64.35
1782 64.5
1783 64.5
1784 64.5
1785 64.5
1786 64.55
1787 64.55
1788 64.55
1789 64.55
1790 64.55
1791 64.55
1792 64.55
1793 64.65
1794 64.65
1795 64.65
1796 64.65
1797 64.7
1798 64.7
1799 64.7
1800 64.7
1801 64.8
1802 64.8
1803 64.85
1804 64.85
1805 64.85
1806 65.0
1807 65.1
1808 65.1
1809 65.15
1810 65.2
1811 65.2
1812 65.2
1813 65.3
1814 65.35
1815 65.35
1816 65.35
1817 65.35
1818 65.35
1819 65.35
1820 65.6
1821 65.65
1822 65.8
1823 65.8
1824 65.85
1825 65.85
1826 65.85
1827 65.85
1828 65.85
1829 65.85
1830 65.85
1831 65.85
1832 65.95
1833 65.95
1834 66.0
1835 66.0
1836 66.0
1837 66.0
1838 66.05
1839 66.05
1840 66.1
1841 66.1
1842 66.1
1843 66.1
1844 66.1
1845 66.15
1846 66.15
1847 66.15
1848 66.15
1849 66.15
1850 66.25
1851 66.3
1852 66.3
1853 66.3
1854 66.35
1855 66.35
1856 66.4
1857 66.4
1858 66.45
1859 66.7
1860 66.7
1861 66.7
1862 66.8
1863 66.95
1864 66.95
1865 67.05
1866 67.05
1867 67.05
1868 67.05
1869 67.05
1870 67.05
1871 67.05
1872 67.1
1873 67.25
1874 67.4
1875 67.4
1876 67.4
1877 67.4
1878 67.4
1879 67.4
1880 67.5
1881 67.5
1882 67.5
1883 67.65
1884 67.65
1885 67.7
1886 67.7
1887 67.75
1888 67.75
1889 67.75
1890 67.8
1891 67.8
1892 67.8
1893 67.8
1894 67.9
1895 67.9
1896 67.9
1897 67.9
1898 67.9
1899 67.9
1900 67.95
1901 68.0
1902 68.0
1903 68.0
1904 68.05
1905 68.1
1906 68.1
1907 68.1
1908 68.1
1909 68.15
1910 68.15
1911 68.15
1912 68.15
1913 68.15
1914 68.15
1915 68.25
1916 68.25
1917 68.25
1918 68.3
1919 68.35
1920 68.35
1921 68.35
1922 68.35
1923 68.35
1924 68.35
1925 68.35
1926 68.4
1927 68.45
1928 68.45
1929 68.5
1930 68.5
1931 68.55
1932 68.55
1933 68.55
1934 68.55
1935 68.55
1936 68.6
1937 68.65
1938 68.7
1939 68.7
1940 68.7
1941 68.7
1942 68.75
1943 68.75
1944 68.75
1945 68.75
1946 68.85
1947 68.85
1948 68.85
1949 68.85
1950 68.85
1951 68.9
1952 68.9
1953 68.9
1954 68.9
1955 69.0
1956 69.0
1957 69.0
1958 69.0
1959 69.0
1960 69.0
1961 69.0
1962 69.1
1963 69.15
1964 69.25
1965 69.3
1966 69.3
1967 69.3
1968 69.3
1969 69.35
1970 69.35
1971 69.45
1972 69.45
1973 69.45
1974 69.5
1975 69.5
1976 69.6
1977 69.6
1978 69.6
1979 69.7
1980 69.75
1981 69.75
1982 69.75
1983 69.75
1984 69.75
1985 69.8
1986 69.9
1987 69.9
1988 70.1
1989 70.15
1990 70.2
1991 70.2
1992 70.2
1993 70.25
1994 70.25
1995 70.3
1996 70.35
1997 70.35
1998 70.35
1999 70.35
2000 70.35
2001 70.35
2002 70.35
2003 70.35
2004 70.45
2005 70.55
2006 70.55
2007 70.6
2008 70.6
2009 70.65
2010 70.65
2011 70.65
2012 70.7
2013 70.75
2014 70.8
2015 70.8
2016 70.8
2017 70.8
2018 70.85
2019 70.85
2020 70.85
2021 70.95
2022 70.95
2023 70.95
2024 70.95
2025 71.05
2026 71.05
2027 71.05
2028 71.15
2029 71.15
2030 71.15
2031 71.2
2032 71.25
2033 71.35
2034 71.35
2035 71.35
2036 71.35
2037 71.35
2038 71.45
2039 71.55
2040 71.65
2041 71.65
2042 71.65
2043 71.7
2044 71.7
2045 71.7
2046 71.7
2047 71.7
2048 71.7
2049 71.7
2050 71.75
2051 71.75
2052 71.75
2053 71.8
2054 71.8
2055 71.8
2056 71.85
2057 71.85
2058 71.9
2059 71.9
2060 72.0
2061 72.0
2062 72.0
2063 72.0
2064 72.0
2065 72.35
2066 72.35
2067 72.35
2068 72.4
2069 72.4
2070 72.4
2071 72.5
2072 72.55
2073 72.65
2074 72.75
2075 72.75
2076 72.75
2077 72.75
2078 72.75
2079 72.85
2080 72.85
2081 72.85
2082 72.85
2083 72.85
2084 72.85
2085 72.85
2086 72.85
2087 72.95
2088 73.0
2089 73.0
2090 73.0
2091 73.0
2092 73.0
2093 73.0
2094 73.0
2095 73.0
2096 73.1
2097 73.1
2098 73.1
2099 73.1
2100 73.1
2101 73.1
2102 73.25
2103 73.25
2104 73.25
2105 73.25
2106 73.25
2107 73.25
2108 73.25
2109 73.25
2110 73.45
2111 73.45
2112 73.45
2113 73.45
2114 73.55
2115 73.6
2116 73.7
2117 73.85
2118 73.85
2119 73.85
2120 73.85
2121 73.9
2122 74.0
2123 74.05
2124 74.05
2125 74.05
2126 74.05
2127 74.05
2128 74.2
2129 74.2
2130 74.25
2131 74.35
2132 74.4
2133 74.4
2134 74.4
2135 74.4
2136 74.4
2137 74.4
2138 74.4
2139 74.45
2140 74.45
2141 74.5
2142 74.5
2143 74.5
2144 74.5
2145 74.5
2146 74.5
2147 74.6
2148 74.6
2149 74.6
2150 74.7
2151 74.75
2152 74.75
2153 74.8
2154 74.8
2155 74.85
2156 75.0
2157 75.05
2158 75.1
2159 75.1
2160 75.1
2161 75.25
2162 75.3
2163 75.3
2164 75.3
2165 75.35
2166 75.35
2167 75.35
2168 75.35
2169 75.35
2170 75.35
2171 75.35
2172 75.35
2173 75.45
2174 75.5
2175 75.5
2176 75.5
2177 75.5
2178 75.5
2179 75.5
2180 75.55
2181 75.55
2182 75.55
2183 75.55
2184 75.65
2185 75.65
2186 75.65
2187 75.65
2188 75.65
2189 75.65
2190 75.65
2191 75.65
2192 75.65
2193 75.65
2194 75.65
2195 75.75
2196 75.85
2197 75.85
2198 75.9
2199 75.9
2200 75.9
2201 75.9
2202 75.9
2203 75.9
2204 75.9
2205 75.95
2206 76.05
2207 76.15
2208 76.15
2209 76.15
2210 76.15
2211 76.25
2212 76.25
2213 76.25
2214 76.3
2215 76.3
2216 76.45
2217 76.45
2218 76.55
2219 76.55
2220 76.55
2221 76.55
2222 76.55
2223 76.55
2224 76.55
2225 76.55
2226 76.55
2227 76.55
2228 76.55
2229 76.55
2230 76.6
2231 76.7
2232 76.8
2233 76.8
2234 76.8
2235 76.8
2236 76.8
2237 76.8
2238 76.85
2239 76.85
2240 76.85
2241 77.1
2242 77.1
2243 77.15
2244 77.15
2245 77.15
2246 77.15
2247 77.2
2248 77.2
2249 77.25
2250 77.25
2251 77.25
2252 77.25
2253 77.25
2254 77.3
2255 77.3
2256 77.3
2257 77.3
2258 77.35
2259 77.35
2260 77.35
2261 77.35
2262 77.35
2263 77.35
2264 77.35
2265 77.35
2266 77.4
2267 77.4
2268 77.45
2269 77.45
2270 77.55
2271 77.55
2272 77.65
2273 77.65
2274 77.65
2275 77.65
2276 77.65
2277 77.65
2278 77.65
2279 77.7
2280 77.7
2281 77.75
2282 77.75
2283 77.75
2284 77.8
2285 77.8
2286 77.8
2287 77.9
2288 77.95
2289 77.95
2290 78.0
2291 78.0
2292 78.0
2293 78.05
2294 78.1
2295 78.1
2296 78.25
2297 78.3
2298 78.35
2299 78.4
2300 78.4
2301 78.4
2302 78.5
2303 78.55
2304 78.55
2305 78.55
2306 78.6
2307 78.75
2308 78.75
2309 78.75
2310 78.75
2311 78.75
2312 78.8
2313 78.8
2314 78.8
2315 78.8
2316 78.8
2317 78.9
2318 78.9
2319 78.9
2320 78.9
2321 78.9
2322 78.9
2323 78.9
2324 78.95
2325 78.95
2326 79.0
2327 79.0
2328 79.0
2329 79.0
2330 79.0
2331 79.0
2332 79.05
2333 79.05
2334 79.1
2335 79.15
2336 79.15
2337 79.15
2338 79.15
2339 79.15
2340 79.2
2341 79.2
2342 79.3
2343 79.3
2344 79.3
2345 79.3
2346 79.35
2347 79.35
2348 79.45
2349 79.45
2350 79.45
2351 79.55
2352 79.55
2353 79.6
2354 79.65
2355 79.65
2356 79.7
2357 79.7
2358 79.7
2359 79.75
2360 79.75
2361 79.75
2362 79.75
2363 79.75
2364 79.75
2365 79.75
2366 79.85
2367 79.85
2368 79.85
2369 79.85
2370 79.85
2371 79.85
2372 79.9
2373 80.0
2374 80.0
2375 80.0
2376 80.0
2377 80.05
2378 80.05
2379 80.05
2380 80.1
2381 80.2
2382 80.2
2383 80.25
2384 80.3
2385 80.3
2386 80.3
2387 80.3
2388 80.3
2389 80.3
2390 80.3
2391 80.5
2392 80.55
2393 80.65
2394 80.65
2395 80.65
2396 80.65
2397 80.65
2398 80.65
2399 80.65
2400 80.65
2401 80.8
2402 80.8
2403 80.95
2404 81.05
2405 81.05
2406 81.05
2407 81.3
2408 81.3
2409 81.4
2410 81.4
2411 81.4
2412 81.4
2413 81.4
2414 81.4
2415 81.4
2416 81.4
2417 81.4
2418 81.4
2419 81.4
2420 81.4
2421 81.5
2422 81.5
2423 81.5
2424 81.6
2425 81.6
2426 81.6
2427 81.65
2428 81.65
2429 81.65
2430 81.65
2431 81.7
2432 81.7
2433 81.75
2434 81.75
2435 81.9
2436 81.9
2437 81.9
2438 81.9
2439 81.9
2440 82.0
2441 82.05
2442 82.05
2443 82.05
2444 82.05
2445 82.05
2446 82.1
2447 82.1
2448 82.1
2449 82.1
2450 82.1
2451 82.1
2452 82.1
2453 82.1
2454 82.1
2455 82.15
2456 82.15
2457 82.2
2458 82.4
2459 82.45
2460 82.5
2461 82.5
2462 82.55
2463 82.6
2464 82.65
2465 82.65
2466 82.65
2467 82.65
2468 82.65
2469 82.65
2470 82.65
2471 82.65
2472 82.65
2473 82.65
2474 82.8
2475 82.85
2476 82.9
2477 82.95
2478 83.0
2479 83.0
2480 83.15
2481 83.15
2482 83.25
2483 83.25
2484 83.3
2485 83.35
2486 83.35
2487 83.4
2488 83.4
2489 83.4
2490 83.4
2491 83.4
2492 83.45
2493 83.45
2494 83.45
2495 83.45
2496 83.5
2497 83.5
2498 83.5
2499 83.5
2500 83.6
2501 83.65
2502 83.75
2503 83.85
2504 83.85
2505 83.85
2506 83.9
2507 83.9
2508 83.9
2509 83.9
2510 83.95
2511 83.95
2512 83.95
2513 84.0
2514 84.0
2515 84.0
2516 84.05
2517 84.05
2518 84.05
2519 84.15
2520 84.15
2521 84.25
2522 84.25
2523 84.25
2524 84.25
2525 84.25
2526 84.25
2527 84.25
2528 84.25
2529 84.25
2530 84.25
2531 84.25
2532 84.25
2533 84.25
2534 84.25
2535 84.45
2536 84.5
2537 84.5
2538 84.65
2539 84.65
2540 84.65
2541 84.75
2542 84.75
2543 84.75
2544 84.75
2545 84.8
2546 84.8
2547 84.8
2548 84.8
2549 84.9
2550 85.0
2551 85.0
2552 85.1
2553 85.1
2554 85.2
2555 85.25
2556 85.3
2557 85.3
2558 85.3
2559 85.35
2560 85.35
2561 85.4
2562 85.45
2563 85.45
2564 85.6
2565 85.6
2566 85.7
2567 85.75
2568 85.75
2569 85.75
2570 85.85
2571 85.95
2572 86.05
2573 86.1
2574 86.1
2575 86.1
2576 86.1
2577 86.1
2578 86.1
2579 86.1
2580 86.1
2581 86.1
2582 86.1
2583 86.1
2584 86.2
2585 86.2
2586 86.2
2587 86.2
2588 86.2
2589 86.2
2590 86.25
2591 86.25
2592 86.3
2593 86.3
2594 86.3
2595 86.3
2596 86.35
2597 86.35
2598 86.35
2599 86.35
2600 86.35
2601 86.35
2602 86.35
2603 86.35
2604 86.4
2605 86.4
2606 86.45
2607 86.45
2608 86.45
2609 86.55
2610 86.55
2611 86.55
2612 86.6
2613 86.6
2614 86.65
2615 86.65
2616 86.8
2617 86.95
2618 87.0
2619 87.0
2620 87.0
2621 87.05
2622 87.05
2623 87.1
2624 87.1
2625 87.1
2626 87.1
2627 87.25
2628 87.25
2629 87.25
2630 87.25
2631 87.25
2632 87.25
2633 87.3
2634 87.4
2635 87.4
2636 87.45
2637 87.45
2638 87.5
2639 87.5
2640 87.5
2641 87.5
2642 87.5
2643 87.6
2644 87.6
2645 87.6
2646 87.6
2647 87.6
2648 87.6
2649 87.7
2650 87.7
2651 87.7
2652 87.7
2653 87.75
2654 87.75
2655 87.75
2656 87.8
2657 87.8
2658 87.85
2659 87.85
2660 87.85
2661 87.85
2662 87.85
2663 87.85
2664 87.9
2665 87.9
2666 87.9
2667 87.9
2668 87.95
2669 87.95
2670 87.95
2671 87.95
2672 87.95
2673 87.95
2674 87.95
2675 87.95
2676 87.95
2677 87.95
2678 88.0
2679 88.0
2680 88.05
2681 88.1
2682 88.1
2683 88.1
2684 88.1
2685 88.1
2686 88.2
2687 88.25
2688 88.25
2689 88.25
2690 88.25
2691 88.35
2692 88.5
2693 88.5
2694 88.5
2695 88.5
2696 88.5
2697 88.7
2698 88.75
2699 88.75
2700 88.75
2701 88.9
2702 88.95
2703 88.95
2704 88.95
2705 88.95
2706 88.95
2707 88.95
2708 88.95
2709 88.95
2710 88.95
2711 88.95
2712 89.0
2713 89.0
2714 89.1
2715 89.1
2716 89.15
2717 89.15
2718 89.15
2719 89.15
2720 89.15
2721 89.2
2722 89.2
2723 89.2
2724 89.25
2725 89.25
2726 89.25
2727 89.25
2728 89.35
2729 89.4
2730 89.45
2731 89.45
2732 89.45
2733 89.5
2734 89.6
2735 89.65
2736 89.65
2737 89.7
2738 89.7
2739 89.7
2740 89.7
2741 89.7
2742 89.7
2743 89.7
2744 89.7
2745 89.7
2746 89.8
2747 89.8
2748 89.9
2749 89.9
2750 89.9
2751 89.9
2752 89.9
2753 89.95
2754 89.95
2755 89.95
2756 89.95
2757 89.95
2758 89.95
2759 90.0
2760 90.05
2761 90.05
2762 90.1
2763 90.1
2764 90.1
2765 90.1
2766 90.1
2767 90.1
2768 90.1
2769 90.15
2770 90.15
2771 90.15
2772 90.15
2773 90.15
2774 90.15
2775 90.15
2776 90.25
2777 90.35
2778 90.35
2779 90.35
2780 90.35
2781 90.35
2782 90.35
2783 90.35
2784 90.35
2785 90.35
2786 90.45
2787 90.6
2788 90.6
2789 90.6
2790 90.65
2791 90.65
2792 90.65
2793 90.65
2794 90.65
2795 90.65
2796 90.75
2797 90.75
2798 90.8
2799 90.8
2800 90.85
2801 90.85
2802 90.85
2803 90.85
2804 90.85
2805 90.85
2806 90.9
2807 90.95
2808 90.95
2809 91.1
2810 91.1
2811 91.15
2812 91.15
2813 91.15
2814 91.2
2815 91.25
2816 91.3
2817 91.35
2818 91.4
2819 91.45
2820 91.45
2821 91.45
2822 91.45
2823 91.5
2824 91.55
2825 91.55
2826 91.6
2827 91.6
2828 91.6
2829 91.6
2830 91.6
2831 91.6
2832 91.6
2833 91.6
2834 91.6
2835 91.6
2836 91.6
2837 91.6
2838 91.6
2839 91.6
2840 91.75
2841 91.8
2842 91.8
2843 91.8
2844 91.85
2845 91.85
2846 91.85
2847 91.85
2848 91.85
2849 91.85
2850 91.85
2851 91.85
2852 91.85
2853 91.85
2854 91.85
2855 91.95
2856 91.95
2857 91.95
2858 91.95
2859 91.95
2860 91.95
2861 92.0
2862 92.15
2863 92.2
2864 92.2
2865 92.2
2866 92.2
2867 92.2
2868 92.2
2869 92.2
2870 92.2
2871 92.2
2872 92.3
2873 92.35
2874 92.35
2875 92.45
2876 92.45
2877 92.45
2878 92.55
2879 92.55
2880 92.6
2881 92.6
2882 92.65
2883 92.65
2884 92.65
2885 92.7
2886 92.7
2887 92.7
2888 92.7
2889 92.75
2890 92.75
2891 92.8
2892 92.8
2893 92.8
2894 92.8
2895 92.8
2896 92.8
2897 92.8
2898 92.8
2899 92.8
2900 92.85
2901 92.85
2902 92.85
2903 92.85
2904 92.85
2905 92.85
2906 92.85
2907 92.85
2908 92.95
2909 92.95
2910 92.95
2911 92.95
2912 92.95
2913 92.95
2914 92.95
2915 93.0
2916 93.1
2917 93.1
2918 93.1
2919 93.1
2920 93.1
2921 93.15
2922 93.15
2923 93.15
2924 93.15
2925 93.15
2926 93.3
2927 93.35
2928 93.35
2929 93.5
2930 93.55
2931 93.55
2932 93.55
2933 93.6
2934 93.6
2935 93.6
2936 93.6
2937 93.65
2938 93.65
2939 93.8
2940 93.8
2941 93.8
2942 93.85
2943 93.85
2944 93.85
2945 93.85
2946 93.85
2947 93.85
2948 93.9
2949 93.9
2950 93.9
2951 93.9
2952 93.95
2953 93.95
2954 93.95
2955 93.95
2956 93.95
2957 93.95
2958 94.1
2959 94.1
2960 94.1
2961 94.2
2962 94.2
2963 94.2
2964 94.2
2965 94.2
2966 94.2
2967 94.2
2968 94.25
2969 94.25
2970 94.25
2971 94.25
2972 94.3
2973 94.35
2974 94.35
2975 94.35
2976 94.35
2977 94.4
2978 94.4
2979 94.5
2980 94.6
2981 94.65
2982 94.7
2983 94.7
2984 94.8
2985 94.8
2986 94.8
2987 94.8
2988 94.8
2989 94.8
2990 94.8
2991 94.8
2992 94.8
2993 95.0
2994 95.15
2995 95.25
2996 95.25
2997 95.25
2998 95.25
2999 95.25
3000 95.25
3001 95.25
3002 95.25
3003 95.25
3004 95.25
3005 95.35
3006 95.55
3007 95.6
3008 95.6
3009 95.6
3010 95.6
3011 95.6
3012 95.65
3013 95.65
3014 95.65
3015 95.65
3016 95.65
3017 95.7
3018 95.75
3019 95.75
3020 95.75
3021 95.75
3022 95.75
3023 95.9
3024 95.9
3025 95.9
3026 95.9
3027 95.95
3028 95.95
3029 95.95
3030 96.0
3031 96.0
3032 96.0
3033 96.05
3034 96.15
3035 96.2
3036 96.2
3037 96.25
3038 96.25
3039 96.25
3040 96.25
3041 96.25
3042 96.35
3043 96.35
3044 96.35
3045 96.35
3046 96.35
3047 96.35
3048 96.35
3049 96.4
3050 96.4
3051 96.4
3052 96.4
3053 96.4
3054 96.45
3055 96.45
3056 96.45
3057 96.5
3058 96.5
3059 96.5
3060 96.55
3061 96.55
3062 96.55
3063 96.55
3064 96.55
3065 96.55
3066 96.55
3067 96.6
3068 96.65
3069 96.65
3070 96.65
3071 96.65
3072 96.65
3073 96.65
3074 96.65
3075 96.65
3076 96.8
3077 96.8
3078 96.8
3079 96.8
3080 96.85
3081 96.85
3082 96.85
3083 96.95
3084 96.95
3085 96.95
3086 96.95
3087 96.95
3088 96.95
3089 97.0
3090 97.0
3091 97.05
3092 97.05
3093 97.05
3094 97.05
3095 97.05
3096 97.1
3097 97.1
3098 97.1
3099 97.1
3100 97.1
3101 97.25
3102 97.3
3103 97.3
3104 97.3
3105 97.35
3106 97.35
3107 97.45
3108 97.5
3109 97.55
3110 97.55
3111 97.55
3112 97.55
3113 97.55
3114 97.55
3115 97.55
3116 97.55
3117 97.55
3118 97.55
3119 97.6
3120 97.7
3121 97.85
3122 97.95
3123 97.95
3124 97.95
3125 97.95
3126 97.95
3127 97.95
3128 97.95
3129 98.05
3130 98.05
3131 98.05
3132 98.05
3133 98.05
3134 98.05
3135 98.05
3136 98.05
3137 98.05
3138 98.05
3139 98.05
3140 98.4
3141 98.45
3142 98.55
3143 98.55
3144 98.55
3145 98.55
3146 98.6
3147 98.6
3148 98.6
3149 98.6
3150 98.65
3151 98.65
3152 98.75
3153 98.8
3154 98.8
3155 98.85
3156 98.9
3157 98.9
3158 98.9
3159 98.95
3160 99.05
3161 99.05
3162 99.05
3163 99.05
3164 99.1
3165 99.1
3166 99.1
3167 99.1
3168 99.15
3169 99.15
3170 99.15
3171 99.15
3172 99.15
3173 99.15
3174 99.15
3175 99.15
3176 99.15
3177 99.25
3178 99.25
3179 99.25
3180 99.25
3181 99.25
3182 99.25
3183 99.25
3184 99.3
3185 99.35
3186 99.35
3187 99.35
3188 99.5
3189 99.5
3190 99.55
3191 99.55
3192 99.65
3193 99.65
3194 99.65
3195 99.65
3196 99.65
3197 99.65
3198 99.7
3199 99.7
3200 99.7
3201 99.7
3202 99.75
3203 99.8
3204 99.9
3205 99.9
3206 99.9
3207 99.95
3208 99.95
3209 99.95
3210 100.1
3211 100.1
3212 100.1
3213 100.2
3214 100.2
3215 100.25
3216 100.25
3217 100.25
3218 100.25
3219 100.25
3220 100.25
3221 100.25
3222 100.25
3223 100.25
3224 100.25
3225 100.25
3226 100.25
3227 100.35
3228 100.35
3229 100.45
3230 100.45
3231 100.45
3232 100.5
3233 100.5
3234 100.5
3235 100.5
3236 100.5
3237 100.5
3238 100.55
3239 100.55
3240 100.6
3241 100.6
3242 100.6
3243 100.6
3244 100.6
3245 100.6
3246 100.65
3247 100.7
3248 100.7
3249 100.7
3250 100.7
3251 100.7
3252 100.7
3253 100.7
3254 100.75
3255 100.8
3256 100.8
3257 100.85
3258 100.85
3259 100.85
3260 100.9
3261 100.9
3262 100.9
3263 100.9
3264 100.95
3265 100.95
3266 100.95
3267 100.95
3268 101.1
3269 101.25
3270 101.3
3271 101.3
3272 101.3
3273 101.3
3274 101.4
3275 101.4
3276 101.45
3277 101.45
3278 101.45
3279 101.45
3280 101.45
3281 101.5
3282 101.5
3283 101.55
3284 101.55
3285 101.55
3286 101.55
3287 101.55
3288 101.55
3289 101.6
3290 101.6
3291 101.65
3292 101.65
3293 101.7
3294 101.7
3295 101.7
3296 101.8
3297 101.8
3298 101.85
3299 102.05
3300 102.05
3301 102.05
3302 102.05
3303 102.05
3304 102.05
3305 102.05
3306 102.05
3307 102.05
3308 102.05
3309 102.1
3310 102.1
3311 102.1
3312 102.1
3313 102.1
3314 102.1
3315 102.15
3316 102.15
3317 102.15
3318 102.15
3319 102.15
3320 102.15
3321 102.15
3322 102.15
3323 102.15
3324 102.25
3325 102.25
3326 102.3
3327 102.35
3328 102.4
3329 102.45
3330 102.45
3331 102.5
3332 102.5
3333 102.5
3334 102.5
3335 102.5
3336 102.5
3337 102.5
3338 102.55
3339 102.55
3340 102.55
3341 102.55
3342 102.6
3343 102.6
3344 102.7
3345 102.7
3346 102.75
3347 102.75
3348 102.75
3349 102.75
3350 103.0
3351 103.0
3352 103.0
3353 103.1
3354 103.1
3355 103.1
3356 103.15
3357 103.15
3358 103.2
3359 103.2
3360 103.3
3361 103.3
3362 103.3
3363 103.3
3364 103.3
3365 103.35
3366 103.35
3367 103.35
3368 103.35
3369 103.35
3370 103.4
3371 103.4
3372 103.5
3373 103.5
3374 103.5
3375 103.5
3376 103.5
3377 103.55
3378 103.55
3379 103.55
3380 103.65
3381 103.65
3382 103.65
3383 103.65
3384 103.65
3385 103.75
3386 103.75
3387 103.8
3388 103.8
3389 103.8
3390 103.8
3391 103.85
3392 103.85
3393 103.9
3394 103.9
3395 103.9
3396 103.95
3397 103.95
3398 103.95
3399 103.95
3400 103.95
3401 103.95
3402 103.95
3403 103.95
3404 104.0
3405 104.0
3406 104.1
3407 104.1
3408 104.1
3409 104.1
3410 104.1
3411 104.2
3412 104.2
3413 104.2
3414 104.2
3415 104.2
3416 104.3
3417 104.4
3418 104.4
3419 104.45
3420 104.5
3421 104.5
3422 104.5
3423 104.5
3424 104.6
3425 104.65
3426 104.65
3427 104.65
3428 104.65
3429 104.65
3430 104.75
3431 104.75
3432 104.8
3433 104.8
3434 104.8
3435 104.8
3436 104.8
3437 104.8
3438 104.8
3439 104.8
3440 104.8
3441 104.8
3442 104.85
3443 104.9
3444 104.9
3445 104.95
3446 104.95
3447 104.95
3448 104.95
3449 104.95
3450 104.95
3451 104.95
3452 104.95
3453 104.95
3454 105.15
3455 105.15
3456 105.15
3457 105.15
3458 105.2
3459 105.2
3460 105.2
3461 105.2
3462 105.25
3463 105.25
3464 105.25
3465 105.25
3466 105.25
3467 105.25
3468 105.3
3469 105.3
3470 105.3
3471 105.35
3472 105.4
3473 105.4
3474 105.4
3475 105.4
3476 105.4
3477 105.4
3478 105.4
3479 105.4
3480 105.4
3481 105.45
3482 105.45
3483 105.45
3484 105.45
3485 105.5
3486 105.5
3487 105.5
3488 105.5
3489 105.5
3490 105.5
3491 105.5
3492 105.55
3493 105.6
3494 105.6
3495 105.6
3496 105.65
3497 105.65
3498 105.65
3499 105.65
3500 105.65
3501 105.75
3502 105.8
3503 105.8
3504 105.85
3505 105.85
3506 105.85
3507 105.9
3508 105.9
3509 105.9
3510 105.9
3511 105.9
3512 106.0
3513 106.0
3514 106.0
3515 106.0
3516 106.0
3517 106.0
3518 106.0
3519 106.0
3520 106.0
3521 106.05
3522 106.1
3523 106.2
3524 106.25
3525 106.25
3526 106.25
3527 106.3
3528 106.3
3529 106.35
3530 106.4
3531 106.5
3532 106.5
3533 106.5
3534 106.5
3535 106.55
3536 106.55
3537 106.55
3538 106.6
3539 106.6
3540 106.65
3541 106.7
3542 106.7
3543 106.7
3544 106.7
3545 106.7
3546 106.75
3547 106.75
3548 106.8
3549 106.8
3550 106.85
3551 107.1
3552 107.1
3553 107.1
3554 107.1
3555 107.1
3556 107.1
3557 107.1
3558 107.1
3559 107.1
3560 107.1
3561 107.1
3562 107.1
3563 107.25
3564 107.25
3565 107.25
3566 107.25
3567 107.25
3568 107.25
3569 107.3
3570 107.35
3571 107.35
3572 107.35
3573 107.35
3574 107.4
3575 107.4
3576 107.4
3577 107.4
3578 107.5
3579 107.5
3580 107.5
3581 107.5
3582 107.5
3583 107.55
3584 107.55
3585 107.55
3586 107.55
3587 107.6
3588 107.6
3589 107.65
3590 107.65
3591 107.7
3592 107.7
3593 107.75
3594 107.8
3595 107.8
3596 107.8
3597 107.85
3598 107.85
3599 107.9
3600 107.9
3601 107.9
3602 107.9
3603 107.9
3604 108.0
3605 108.0
3606 108.0
3607 108.0
3608 108.0
3609 108.0
3610 108.0
3611 108.0
3612 108.0
3613 108.0
3614 108.0
3615 108.0
3616 108.05
3617 108.15
3618 108.15
3619 108.15
3620 108.15
3621 108.15
3622 108.15
3623 108.15
3624 108.15
3625 108.15
3626 108.15
3627 108.3
3628 108.3
3629 108.3
3630 108.3
3631 108.3
3632 108.3
3633 108.4
3634 108.4
3635 108.6
3636 108.65
3637 108.65
3638 108.7
3639 108.7
3640 108.7
3641 108.7
3642 108.75
3643 108.75
3644 108.8
3645 108.8
3646 108.8
3647 108.8
3648 108.8
3649 108.8
3650 108.8
3651 108.8
3652 108.8
3653 108.8
3654 108.9
3655 108.9
3656 108.9
3657 108.9
3658 108.95
3659 109.05
3660 109.05
3661 109.05
3662 109.1
3663 109.1
3664 109.1
3665 109.1
3666 109.1
3667 109.15
3668 109.15
3669 109.2
3670 109.2
3671 109.2
3672 109.2
3673 109.25
3674 109.25
3675 109.25
3676 109.25
3677 109.25
3678 109.25
3679 109.3
3680 109.35
3681 109.35
3682 109.35
3683 109.35
3684 109.4
3685 109.4
3686 109.4
3687 109.4
3688 109.5
3689 109.55
3690 109.55
3691 109.55
3692 109.55
3693 109.55
3694 109.55
3695 109.55
3696 109.55
3697 109.65
3698 109.65
3699 109.7
3700 109.7
3701 109.75
3702 109.75
3703 109.75
3704 109.75
3705 109.75
3706 109.85
3707 109.85
3708 109.9
3709 109.9
3710 109.9
3711 110.0
3712 110.0
3713 110.0
3714 110.05
3715 110.05
3716 110.15
3717 110.15
3718 110.15
3719 110.2
3720 110.2
3721 110.2
3722 110.2
3723 110.2
3724 110.4
3725 110.4
3726 110.45
3727 110.45
3728 110.45
3729 110.45
3730 110.45
3731 110.5
3732 110.5
3733 110.5
3734 110.5
3735 110.5
3736 110.55
3737 110.55
3738 110.55
3739 110.6
3740 110.6
3741 110.6
3742 110.65
3743 110.65
3744 110.7
3745 110.7
3746 110.7
3747 110.7
3748 110.7
3749 110.7
3750 110.7
3751 110.7
3752 110.7
3753 110.7
3754 110.7
3755 110.7
3756 110.8
3757 110.85
3758 110.85
3759 110.85
3760 110.85
3761 110.9
3762 110.9
3763 110.9
3764 110.9
3765 110.9
3766 110.95
3767 110.95
3768 110.95
3769 111.0
3770 111.05
3771 111.1
3772 111.1
3773 111.1
3774 111.15
3775 111.15
3776 111.2
3777 111.2
3778 111.2
3779 111.2
3780 111.25
3781 111.3
3782 111.3
3783 111.35
3784 111.35
3785 111.4
3786 111.4
3787 111.4
3788 111.4
3789 111.4
3790 111.45
3791 111.45
3792 111.6
3793 111.65
3794 111.65
3795 111.65
3796 111.65
3797 111.65
3798 111.65
3799 111.65
3800 111.7
3801 111.75
3802 111.75
3803 111.75
3804 111.75
3805 111.75
3806 111.75
3807 111.75
3808 111.8
3809 111.95
3810 111.95
3811 111.95
3812 112.0
3813 112.0
3814 112.0
3815 112.0
3816 112.0
3817 112.0
3818 112.05
3819 112.05
3820 112.05
3821 112.05
3822 112.05
3823 112.05
3824 112.05
3825 112.05
3826 112.05
3827 112.05
3828 112.1
3829 112.2
3830 112.2
3831 112.2
3832 112.2
3833 112.2
3834 112.2
3835 112.35
3836 112.35
3837 112.35
3838 112.35
3839 112.35
3840 112.35
3841 112.4
3842 112.45
3843 112.45
3844 112.45
3845 112.45
3846 112.45
3847 112.5
3848 112.5
3849 112.5
3850 112.5
3851 112.5
3852 112.5
3853 112.5
3854 112.5
3855 112.5
3856 112.5
3857 112.5
3858 112.5
3859 112.5
3860 112.55
3861 112.55
3862 112.6
3863 112.6
3864 112.6
3865 112.65
3866 112.65
3867 112.65
3868 112.65
3869 112.65
3870 112.65
3871 112.65
3872 112.65
3873 112.75
3874 112.75
3875 112.75
3876 112.9
3877 112.9
3878 112.9
3879 112.9
3880 112.9
3881 112.9
3882 112.9
3883 112.9
3884 112.9
3885 112.9
3886 112.95
3887 112.95
3888 112.95
3889 113.05
3890 113.05
3891 113.05
3892 113.1
3893 113.2
3894 113.2
3895 113.25
3896 113.25
3897 113.25
3898 113.25
3899 113.3
3900 113.3
3901 113.4
3902 113.45
3903 113.45
3904 113.45
3905 113.45
3906 113.45
3907 113.5
3908 113.55
3909 113.6
3910 113.6
3911 113.65
3912 113.65
3913 113.65
3914 113.65
3915 113.7
3916 113.8
3917 113.8
3918 113.8
3919 113.85
3920 113.85
3921 113.9
3922 113.9
3923 113.9
3924 113.95
3925 114.0
3926 114.0
3927 114.0
3928 114.0
3929 114.05
3930 114.1
3931 114.1
3932 114.1
3933 114.1
3934 114.1
3935 114.1
3936 114.1
3937 114.1
3938 114.1
3939 114.1
3940 114.1
3941 114.1
3942 114.1
3943 114.1
3944 114.15
3945 114.15
3946 114.15
3947 114.25
3948 114.25
3949 114.25
3950 114.25
3951 114.25
3952 114.25
3953 114.25
3954 114.3
3955 114.3
3956 114.35
3957 114.4
3958 114.4
3959 114.4
3960 114.45
3961 114.45
3962 114.45
3963 114.45
3964 114.5
3965 114.5
3966 114.55
3967 114.55
3968 114.6
3969 114.6
3970 114.6
3971 114.6
3972 114.6
3973 114.6
3974 114.6
3975 114.6
3976 114.6
3977 114.6
3978 114.6
3979 114.6
3980 114.65
3981 114.65
3982 114.75
3983 114.8
3984 114.8
3985 114.85
3986 114.9
3987 114.9
3988 114.9
3989 114.95
3990 114.95
3991 114.95
3992 114.95
3993 114.95
3994 115.05
3995 115.1
3996 115.2
3997 115.2
3998 115.25
3999 115.35
4000 115.35
4001 115.35
4002 115.35
4003 115.35
4004 115.35
4005 115.35
4006 115.35
4007 115.45
4008 115.45
4009 115.45
4010 115.45
4011 115.45
4012 115.45
4013 115.45
4014 115.45
4015 115.5
4016 115.5
4017 115.5
4018 115.5
4019 115.5
4020 115.5
4021 115.55
4022 115.6
4023 115.6
4024 115.65
4025 115.7
4026 115.7
4027 115.7
4028 115.75
4029 115.75
4030 115.75
4031 115.75
4032 115.75
4033 115.75
4034 115.75
4035 115.75
4036 115.75
4037 115.8
4038 115.9
4039 115.9
4040 115.9
4041 115.9
4042 115.9
4043 115.95
4044 115.95
4045 116.05
4046 116.05
4047 116.05
4048 116.05
4049 116.05
4050 116.05
4051 116.1
4052 116.1
4053 116.15
4054 116.15
4055 116.15
4056 116.2
4057 116.2
4058 116.2
4059 116.2
4060 116.2
4061 116.25
4062 116.25
4063 116.35
4064 116.35
4065 116.35
4066 116.35
4067 116.35
4068 116.35
4069 116.35
4070 116.35
4071 116.35
4072 116.35
4073 116.35
4074 116.35
4075 116.35
4076 116.45
4077 116.45
4078 116.5
4079 116.5
4080 116.55
4081 116.55
4082 116.55
4083 116.7
4084 116.7
4085 116.7
4086 116.75
4087 116.75
4088 116.75
4089 116.75
4090 116.75
4091 116.75
4092 116.8
4093 116.8
4094 116.8
4095 116.8
4096 116.8
4097 116.8
4098 116.8
4099 116.8
4100 116.8
4101 116.8
4102 116.85
4103 116.85
4104 116.85
4105 116.85
4106 116.85
4107 116.85
4108 116.95
4109 116.95
4110 117.0
4111 117.0
4112 117.0
4113 117.05
4114 117.05
4115 117.1
4116 117.1
4117 117.1
4118 117.1
4119 117.1
4120 117.2
4121 117.2
4122 117.2
4123 117.2
4124 117.2
4125 117.2
4126 117.2
4127 117.2
4128 117.2
4129 117.3
4130 117.3
4131 117.35
4132 117.4
4133 117.4
4134 117.4
4135 117.4
4136 117.45
4137 117.45
4138 117.45
4139 117.45
4140 117.45
4141 117.6
4142 117.6
4143 117.6
4144 117.6
4145 117.65
4146 117.65
4147 117.65
4148 117.65
4149 117.65
4150 117.7
4151 117.7
4152 117.75
4153 117.8
4154 117.85
4155 117.85
4156 117.85
4157 117.85
4158 117.9
4159 117.9
4160 117.9
4161 117.9
4162 118.0
4163 118.0
4164 118.0
4165 118.0
4166 118.0
4167 118.0
4168 118.0
4169 118.0
4170 118.0
4171 118.05
4172 118.05
4173 118.05
4174 118.2
4175 118.25
4176 118.3
4177 118.3
4178 118.45
4179 118.45
4180 118.5
4181 118.55
4182 118.55
4183 118.55
4184 118.55
4185 118.55
4186 118.55
4187 118.55
4188 118.55
4189 118.7
4190 118.7
4191 118.7
4192 118.7
4193 118.7
4194 118.8
4195 118.8
4196 118.8
4197 118.8
4198 118.8
4199 118.8
4200 118.8
4201 118.8
4202 118.8
4203 118.8
4204 118.8
4205 118.85
4206 118.9
4207 118.9
4208 118.9
4209 118.9
4210 118.95
4211 118.95
4212 118.95
4213 118.95
4214 119.05
4215 119.05
4216 119.05
4217 119.05
4218 119.05
4219 119.1
4220 119.15
4221 119.15
4222 119.25
4223 119.3
4224 119.35
4225 119.4
4226 119.45
4227 119.5
4228 119.55
4229 119.6
4230 119.6
4231 119.6
4232 119.6
4233 119.6
4234 119.6
4235 119.7
4236 119.7
4237 119.7
4238 119.7
4239 119.7
4240 119.7
4241 119.7
4242 119.7
4243 119.75
4244 119.75
4245 119.75
4246 119.85
4247 119.85
4248 119.85
4249 119.85
4250 119.85
4251 119.9
4252 119.95
4253 119.95
4254 119.95
4255 119.95
4256 119.95
4257 119.95
4258 120.0
4259 120.0
4260 120.0
4261 120.0
4262 120.0
4263 120.05
4264 120.2
4265 120.2
4266 120.25
4267 120.25
4268 120.25
4269 120.3
4270 120.4
4271 120.4
4272 120.4
4273 120.45
4274 120.5
4275 120.5
4276 120.5
4277 120.5
4278 120.5
4279 120.5
4280 120.5
4281 120.5
4282 120.5
4283 120.55
4284 120.65
4285 120.65
4286 120.7
4287 120.7
4288 120.7
4289 120.7
4290 120.7
4291 120.7
4292 120.7
4293 120.7
4294 120.7
4295 120.7
4296 120.7
4297 120.7
4298 120.7
4299 120.7
4300 120.7
4301 120.7
4302 120.7
4303 120.7
4304 120.75
4305 120.8
4306 120.8
4307 120.8
4308 120.8
4309 120.8
4310 120.8
4311 120.8
4312 120.85
4313 120.85
4314 120.9
4315 120.95
4316 120.95
4317 120.95
4318 120.95
4319 120.95
4320 120.95
4321 120.95
4322 120.95
4323 120.95
4324 120.95
4325 120.95
4326 120.95
4327 121.0
4328 121.0
4329 121.0
4330 121.0
4331 121.0
4332 121.0
4333 121.0
4334 121.0
4335 121.0
4336 121.0
4337 121.0
4338 121.05
4339 121.05
4340 121.05
4341 121.1
4342 121.2
4343 121.2
4344 121.25
4345 121.25
4346 121.25
4347 121.25
4348 121.3
4349 121.3
4350 121.4
4351 121.4
4352 121.45
4353 121.45
4354 121.45
4355 121.45
4356 121.45
4357 121.45
4358 121.45
4359 121.45
4360 121.45
4361 121.45
4362 121.45
4363 121.45
4364 121.45
4365 121.55
4366 121.55
4367 121.55
4368 121.55
4369 121.55
4370 121.55
4371 121.55
4372 121.6
4373 121.6
4374 121.6
4375 121.6
4376 121.6
4377 121.6
4378 121.6
4379 121.6
4380 121.6
4381 121.7
4382 121.7
4383 121.7
4384 121.75
4385 121.75
4386 121.75
4387 121.75
4388 121.75
4389 121.75
4390 121.75
4391 121.8
4392 121.85
4393 121.95
4394 121.95
4395 122.0
4396 122.0
4397 122.0
4398 122.0
4399 122.0
4400 122.0
4401 122.0
4402 122.0
4403 122.0
4404 122.0
4405 122.05
4406 122.05
4407 122.05
4408 122.1
4409 122.1
4410 122.15
4411 122.15
4412 122.15
4413 122.2
4414 122.2
4415 122.2
4416 122.2
4417 122.25
4418 122.25
4419 122.25
4420 122.25
4421 122.25
4422 122.3
4423 122.3
4424 122.4
4425 122.4
4426 122.4
4427 122.4
4428 122.45
4429 122.5
4430 122.5
4431 122.5
4432 122.5
4433 122.5
4434 122.5
4435 122.5
4436 122.5
4437 122.5
4438 122.5
4439 122.6
4440 122.7
4441 122.7
4442 122.7
4443 122.7
4444 122.75
4445 122.75
4446 122.75
4447 122.75
4448 122.8
4449 122.8
4450 122.85
4451 122.85
4452 122.85
4453 122.85
4454 122.9
4455 122.9
4456 122.9
4457 122.9
4458 122.9
4459 122.9
4460 122.9
4461 122.95
4462 123.0
4463 123.0
4464 123.0
4465 123.0
4466 123.05
4467 123.05
4468 123.05
4469 123.05
4470 123.05
4471 123.05
4472 123.05
4473 123.15
4474 123.2
4475 123.2
4476 123.2
4477 123.2
4478 123.25
4479 123.25
4480 123.3
4481 123.3
4482 123.3
4483 123.35
4484 123.45
4485 123.5
4486 123.55
4487 123.65
4488 123.65
4489 123.65
4490 123.65
4491 123.65
4492 123.65
4493 123.75
4494 123.75
4495 123.75
4496 123.75
4497 123.75
4498 123.75
4499 123.8
4500 123.85
4501 123.85
4502 123.85
4503 123.95
4504 123.95
4505 124.0
4506 124.0
4507 124.0
4508 124.1
4509 124.1
4510 124.1
4511 124.1
4512 124.1
4513 124.1
4514 124.1
4515 124.15
4516 124.15
4517 124.2
4518 124.2
4519 124.2
4520 124.2
4521 124.25
4522 124.3
4523 124.3
4524 124.4
4525 124.4
4526 124.4
4527 124.45
4528 124.45
4529 124.45
4530 124.45
4531 124.45
4532 124.45
4533 124.45
4534 124.45
4535 124.45
4536 124.45
4537 124.5
4538 124.5
4539 124.5
4540 124.5
4541 124.55
4542 124.55
4543 124.55
4544 124.65
4545 124.7
4546 124.8
4547 124.8
4548 124.85
4549 124.85
4550 124.95
4551 124.95
4552 124.95
4553 125.05
4554 125.05
4555 125.05
4556 125.05
4557 125.1
4558 125.1
4559 125.2
4560 125.2
4561 125.2
4562 125.2
4563 125.2
4564 125.2
4565 125.2
4566 125.2
4567 125.2
4568 125.25
4569 125.25
4570 125.25
4571 125.3
4572 125.3
4573 125.3
4574 125.4
4575 125.4
4576 125.4
4577 125.4
4578 125.45
4579 125.45
4580 125.45
4581 125.45
4582 125.45
4583 125.5
4584 125.5
4585 125.5
4586 125.6
4587 125.6
4588 125.65
4589 125.65
4590 125.65
4591 125.65
4592 125.65
4593 125.65
4594 125.65
4595 125.7
4596 125.75
4597 125.75
4598 125.75
4599 125.8
4600 125.8
4601 125.85
4602 125.85
4603 125.85
4604 125.85
4605 125.85
4606 125.85
4607 125.85
4608 125.85
4609 125.9
4610 125.9
4611 125.9
4612 125.95
4613 125.95
4614 125.95
4615 125.95
4616 126.1
4617 126.1
4618 126.1
4619 126.15
4620 126.15
4621 126.15
4622 126.15
4623 126.15
4624 126.15
4625 126.15
4626 126.15
4627 126.15
4628 126.15
4629 126.15
4630 126.25
4631 126.25
4632 126.25
4633 126.45
4634 126.45
4635 126.45
4636 126.45
4637 126.45
4638 126.5
4639 126.55
4640 126.55
4641 126.6
4642 126.6
4643 126.6
4644 126.6
4645 126.6
4646 126.6
4647 126.6
4648 126.6
4649 126.6
4650 126.65
4651 126.65
4652 126.7
4653 126.75
4654 126.75
4655 126.75
4656 126.8
4657 126.8
4658 126.9
4659 126.9
4660 126.95
4661 126.95
4662 126.95
4663 126.95
4664 126.95
4665 127.05
4666 127.05
4667 127.1
4668 127.1
4669 127.1
4670 127.1
4671 127.1
4672 127.1
4673 127.1
4674 127.1
4675 127.1
4676 127.1
4677 127.1
4678 127.1
4679 127.1
4680 127.1
4681 127.1
4682 127.1
4683 127.1
4684 127.15
4685 127.15
4686 127.15
4687 127.15
4688 127.15
4689 127.15
4690 127.15
4691 127.2
4692 127.2
4693 127.25
4694 127.25
4695 127.25
4696 127.25
4697 127.25
4698 127.3
4699 127.3
4700 127.3
4701 127.3
4702 127.3
4703 127.3
4704 127.3
4705 127.3
4706 127.3
4707 127.3
4708 127.3
4709 127.3
4710 127.35
4711 127.4
4712 127.4
4713 127.4
4714 127.4
4715 127.45
4716 127.45
4717 127.45
4718 127.45
4719 127.45
4720 127.45
4721 127.45
4722 127.45
4723 127.45
4724 127.45
4725 127.5
4726 127.5
4727 127.55
4728 127.55
4729 127.55
4730 127.55
4731 127.6
4732 127.6
4733 127.65
4734 127.65
4735 127.65
4736 127.7
4737 127.7
4738 127.75
4739 127.8
4740 127.8
4741 127.8
4742 127.85
4743 127.9
4744 127.9
4745 127.9
4746 127.9
4747 127.9
4748 127.9
4749 127.9
4750 127.9
4751 127.9
4752 127.95
4753 127.95
4754 127.95
4755 128.0
4756 128.05
4757 128.15
4758 128.2
4759 128.2
4760 128.25
4761 128.25
4762 128.25
4763 128.25
4764 128.25
4765 128.3
4766 128.3
4767 128.3
4768 128.4
4769 128.4
4770 128.45
4771 128.5
4772 128.5
4773 128.5
4774 128.5
4775 128.5
4776 128.5
4777 128.5
4778 128.5
4779 128.5
4780 128.5
4781 128.55
4782 128.55
4783 128.6
4784 128.6
4785 128.6
4786 128.65
4787 128.65
4788 128.7
4789 128.7
4790 128.7
4791 128.75
4792 128.75
4793 128.75
4794 128.75
4795 128.75
4796 128.8
4797 128.8
4798 128.9
4799 128.9
4800 128.9
4801 128.9
4802 128.9
4803 128.95
4804 128.95
4805 128.95
4806 128.95
4807 128.95
4808 128.95
4809 128.95
4810 128.95
4811 129.0
4812 129.0
4813 129.0
4814 129.0
4815 129.0
4816 129.0
4817 129.0
4818 129.0
4819 129.0
4820 129.05
4821 129.05
4822 129.05
4823 129.05
4824 129.05
4825 129.05
4826 129.05
4827 129.05
4828 129.05
4829 129.05
4830 129.05
4831 129.05
4832 129.05
4833 129.1
4834 129.1
4835 129.1
4836 129.1
4837 129.1
4838 129.1
4839 129.15
4840 129.35
4841 129.35
4842 129.35
4843 129.35
4844 129.35
4845 129.4
4846 129.4
4847 129.4
4848 129.45
4849 129.45
4850 129.45
4851 129.5
4852 129.5
4853 129.55
4854 129.55
4855 129.55
4856 129.55
4857 129.55
4858 129.55
4859 129.55
4860 129.65
4861 129.65
4862 129.7
4863 129.75
4864 129.75
4865 129.75
4866 129.75
4867 129.8
4868 129.8
4869 129.9
4870 129.9
4871 129.95
4872 129.95
4873 129.95
4874 129.95
4875 129.95
4876 130.0
4877 130.05
4878 130.05
4879 130.05
4880 130.05
4881 130.05
4882 130.05
4883 130.05
4884 130.1
4885 130.1
4886 130.1
4887 130.1
4888 130.1
4889 130.1
4890 130.1
4891 130.1
4892 130.1
4893 130.2
4894 130.2
4895 130.2
4896 130.2
4897 130.2
4898 130.2
4899 130.2
4900 130.25
4901 130.25
4902 130.25
4903 130.25
4904 130.25
4905 130.25
4906 130.25
4907 130.3
4908 130.3
4909 130.3
4910 130.3
4911 130.3
4912 130.3
4913 130.3
4914 130.35
4915 130.35
4916 130.35
4917 130.45
4918 130.45
4919 130.5
4920 130.5
4921 130.5
4922 130.5
4923 130.5
4924 130.5
4925 130.5
4926 130.6
4927 130.6
4928 130.6
4929 130.65
4930 130.65
4931 130.65
4932 130.7
4933 130.7
4934 130.75
4935 130.75
4936 130.8
4937 130.8
4938 130.8
4939 130.8
4940 130.8
4941 130.8
4942 130.85
4943 130.85
4944 130.9
4945 130.95
4946 130.95
4947 130.95
4948 130.95
4949 130.95
4950 130.95
4951 130.95
4952 130.95
4953 131.05
4954 131.15
4955 131.2
4956 131.25
4957 131.25
4958 131.25
4959 131.25
4960 131.25
4961 131.25
4962 131.25
4963 131.25
4964 131.3
4965 131.35
4966 131.35
4967 131.4
4968 131.4
4969 131.4
4970 131.5
4971 131.7
4972 131.7
4973 131.7
4974 131.7
4975 131.7
4976 131.7
4977 131.75
4978 131.8
4979 131.8
4980 131.8
4981 131.85
4982 131.85
4983 131.85
4984 131.9
4985 131.9
4986 131.9
4987 131.9
4988 131.9
4989 131.9
4990 131.9
4991 131.9
4992 131.9
4993 131.9
4994 131.9
4995 131.95
4996 131.95
4997 131.95
4998 131.95
4999 131.95
5000 131.95
5001 131.95
5002 131.95
5003 131.95
5004 131.95
5005 131.95
5006 131.95
5007 131.95
5008 131.95
5009 131.95
5010 132.0
5011 132.0
5012 132.0
5013 132.0
5014 132.0
5015 132.0
5016 132.0
5017 132.05
5018 132.05
5019 132.05
5020 132.05
5021 132.05
5022 132.05
5023 132.05
5024 132.05
5025 132.05
5026 132.05
5027 132.05
5028 132.05
5029 132.05
5030 132.05
5031 132.2
5032 132.2
5033 132.2
5034 132.2
5035 132.2
5036 132.4
5037 132.4
5038 132.4
5039 132.45
5040 132.45
5041 132.45
5042 132.45
5043 132.45
5044 132.45
5045 132.45
5046 132.5
5047 132.55
5048 132.55
5049 132.55
5050 132.6
5051 132.6
5052 132.65
5053 132.7
5054 132.7
5055 132.75
5056 132.75
5057 132.8
5058 132.8
5059 132.8
5060 132.8
5061 132.8
5062 132.8
5063 132.8
5064 132.8
5065 132.8
5066 132.8
5067 132.8
5068 132.8
5069 132.8
5070 132.8
5071 132.85
5072 132.85
5073 132.85
5074 132.85
5075 132.85
5076 132.85
5077 132.85
5078 132.85
5079 132.85
5080 132.85
5081 132.85
5082 132.9
5083 132.9
5084 132.9
5085 132.9
5086 133.0
5087 133.0
5088 133.0
5089 133.0
5090 133.0
5091 133.05
5092 133.05
5093 133.05
5094 133.05
5095 133.05
5096 133.15
5097 133.15
5098 133.15
5099 133.2
5100 133.2
5101 133.25
5102 133.25
5103 133.35
5104 133.35
5105 133.35
5106 133.35
5107 133.45
5108 133.5
5109 133.5
5110 133.5
5111 133.65
5112 133.7
5113 133.75
5114 133.75
5115 133.8
5116 133.8
5117 133.8
5118 133.8
5119 133.8
5120 133.8
5121 133.85
5122 133.85
5123 133.85
5124 133.85
5125 133.9
5126 133.95
5127 133.95
5128 133.95
5129 133.95
5130 134.0
5131 134.0
5132 134.15
5133 134.15
5134 134.15
5135 134.15
5136 134.15
5137 134.15
5138 134.15
5139 134.15
5140 134.15
5141 134.15
5142 134.15
5143 134.15
5144 134.15
5145 134.15
5146 134.3
5147 134.35
5148 134.4
5149 134.4
5150 134.4
5151 134.4
5152 134.4
5153 134.45
5154 134.45
5155 134.45
5156 134.45
5157 134.45
5158 134.45
5159 134.5
5160 134.55
5161 134.55
5162 134.55
5163 134.55
5164 134.55
5165 134.55
5166 134.55
5167 134.55
5168 134.55
5169 134.55
5170 134.55
5171 134.55
5172 134.55
5173 134.55
5174 134.55
5175 134.55
5176 134.55
5177 134.55
5178 134.55
5179 134.55
5180 134.6
5181 134.65
5182 134.65
5183 134.65
5184 134.75
5185 134.75
5186 134.75
5187 134.75
5188 134.75
5189 134.75
5190 134.75
5191 134.75
5192 134.75
5193 134.85
5194 134.85
5195 134.85
5196 134.85
5197 134.85
5198 134.85
5199 134.85
5200 134.85
5201 134.85
5202 134.85
5203 134.85
5204 134.85
5205 134.95
5206 134.95
5207 134.95
5208 134.95
5209 134.95
5210 134.95
5211 134.95
5212 135.0
5213 135.0
5214 135.05
5215 135.05
5216 135.15
5217 135.15
5218 135.2
5219 135.2
5220 135.2
5221 135.2
5222 135.2
5223 135.2
5224 135.2
5225 135.2
5226 135.2
5227 135.2
5228 135.2
5229 135.2
5230 135.25
5231 135.35
5232 135.35
5233 135.35
5234 135.35
5235 135.35
5236 135.35
5237 135.4
5238 135.4
5239 135.4
5240 135.4
5241 135.4
5242 135.4
5243 135.4
5244 135.45
5245 135.5
5246 135.5
5247 135.5
5248 135.55
5249 135.55
5250 135.55
5251 135.55
5252 135.55
5253 135.55
5254 135.55
5255 135.65
5256 135.7
5257 135.7
5258 135.7
5259 135.7
5260 135.7
5261 135.7
5262 135.7
5263 135.8
5264 135.8
5265 135.8
5266 135.8
5267 135.85
5268 135.9
5269 135.95
5270 135.95
5271 135.95
5272 135.95
5273 135.95
5274 135.95
5275 136.05
5276 136.05
5277 136.05
5278 136.05
5279 136.1
5280 136.1
5281 136.1
5282 136.1
5283 136.1
5284 136.1
5285 136.1
5286 136.1
5287 136.3
5288 136.3
5289 136.3
5290 136.3
5291 136.3
5292 136.4
5293 136.5
5294 136.5
5295 136.5
5296 136.5
5297 136.5
5298 136.5
5299 136.5
5300 136.5
5301 136.5
5302 136.5
5303 136.5
5304 136.5
5305 136.55
5306 136.55
5307 136.55
5308 136.6
5309 136.6
5310 136.6
5311 136.6
5312 136.6
5313 136.6
5314 136.6
5315 136.6
5316 136.65
5317 136.65
5318 136.65
5319 136.65
5320 136.65
5321 136.65
5322 136.65
5323 136.65
5324 136.65
5325 136.7
5326 136.7
5327 136.7
5328 136.85
5329 136.85
5330 136.9
5331 136.9
5332 136.9
5333 136.9
5334 136.9
5335 136.9
5336 136.9
5337 136.9
5338 136.9
5339 136.9
5340 137.0
5341 137.0
5342 137.0
5343 137.0
5344 137.0
5345 137.0
5346 137.0
5347 137.0
5348 137.0
5349 137.0
5350 137.05
5351 137.05
5352 137.05
5353 137.05
5354 137.05
5355 137.05
5356 137.05
5357 137.05
5358 137.05
5359 137.1
5360 137.1
5361 137.15
5362 137.15
5363 137.15
5364 137.15
5365 137.15
5366 137.15
5367 137.15
5368 137.15
5369 137.15
5370 137.35
5371 137.35
5372 137.35
5373 137.4
5374 137.4
5375 137.45
5376 137.5
5377 137.5
5378 137.5
5379 137.5
5380 137.55
5381 137.55
5382 137.55
5383 137.55
5384 137.55
5385 137.55
5386 137.55
5387 137.6
5388 137.6
5389 137.65
5390 137.65
5391 137.75
5392 137.75
5393 137.75
5394 137.75
5395 137.75
5396 137.75
5397 137.8
5398 137.8
5399 137.8
5400 137.8
5401 137.8
5402 137.8
5403 137.8
5404 137.9
5405 137.9
5406 137.9
5407 137.9
5408 137.9
5409 137.9
5410 137.9
5411 137.9
5412 137.9
5413 137.9
5414 137.9
5415 137.9
5416 137.95
5417 137.95
5418 137.95
5419 137.95
5420 137.95
5421 137.95
5422 137.95
5423 138.0
5424 138.0
5425 138.05
5426 138.05
5427 138.2
5428 138.2
5429 138.25
5430 138.35
5431 138.4
5432 138.4
5433 138.4
5434 138.4
5435 138.4
5436 138.4
5437 138.4
5438 138.4
5439 138.4
5440 138.45
5441 138.45
5442 138.45
5443 138.45
5444 138.5
5445 138.5
5446 138.55
5447 138.6
5448 138.6
5449 138.6
5450 138.75
5451 138.75
5452 138.75
5453 138.85
5454 138.85
5455 138.85
5456 138.85
5457 139.0
5458 139.05
5459 139.05
5460 139.05
5461 139.05
5462 139.05
5463 139.05
5464 139.1
5465 139.1
5466 139.1
5467 139.1
5468 139.1
5469 139.1
5470 139.1
5471 139.15
5472 139.15
5473 139.15
5474 139.15
5475 139.15
5476 139.15
5477 139.15
5478 139.2
5479 139.2
5480 139.2
5481 139.2
5482 139.35
5483 139.35
5484 139.35
5485 139.35
5486 139.4
5487 139.4
5488 139.4
5489 139.4
5490 139.4
5491 139.4
5492 139.4
5493 139.4
5494 139.4
5495 139.4
5496 139.4
5497 139.4
5498 139.4
5499 139.45
5500 139.45
5501 139.45
5502 139.45
5503 139.5
5504 139.5
5505 139.5
5506 139.5
5507 139.5
5508 139.55
5509 139.55
5510 139.6
5511 139.65
5512 139.65
5513 139.7
5514 139.7
5515 139.7
5516 139.7
5517 139.7
5518 139.7
5519 139.7
5520 139.7
5521 139.8
5522 139.8
5523 139.8
5524 139.8
5525 139.8
5526 139.8
5527 139.85
5528 139.9
5529 139.9
5530 139.9
5531 139.9
5532 139.9
5533 139.9
5534 139.9
5535 139.95
5536 139.95
5537 139.95
5538 140.05
5539 140.05
5540 140.05
5541 140.05
5542 140.15
5543 140.15
5544 140.15
5545 140.15
5546 140.15
5547 140.15
5548 140.15
5549 140.2
5550 140.3
5551 140.35
5552 140.35
5553 140.35
5554 140.35
5555 140.35
5556 140.35
5557 140.35
5558 140.35
5559 140.35
5560 140.35
5561 140.35
5562 140.35
5563 140.35
5564 140.35
5565 140.35
5566 140.45
5567 140.45
5568 140.5
5569 140.5
5570 140.55
5571 140.6
5572 140.6
5573 140.6
5574 140.6
5575 140.6
5576 140.6
5577 140.6
5578 140.6
5579 140.65
5580 140.65
5581 140.65
5582 140.65
5583 140.65
5584 140.65
5585 140.65
5586 140.65
5587 140.7
5588 140.7
5589 140.7
5590 140.75
5591 140.75
5592 140.75
5593 140.8
5594 140.8
5595 140.8
5596 140.8
5597 140.8
5598 140.8
5599 140.8
5600 140.8
5601 140.8
5602 140.8
5603 140.8
5604 140.85
5605 140.85
5606 140.85
5607 140.85
5608 140.85
5609 140.85
5610 140.85
5611 140.85
5612 140.85
5613 140.85
5614 140.85
5615 140.85
5616 140.85
5617 140.9
5618 140.9
5619 140.9
5620 140.9
5621 140.9
5622 140.95
5623 140.95
5624 140.95
5625 141.05
5626 141.05
5627 141.1
5628 141.1
5629 141.1
5630 141.1
5631 141.1
5632 141.1
5633 141.1
5634 141.1
5635 141.1
5636 141.15
5637 141.15
5638 141.15
5639 141.15
5640 141.15
5641 141.15
5642 141.15
5643 141.3
5644 141.3
5645 141.3
5646 141.35
5647 141.35
5648 141.35
5649 141.35
5650 141.35
5651 141.35
5652 141.4
5653 141.4
5654 141.45
5655 141.45
5656 141.45
5657 141.45
5658 141.5
5659 141.5
5660 141.5
5661 141.5
5662 141.5
5663 141.5
5664 141.5
5665 141.5
5666 141.5
5667 141.55
5668 141.55
5669 141.6
5670 141.65
5671 141.65
5672 141.7
5673 141.7
5674 141.7
5675 141.7
5676 141.7
5677 141.7
5678 141.7
5679 141.7
5680 141.7
5681 141.7
5682 141.7
5683 141.75
5684 141.95
5685 141.95
5686 141.95
5687 142.0
5688 142.0
5689 142.0
5690 142.0
5691 142.0
5692 142.0
5693 142.0
5694 142.0
5695 142.0
5696 142.0
5697 142.0
5698 142.0
5699 142.0
5700 142.0
5701 142.05
5702 142.05
5703 142.1
5704 142.1
5705 142.1
5706 142.1
5707 142.2
5708 142.2
5709 142.2
5710 142.25
5711 142.25
5712 142.25
5713 142.3
5714 142.3
5715 142.4
5716 142.5
5717 142.5
5718 142.5
5719 142.5
5720 142.5
5721 142.55
5722 142.55
5723 142.55
5724 142.55
5725 142.55
5726 142.55
5727 142.6
5728 142.6
5729 142.6
5730 142.6
5731 142.6
5732 142.6
5733 142.6
5734 142.6
5735 142.65
5736 142.65
5737 142.65
5738 142.65
5739 142.65
5740 142.65
5741 142.65
5742 142.65
5743 142.65
5744 142.65
5745 142.65
5746 142.65
5747 142.65
5748 142.65
5749 142.65
5750 142.65
5751 142.65
5752 142.7
5753 142.7
5754 142.7
5755 142.7
5756 142.7
5757 142.7
5758 142.7
5759 142.75
5760 142.75
5761 142.8
5762 142.8
5763 142.85
5764 142.85
5765 142.85
5766 142.85
5767 142.85
5768 142.85
5769 142.85
5770 142.85
5771 142.85
5772 142.85
5773 142.9
5774 142.9
5775 142.9
5776 142.95
5777 142.95
5778 143.0
5779 143.1
5780 143.1
5781 143.1
5782 143.1
5783 143.1
5784 143.2
5785 143.3
5786 143.3
5787 143.3
5788 143.3
5789 143.3
5790 143.3
5791 143.3
5792 143.3
5793 143.35
5794 143.35
5795 143.35
5796 143.4
5797 143.4
5798 143.45
5799 143.5
5800 143.5
5801 143.65
5802 143.65
5803 143.65
5804 143.65
5805 143.7
5806 143.7
5807 143.7
5808 143.7
5809 143.7
5810 143.75
5811 143.75
5812 143.8
5813 143.8
5814 143.8
5815 143.8
5816 143.8
5817 143.85
5818 143.85
5819 143.85
5820 143.85
5821 143.9
5822 143.9
5823 143.9
5824 143.9
5825 143.9
5826 143.9
5827 143.9
5828 143.9
5829 143.9
5830 143.9
5831 143.9
5832 143.9
5833 143.9
5834 144.0
5835 144.0
5836 144.0
5837 144.0
5838 144.0
5839 144.0
5840 144.0
5841 144.1
5842 144.1
5843 144.1
5844 144.1
5845 144.1
5846 144.1
5847 144.1
5848 144.2
5849 144.2
5850 144.25
5851 144.25
5852 144.25
5853 144.35
5854 144.35
5855 144.35
5856 144.45
5857 144.45
5858 144.5
5859 144.5
5860 144.5
5861 144.5
5862 144.5
5863 144.5
5864 144.5
5865 144.5
5866 144.5
5867 144.5
5868 144.5
5869 144.5
5870 144.5
5871 144.5
5872 144.5
5873 144.5
5874 144.5
5875 144.5
5876 144.5
5877 144.5
5878 144.5
5879 144.5
5880 144.55
5881 144.6
5882 144.6
5883 144.6
5884 144.6
5885 144.6
5886 144.6
5887 144.6
5888 144.6
5889 144.7
5890 144.7
5891 144.8
5892 144.8
5893 144.8
5894 144.85
5895 144.85
5896 144.85
5897 144.85
5898 144.85
5899 144.85
5900 144.9
5901 144.9
5902 144.9
5903 144.9
5904 144.9
5905 144.95
5906 144.95
5907 145.0
5908 145.05
5909 145.05
5910 145.1
5911 145.1
5912 145.1
5913 145.1
5914 145.1
5915 145.1
5916 145.1
5917 145.1
5918 145.1
5919 145.1
5920 145.1
5921 145.1
5922 145.1
5923 145.1
5924 145.1
5925 145.1
5926 145.1
5927 145.1
5928 145.1
5929 145.2
5930 145.3
5931 145.3
5932 145.3
5933 145.3
5934 145.4
5935 145.4
5936 145.4
5937 145.4
5938 145.4
5939 145.4
5940 145.4
5941 145.4
5942 145.4
5943 145.4
5944 145.4
5945 145.4
5946 145.4
5947 145.4
5948 145.4
5949 145.4
5950 145.4
5951 145.4
5952 145.4
5953 145.4
5954 145.4
5955 145.4
5956 145.4
5957 145.4
5958 145.45
5959 145.45
5960 145.45
5961 145.45
5962 145.45
5963 145.45
5964 145.45
5965 145.45
5966 145.45
5967 145.45
5968 145.5
5969 145.5
5970 145.5
5971 145.5
5972 145.5
5973 145.55
5974 145.6
5975 145.6
5976 145.6
5977 145.6
5978 145.6
5979 145.6
5980 145.6
5981 145.6
5982 145.6
5983 145.6
5984 145.6
5985 145.6
5986 145.6
5987 145.6
5988 145.6
5989 145.6
5990 145.6
5991 145.6
5992 145.6
5993 145.65
5994 145.7
5995 145.8
5996 145.85
5997 146.05
5998 146.1
5999 146.1
