#iterations fitness
0 0.0
1 0.55
2 1.05
3 1.25
4 1.35
5 1.75
6 1.9
7 2.2
8 2.4
9 2.45
10 2.45
11 2.45
12 2.5
13 2.65
14 2.75
15 2.85
16 2.9
17 2.95
18 2.95
19 3.1
20 3.2
21 3.3
22 3.45
23 3.5
24 3.5
25 3.65
26 3.9
27 3.95
28 4.1
29 4.1
30 4.2
31 4.2
32 4.25
33 4.25
34 4.25
35 4.45
36 4.5
37 4.5
38 4.55
39 4.55
40 4.55
41 4.7
42 4.85
43 4.85
44 4.85
45 4.9
46 5.0
47 5.15
48 5.15
49 5.35
50 5.35
51 5.5
52 5.5
53 5.6
54 5.65
55 5.75
56 5.75
57 6.0
58 6.05
59 6.05
60 6.05
61 6.05
62 6.1
63 6.15
64 6.15
65 6.5
66 6.5
67 6.55
68 6.55
69 6.55
70 6.55
71 6.6
72 6.7
73 6.85
74 6.9
75 6.95
76 7.15
77 7.15
78 7.15
79 7.15
80 7.2
81 7.2
82 7.3
83 7.4
84 7.45
85 7.45
86 7.55
87 7.6
88 7.65
89 7.65
90 7.75
91 7.9
92 8.15
93 8.25
94 8.4
95 8.4
96 8.4
97 8.4
98 8.65
99 8.85
100 8.95
101 9.0
102 9.1
103 9.1
104 9.1
105 9.25
106 9.35
107 9.4
108 9.4
109 9.45
110 9.45
111 9.5
112 9.55
113 9.55
114 9.55
115 9.55
116 9.55
117 9.65
118 9.65
119 9.7
120 9.85
121 9.85
122 10.0
123 10.0
124 10.0
125 10.0
126 10.1
127 10.1
128 10.25
129 10.3
130 10.45
131 10.45
132 10.7
133 10.8
134 10.9
135 10.9
136 11.0
137 11.1
138 11.2
139 11.25
140 11.4
141 11.45
142 11.45
143 11.55
144 11.55
145 11.55
146 11.6
147 11.65
148 11.65
149 11.7
150 11.7
151 11.7
152 11.7
153 11.7
154 11.75
155 12.1
156 12.1
157 12.1
158 12.2
159 12.4
160 12.6
161 12.65
162 12.65
163 12.65
164 13.1
165 13.1
166 13.15
167 13.15
168 13.2
169 13.35
170 13.35
171 13.45
172 13.6
173 13.6
174 13.6
175 13.65
176 13.75
177 13.8
178 13.85
179 13.9
180 14.1
181 14.1
182 14.35
183 14.35
184 14.35
185 14.35
186 14.45
187 14.45
188 14.45
189 14.6
190 14.65
191 14.65
192 14.8
193 14.8
194 15.0
195 15.1
196 15.1
197 15.1
198 15.15
199 15.15
200 15.3
201 15.55
202 15.55
203 15.55
204 15.8
205 15.85
206 15.9
207 15.9
208 15.9
209 15.95
210 15.95
211 15.95
212 16.15
213 16.35
214 16.35
215 16.55
216 16.65
217 16.75
218 16.9
219 16.9
220 17.0
221 17.05
222 17.15
223 17.25
224 17.35
225 17.4
226 17.45
227 17.5
228 17.6
229 17.6
230 17.75
231 17.75
232 17.8
233 17.85
234 17.95
235 18.05
236 18.15
237 18.15
238 18.15
239 18.3
240 18.35
241 18.35
242 18.35
243 18.35
244 18.35
245 18.35
246 18.35
247 18.5
248 18.7
249 18.7
250 18.8
251 18.9
252 18.95
253 19.1
254 19.25
255 19.3
256 19.35
257 19.35
258 19.35
259 19.4
260 19.6
261 19.75
262 19.85
263 19.85
264 19.85
265 19.95
266 20.0
267 20.25
268 20.25
269 20.3
270 20.55
271 20.55
272 20.55
273 20.55
274 20.55
275 20.6
276 20.75
277 20.9
278 21.0
279 21.1
280 21.1
281 21.1
282 21.1
283 21.15
284 21.35
285 21.35
286 21.35
287 21.35
288 21.45
289 21.45
290 21.5
291 21.55
292 21.65
293 21.65
294 21.65
295 21.65
296 21.65
297 21.65
298 21.75
299 21.85
300 21.9
301 21.9
302 21.9
303 21.9
304 21.9
305 22.05
306 22.1
307 22.15
308 22.25
309 22.3
310 22.4
311 22.4
312 22.55
313 22.6
314 22.65
315 22.65
316 22.75
317 22.8
318 22.8
319 22.85
320 22.9
321 22.9
322 22.9
323 22.9
324 22.95
325 23.3
326 23.35
327 23.35
328 23.45
329 23.5
330 23.5
331 23.5
332 23.55
333 23.6
334 23.6
335 23.7
336 23.8
337 23.85
338 23.9
339 23.9
340 24.05
341 24.25
342 24.3
343 24.35
344 24.35
345 24.45
346 24.45
347 24.5
348 24.5
349 24.6
350 24.6
351 24.7
352 24.75
353 24.85
354 25.0
355 25.0
356 25.0
357 25.1
358 25.3
359 25.3
360 25.3
361 25.3
362 25.3
363 25.35
364 25.4
365 25.5
366 25.7
367 25.7
368 25.7
369 25.75
370 25.8
371 25.8
372 26.0
373 26.1
374 26.1
375 26.2
376 26.2
377 26.2
378 26.2
379 26.25
380 26.3
381 26.35
382 26.55
383 26.55
384 26.65
385 26.65
386 26.8
387 26.85
388 26.95
389 26.95
390 27.05
391 27.05
392 27.15
393 27.35
394 27.45
395 27.65
396 27.8
397 27.9
398 27.95
399 28.1
400 28.1
401 28.1
402 28.1
403 28.1
404 28.25
405 28.4
406 28.5
407 28.5
408 28.5
409 28.6
410 28.7
411 28.7
412 28.7
413 28.75
414 28.75
415 28.8
416 28.9
417 28.95
418 28.95
419 28.95
420 28.95
421 29.05
422 29.1
423 29.15
424 29.2
425 29.25
426 29.25
427 29.4
428 29.45
429 29.45
430 29.5
431 29.55
432 29.6
433 29.8
434 29.9
435 29.9
436 30.0
437 30.05
438 30.1
439 30.1
440 30.1
441 30.2
442 30.3
443 30.35
444 30.35
445 30.55
446 30.55
447 30.55
448 30.7
449 30.75
450 30.75
451 30.8
452 30.8
453 30.9
454 31.1
455 31.15
456 31.15
457 31.15
458 31.4
459 31.5
460 31.5
461 31.5
462 31.7
463 31.9
464 31.9
465 31.95
466 32.0
467 32.0
468 32.05
469 32.05
470 32.2
471 32.25
472 32.35
473 32.35
474 32.4
475 32.4
476 32.4
477 32.5
478 32.5
479 32.75
480 32.75
481 32.75
482 32.9
483 32.95
484 33.05
485 33.1
486 33.15
487 33.15
488 33.15
489 33.2
490 33.3
491 33.3
492 33.3
493 33.4
494 33.4
495 33.45
496 33.55
497 33.85
498 33.85
499 33.85
500 33.9
501 34.15
502 34.15
503 34.2
504 34.2
505 34.2
506 34.2
507 34.25
508 34.4
509 34.5
510 34.5
511 34.55
512 34.65
513 34.85
514 34.9
515 34.9
516 34.95
517 35.05
518 35.15
519 35.2
520 35.35
521 35.45
522 35.5
523 35.5
524 35.6
525 35.6
526 35.7
527 35.75
528 35.85
529 35.9
530 36.05
531 36.05
532 36.2
533 36.2
534 36.25
535 36.25
536 36.4
537 36.4
538 36.4
539 36.65
540 36.65
541 36.65
542 36.7
543 36.9
544 36.9
545 36.9
546 36.9
547 36.9
548 37.0
549 37.1
550 37.1
551 37.1
552 37.15
553 37.25
554 37.3
555 37.35
556 37.6
557 37.6
558 37.65
559 37.75
560 37.95
561 38.1
562 38.2
563 38.2
564 38.5
565 38.5
566 38.5
567 38.55
568 38.7
569 38.7
570 38.75
571 38.75
572 38.9
573 39.05
574 39.05
575 39.1
576 39.15
577 39.15
578 39.15
579 39.3
580 39.3
581 39.3
582 39.3
583 39.3
584 39.35
585 39.35
586 39.35
587 39.4
588 39.55
589 39.6
590 39.65
591 39.7
592 39.7
593 39.9
594 39.9
595 40.0
596 40.0
597 40.1
598 40.15
599 40.2
600 40.3
601 40.45
602 40.5
603 40.5
604 40.55
605 40.55
606 40.65
607 40.8
608 40.8
609 41.05
610 41.05
611 41.05
612 41.05
613 41.05
614 41.15
615 41.25
616 41.3
617 41.35
618 41.35
619 41.35
620 41.35
621 41.45
622 41.5
623 41.7
624 41.75
625 41.8
626 41.8
627 41.8
628 41.9
629 41.9
630 41.95
631 41.95
632 41.95
633 42.0
634 42.0
635 42.0
636 42.1
637 42.1
638 42.15
639 42.15
640 42.2
641 42.2
642 42.25
643 42.25
644 42.3
645 42.3
646 42.4
647 42.45
648 42.45
649 42.6
650 42.6
651 42.6
652 42.6
653 42.7
654 42.85
655 42.9
656 43.15
657 43.15
658 43.15
659 43.2
660 43.2
661 43.35
662 43.4
663 43.4
664 43.45
665 43.7
666 43.7
667 43.7
668 43.8
669 43.95
670 44.0
671 44.0
672 44.25
673 44.4
674 44.5
675 44.6
676 44.65
677 44.65
678 44.65
679 44.75
680 44.85
681 44.95
682 44.95
683 45.15
684 45.25
685 45.3
686 45.35
687 45.35
688 45.45
689 45.45
690 45.65
691 45.65
692 45.7
693 45.7
694 45.75
695 45.75
696 45.95
697 46.0
698 46.0
699 46.05
700 46.05
701 46.2
702 46.35
703 46.35
704 46.35
705 46.35
706 46.35
707 46.35
708 46.35
709 46.35
710 46.35
711 46.45
712 46.45
713 46.5
714 46.55
715 46.55
716 46.7
717 46.7
718 46.8
719 46.85
720 46.85
721 46.85
722 46.85
723 46.95
724 46.95
725 47.1
726 47.15
727 47.15
728 47.15
729 47.15
730 47.15
731 47.2
732 47.35
733 47.45
734 47.5
735 47.6
736 47.7
737 47.85
738 47.85
739 48.0
740 48.0
741 48.1
742 48.1
743 48.25
744 48.4
745 48.4
746 48.4
747 48.4
748 48.5
749 48.5
750 48.5
751 48.5
752 48.6
753 48.75
754 48.95
755 48.95
756 49.05
757 49.05
758 49.05
759 49.05
760 49.2
761 49.2
762 49.35
763 49.35
764 49.35
765 49.35
766 49.45
767 49.5
768 49.5
769 49.55
770 49.55
771 49.55
772 49.6
773 49.6
774 49.7
775 49.8
776 49.85
777 49.85
778 49.85
779 49.95
780 50.2
781 50.25
782 50.35
783 50.35
784 50.35
785 50.4
786 50.4
787 50.4
788 50.4
789 50.4
790 50.45
791 50.5
792 50.65
793 50.65
794 50.7
795 50.75
796 51.1
797 51.1
798 51.1
799 51.25
800 51.25
801 51.25
802 51.35
803 51.4
804 51.4
805 51.45
806 51.65
807 51.65
808 51.65
809 51.65
810 51.65
811 51.75
812 51.75
813 51.75
814 51.75
815 51.75
816 51.8
817 52.05
818 52.05
819 52.1
820 52.1
821 52.1
822 52.25
823 52.3
824 52.3
825 52.35
826 52.4
827 52.45
828 52.45
829 52.45
830 52.5
831 52.5
832 52.55
833 52.55
834 52.55
835 52.6
836 52.65
837 52.7
838 52.8
839 52.8
840 52.9
841 53.05
842 53.05
843 53.05
844 53.3
845 53.45
846 53.45
847 53.45
848 53.5
849 53.65
850 53.65
851 53.75
852 53.75
853 53.85
854 53.9
855 54.0
856 54.0
857 54.05
858 54.1
859 54.2
860 54.2
861 54.2
862 54.3
863 54.45
864 54.45
865 54.45
866 54.5
867 54.65
868 54.65
869 54.8
870 54.8
871 54.85
872 54.85
873 54.85
874 54.95
875 55.05
876 55.05
877 55.3
878 55.4
879 55.4
880 55.45
881 55.45
882 55.5
883 55.6
884 55.6
885 55.6
886 55.7
887 55.8
888 55.9
889 55.9
890 56.15
891 56.15
892 56.15
893 56.3
894 56.5
895 56.5
896 56.5
897 56.5
898 56.5
899 56.6
900 56.65
901 56.65
902 56.7
903 56.8
904 56.8
905 57.0
906 57.0
907 57.0
908 57.1
909 57.1
910 57.1
911 57.25
912 57.45
913 57.45
914 57.45
915 57.45
916 57.5
917 57.5
918 57.55
919 57.55
920 57.6
921 57.65
922 57.65
923 57.75
924 57.9
925 57.9
926 58.05
927 58.05
928 58.05
929 58.2
930 58.2
931 58.2
932 58.2
933 58.25
934 58.25
935 58.35
936 58.35
937 58.4
938 58.4
939 58.45
940 58.45
941 58.45
942 58.45
943 58.5
944 58.6
945 58.6
946 58.65
947 58.65
948 58.7
949 58.8
950 58.9
951 59.05
952 59.05
953 59.15
954 59.15
955 59.15
956 59.15
957 59.15
958 59.25
959 59.3
960 59.4
961 59.4
962 59.4
963 59.6
964 59.8
965 59.8
966 59.8
967 59.85
968 60.0
969 60.05
970 60.2
971 60.2
972 60.3
973 60.4
974 60.4
975 60.6
976 60.65
977 60.65
978 60.65
979 60.7
980 60.75
981 60.85
982 60.85
983 60.85
984 60.9
985 60.95
986 61.1
987 61.1
988 61.15
989 61.15
990 61.3
991 61.3
992 61.4
993 61.45
994 61.55
995 61.55
996 61.65
997 61.65
998 61.65
999 61.7
1000 61.7
1001 61.85
1002 61.9
1003 62.0
1004 62.0
1005 62.0
1006 62.05
1007 62.05
1008 62.05
1009 62.05
1010 62.15
1011 62.15
1012 62.15
1013 62.2
1014 62.3
1015 62.35
1016 62.4
1017 62.5
1018 62.5
1019 62.5
1020 62.5
1021 62.5
1022 62.55
1023 62.6
1024 62.7
1025 62.75
1026 62.75
1027 62.8
1028 62.85
1029 62.85
1030 62.9
1031 63.05
1032 63.1
1033 63.1
1034 63.15
1035 63.15
1036 63.2
1037 63.25
1038 63.35
1039 63.4
1040 63.5
1041 63.6
1042 63.7
1043 63.85
1044 63.95
1045 64.0
1046 64.05
1047 64.05
1048 64.15
1049 64.2
1050 64.25
1051 64.25
1052 64.25
1053 64.25
1054 64.35
1055 64.65
1056 64.65
1057 64.65
1058 64.75
1059 64.75
1060 64.75
1061 64.75
1062 64.85
1063 64.9
1064 64.95
1065 64.95
1066 64.95
1067 64.95
1068 64.95
1069 65.0
1070 65.0
1071 65.0
1072 65.0
1073 65.15
1074 65.15
1075 65.15
1076 65.15
1077 65.15
1078 65.15
1079 65.15
1080 65.15
1081 65.15
1082 65.25
1083 65.4
1084 65.5
1085 65.55
1086 65.55
1087 65.55
1088 65.65
1089 65.8
1090 65.8
1091 65.95
1092 65.95
1093 66.0
1094 66.0
1095 66.1
1096 66.15
1097 66.4
1098 66.4
1099 66.4
1100 66.4
1101 66.4
1102 66.4
1103 66.4
1104 66.45
1105 66.5
1106 66.5
1107 66.55
1108 66.55
1109 66.6
1110 66.65
1111 66.8
1112 66.95
1113 67.0
1114 67.05
1115 67.1
1116 67.1
1117 67.1
1118 67.1
1119 67.15
1120 67.15
1121 67.2
1122 67.35
1123 67.35
1124 67.4
1125 67.4
1126 67.4
1127 67.45
1128 67.45
1129 67.45
1130 67.5
1131 67.55
1132 67.65
1133 67.75
1134 67.8
1135 67.8
1136 67.95
1137 68.0
1138 68.05
1139 68.1
1140 68.3
1141 68.3
1142 68.45
1143 68.45
1144 68.5
1145 68.55
1146 68.55
1147 68.6
1148 68.6
1149 68.6
1150 68.7
1151 68.7
1152 68.75
1153 68.85
1154 68.9
1155 68.95
1156 68.95
1157 69.0
1158 69.0
1159 69.05
1160 69.2
1161 69.25
1162 69.3
1163 69.3
1164 69.3
1165 69.4
1166 69.4
1167 69.45
1168 69.45
1169 69.55
1170 69.55
1171 69.6
1172 69.6
1173 69.75
1174 69.9
1175 69.95
1176 69.95
1177 70.05
1178 70.1
1179 70.15
1180 70.25
1181 70.25
1182 70.3
1183 70.35
1184 70.4
1185 70.45
1186 70.5
1187 70.55
1188 70.55
1189 70.55
1190 70.55
1191 70.65
1192 70.7
1193 70.75
1194 70.75
1195 70.8
1196 70.8
1197 70.9
1198 70.9
1199 71.05
1200 71.05
1201 71.05
1202 71.1
1203 71.15
1204 71.25
1205 71.4
1206 71.45
1207 71.45
1208 71.45
1209 71.45
1210 71.45
1211 71.45
1212 71.55
1213 71.55
1214 71.6
1215 71.6
1216 71.6
1217 71.7
1218 71.7
1219 71.75
1220 71.8
1221 71.8
1222 71.8
1223 71.8
1224 71.8
1225 71.9
1226 72.0
1227 72.1
1228 72.1
1229 72.3
1230 72.45
1231 72.5
1232 72.5
1233 72.5
1234 72.65
1235 72.65
1236 72.7
1237 72.75
1238 72.8
1239 72.85
1240 72.9
1241 72.95
1242 73.0
1243 73.1
1244 73.2
1245 73.25
1246 73.25
1247 73.3
1248 73.3
1249 73.3
1250 73.3
1251 73.3
1252 73.3
1253 73.35
1254 73.4
1255 73.5
1256 73.6
1257 73.6
1258 73.65
1259 73.7
1260 73.75
1261 73.85
1262 73.85
1263 73.9
1264 74.0
1265 74.1
1266 74.1
1267 74.1
1268 74.1
1269 74.25
1270 74.3
1271 74.35
1272 74.35
1273 74.35
1274 74.4
1275 74.4
1276 74.4
1277 74.45
1278 74.5
1279 74.5
1280 74.55
1281 74.55
1282 74.55
1283 74.55
1284 74.55
1285 74.55
1286 74.65
1287 74.7
1288 74.7
1289 74.7
1290 74.75
1291 74.9
1292 74.9
1293 74.9
1294 74.95
1295 75.1
1296 75.1
1297 75.1
1298 75.15
1299 75.2
1300 75.35
1301 75.35
1302 75.45
1303 75.65
1304 75.65
1305 75.65
1306 75.65
1307 75.65
1308 75.65
1309 75.7
1310 75.8
1311 75.95
1312 76.0
1313 76.05
1314 76.05
1315 76.15
1316 76.15
1317 76.2
1318 76.2
1319 76.2
1320 76.35
1321 76.35
1322 76.35
1323 76.35
1324 76.35
1325 76.4
1326 76.45
1327 76.45
1328 76.5
1329 76.55
1330 76.75
1331 76.75
1332 76.8
1333 76.85
1334 76.9
1335 76.9
1336 77.0
1337 77.05
1338 77.05
1339 77.05
1340 77.25
1341 77.35
1342 77.35
1343 77.35
1344 77.35
1345 77.35
1346 77.35
1347 77.45
1348 77.45
1349 77.45
1350 77.45
1351 77.55
1352 77.55
1353 77.55
1354 77.65
1355 77.7
1356 77.8
1357 77.8
1358 77.9
1359 77.9
1360 77.9
1361 77.95
1362 78.05
1363 78.05
1364 78.1
1365 78.15
1366 78.15
1367 78.15
1368 78.15
1369 78.2
1370 78.2
1371 78.2
1372 78.2
1373 78.3
1374 78.35
1375 78.45
1376 78.5
1377 78.55
1378 78.6
1379 78.85
1380 78.85
1381 78.95
1382 78.95
1383 78.95
1384 78.95
1385 79.1
1386 79.1
1387 79.1
1388 79.1
1389 79.2
1390 79.35
1391 79.4
1392 79.45
1393 79.5
1394 79.5
1395 79.5
1396 79.5
1397 79.55
1398 79.6
1399 79.6
1400 79.65
1401 79.75
1402 79.75
1403 79.75
1404 79.85
1405 79.85
1406 79.85
1407 79.9
1408 79.9
1409 79.9
1410 79.9
1411 79.95
1412 80.0
1413 80.0
1414 80.0
1415 80.1
1416 80.25
1417 80.3
1418 80.35
1419 80.35
1420 80.35
1421 80.4
1422 80.6
1423 80.6
1424 80.65
1425 80.65
1426 80.75
1427 80.75
1428 80.75
1429 80.8
1430 80.85
1431 80.85
1432 80.85
1433 80.85
1434 80.95
1435 81.1
1436 81.1
1437 81.15
1438 81.25
1439 81.25
1440 81.25
1441 81.25
1442 81.4
1443 81.4
1444 81.5
1445 81.5
1446 81.5
1447 81.55
1448 81.6
1449 81.6
1450 81.6
1451 81.6
1452 81.6
1453 81.75
1454 81.75
1455 81.75
1456 81.75
1457 81.75
1458 81.75
1459 81.85
1460 81.9
1461 81.9
1462 82.0
1463 82.05
1464 82.05
1465 82.15
1466 82.35
1467 82.35
1468 82.4
1469 82.4
1470 82.5
1471 82.5
1472 82.5
1473 82.65
1474 82.7
1475 82.85
1476 82.95
1477 83.0
1478 83.1
1479 83.1
1480 83.1
1481 83.1
1482 83.15
1483 83.15
1484 83.3
1485 83.3
1486 83.35
1487 83.4
1488 83.45
1489 83.45
1490 83.6
1491 83.75
1492 83.75
1493 83.75
1494 83.75
1495 83.8
1496 83.8
1497 83.8
1498 83.8
1499 83.85
1500 83.9
1501 83.95
1502 83.95
1503 83.95
1504 84.0
1505 84.05
1506 84.1
1507 84.2
1508 84.25
1509 84.3
1510 84.3
1511 84.3
1512 84.3
1513 84.35
1514 84.35
1515 84.4
1516 84.4
1517 84.6
1518 84.6
1519 84.6
1520 84.6
1521 84.65
1522 84.65
1523 84.7
1524 84.7
1525 84.9
1526 84.9
1527 84.9
1528 84.9
1529 85.1
1530 85.15
1531 85.2
1532 85.2
1533 85.35
1534 85.4
1535 85.4
1536 85.4
1537 85.4
1538 85.45
1539 85.55
1540 85.55
1541 85.55
1542 85.55
1543 85.7
1544 85.8
1545 85.8
1546 86.0
1547 86.0
1548 86.1
1549 86.2
1550 86.2
1551 86.2
1552 86.2
1553 86.2
1554 86.2
1555 86.2
1556 86.2
1557 86.2
1558 86.2
1559 86.3
1560 86.3
1561 86.3
1562 86.45
1563 86.5
1564 86.65
1565 86.65
1566 86.75
1567 86.75
1568 86.85
1569 86.95
1570 86.95
1571 86.95
1572 87.0
1573 87.0
1574 87.05
1575 87.05
1576 87.05
1577 87.05
1578 87.1
1579 87.2
1580 87.2
1581 87.2
1582 87.2
1583 87.2
1584 87.3
1585 87.3
1586 87.3
1587 87.5
1588 87.5
1589 87.5
1590 87.5
1591 87.5
1592 87.6
1593 87.6
1594 87.6
1595 87.6
1596 87.6
1597 87.6
1598 87.7
1599 87.8
1600 87.85
1601 87.85
1602 87.85
1603 87.85
1604 87.9
1605 87.9
1606 87.9
1607 87.9
1608 87.9
1609 88.0
1610 88.0
1611 88.0
1612 88.0
1613 88.1
1614 88.35
1615 88.35
1616 88.35
1617 88.4
1618 88.6
1619 88.6
1620 88.7
1621 88.7
1622 88.7
1623 88.75
1624 88.75
1625 88.75
1626 89.0
1627 89.05
1628 89.1
1629 89.1
1630 89.2
1631 89.2
1632 89.2
1633 89.25
1634 89.35
1635 89.5
1636 89.65
1637 89.65
1638 89.7
1639 89.7
1640 89.7
1641 89.7
1642 89.75
1643 89.75
1644 89.95
1645 89.95
1646 89.95
1647 89.95
1648 89.95
1649 89.95
1650 90.05
1651 90.05
1652 90.1
1653 90.3
1654 90.35
1655 90.45
1656 90.5
1657 90.5
1658 90.5
1659 90.55
1660 90.55
1661 90.55
1662 90.65
1663 90.65
1664 90.8
1665 90.85
1666 90.95
1667 90.95
1668 90.95
1669 91.0
1670 91.05
1671 91.15
1672 91.15
1673 91.2
1674 91.25
1675 91.25
1676 91.3
1677 91.3
1678 91.35
1679 91.35
1680 91.35
1681 91.35
1682 91.4
1683 91.4
1684 91.55
1685 91.55
1686 91.55
1687 91.55
1688 91.55
1689 91.55
1690 91.6
1691 91.6
1692 91.6
1693 91.65
1694 91.7
1695 91.75
1696 91.75
1697 91.9
1698 92.15
1699 92.2
1700 92.3
1701 92.35
1702 92.35
1703 92.35
1704 92.35
1705 92.6
1706 92.6
1707 92.6
1708 92.75
1709 92.75
1710 92.8
1711 92.8
1712 92.9
1713 93.0
1714 93.0
1715 93.0
1716 93.0
1717 93.0
1718 93.0
1719 93.05
1720 93.05
1721 93.1
1722 93.2
1723 93.25
1724 93.3
1725 93.45
1726 93.45
1727 93.45
1728 93.45
1729 93.5
1730 93.5
1731 93.55
1732 93.6
1733 93.7
1734 93.7
1735 93.7
1736 93.7
1737 93.7
1738 93.8
1739 93.85
1740 93.85
1741 93.85
1742 93.9
1743 93.9
1744 93.9
1745 93.9
1746 93.9
1747 93.9
1748 93.9
1749 93.9
1750 94.0
1751 94.05
1752 94.05
1753 94.1
1754 94.25
1755 94.25
1756 94.25
1757 94.3
1758 94.4
1759 94.4
1760 94.4
1761 94.4
1762 94.4
1763 94.4
1764 94.4
1765 94.45
1766 94.5
1767 94.5
1768 94.55
1769 94.6
1770 94.65
1771 94.7
1772 94.7
1773 94.95
1774 95.05
1775 95.05
1776 95.2
1777 95.2
1778 95.2
1779 95.2
1780 95.35
1781 95.4
1782 95.45
1783 95.55
1784 95.55
1785 95.6
1786 95.7
1787 95.7
1788 95.7
1789 95.7
1790 95.75
1791 95.75
1792 95.8
1793 95.8
1794 95.8
1795 95.85
1796 95.95
1797 95.95
1798 95.95
1799 95.95
1800 95.95
1801 95.95
1802 95.95
1803 96.0
1804 96.1
1805 96.2
1806 96.2
1807 96.3
1808 96.3
1809 96.35
1810 96.35
1811 96.35
1812 96.35
1813 96.4
1814 96.4
1815 96.45
1816 96.45
1817 96.5
1818 96.6
1819 96.65
1820 96.75
1821 96.75
1822 96.85
1823 97.0
1824 97.0
1825 97.0
1826 97.25
1827 97.3
1828 97.4
1829 97.4
1830 97.4
1831 97.55
1832 97.55
1833 97.55
1834 97.55
1835 97.55
1836 97.65
1837 97.65
1838 97.65
1839 97.65
1840 97.65
1841 97.7
1842 97.8
1843 97.8
1844 97.85
1845 97.9
1846 97.95
1847 97.95
1848 98.0
1849 98.1
1850 98.2
1851 98.2
1852 98.2
1853 98.2
1854 98.2
1855 98.2
1856 98.25
1857 98.3
1858 98.3
1859 98.3
1860 98.3
1861 98.3
1862 98.35
1863 98.35
1864 98.35
1865 98.35
1866 98.35
1867 98.35
1868 98.35
1869 98.35
1870 98.35
1871 98.55
1872 98.65
1873 98.85
1874 98.85
1875 98.9
1876 98.9
1877 98.9
1878 98.95
1879 99.0
1880 99.0
1881 99.0
1882 99.05
1883 99.05
1884 99.05
1885 99.2
1886 99.2
1887 99.2
1888 99.2
1889 99.25
1890 99.25
1891 99.25
1892 99.25
1893 99.35
1894 99.45
1895 99.45
1896 99.55
1897 99.6
1898 99.6
1899 99.65
1900 99.65
1901 99.65
1902 99.7
1903 99.7
1904 99.8
1905 99.8
1906 99.9
1907 99.9
1908 99.95
1909 100.0
1910 100.05
1911 100.05
1912 100.05
1913 100.05
1914 100.05
1915 100.1
1916 100.15
1917 100.15
1918 100.2
1919 100.25
1920 100.25
1921 100.3
1922 100.45
1923 100.5
1924 100.5
1925 100.55
1926 100.6
1927 100.65
1928 100.7
1929 100.75
1930 100.85
1931 100.9
1932 100.9
1933 100.9
1934 100.95
1935 100.95
1936 100.95
1937 100.95
1938 100.95
1939 101.05
1940 101.1
1941 101.1
1942 101.1
1943 101.1
1944 101.15
1945 101.15
1946 101.2
1947 101.25
1948 101.3
1949 101.35
1950 101.35
1951 101.55
1952 101.55
1953 101.55
1954 101.65
1955 101.65
1956 101.7
1957 101.7
1958 101.7
1959 101.75
1960 101.85
1961 101.85
1962 101.85
1963 101.85
1964 101.9
1965 101.9
1966 102.0
1967 102.0
1968 102.0
1969 102.0
1970 102.1
1971 102.1
1972 102.1
1973 102.1
1974 102.1
1975 102.1
1976 102.1
1977 102.15
1978 102.15
1979 102.15
1980 102.2
1981 102.25
1982 102.25
1983 102.3
1984 102.3
1985 102.3
1986 102.35
1987 102.35
1988 102.35
1989 102.5
1990 102.5
1991 102.7
1992 102.7
1993 102.75
1994 102.8
1995 102.95
1996 103.05
1997 103.05
1998 103.1
1999 103.15
2000 103.15
2001 103.15
2002 103.15
2003 103.15
2004 103.15
2005 103.15
2006 103.15
2007 103.15
2008 103.15
2009 103.15
2010 103.2
2011 103.25
2012 103.25
2013 103.25
2014 103.25
2015 103.35
2016 103.35
2017 103.35
2018 103.5
2019 103.5
2020 103.5
2021 103.55
2022 103.6
2023 103.6
2024 103.6
2025 103.65
2026 103.7
2027 103.75
2028 103.8
2029 103.8
2030 103.8
2031 103.85
2032 103.9
2033 103.95
2034 103.95
2035 103.95
2036 103.95
2037 104.0
2038 104.0
2039 104.0
2040 104.0
2041 104.05
2042 104.1
2043 104.15
2044 104.15
2045 104.25
2046 104.25
2047 104.3
2048 104.3
2049 104.4
2050 104.4
2051 104.5
2052 104.5
2053 104.55
2054 104.55
2055 104.55
2056 104.65
2057 104.7
2058 104.7
2059 104.85
2060 104.85
2061 104.85
2062 104.9
2063 104.95
2064 105.05
2065 105.05
2066 105.05
2067 105.05
2068 105.1
2069 105.2
2070 105.2
2071 105.2
2072 105.25
2073 105.25
2074 105.3
2075 105.3
2076 105.35
2077 105.35
2078 105.35
2079 105.35
2080 105.35
2081 105.45
2082 105.45
2083 105.45
2084 105.45
2085 105.45
2086 105.55
2087 105.55
2088 105.55
2089 105.55
2090 105.55
2091 105.65
2092 105.65
2093 105.65
2094 105.7
2095 105.7
2096 105.75
2097 105.75
2098 105.85
2099 105.85
2100 105.9
2101 106.0
2102 106.0
2103 106.0
2104 106.0
2105 106.0
2106 106.05
2107 106.05
2108 106.3
2109 106.3
2110 106.35
2111 106.35
2112 106.35
2113 106.35
2114 106.5
2115 106.6
2116 106.75
2117 106.75
2118 106.75
2119 106.75
2120 106.85
2121 106.9
2122 106.9
2123 106.9
2124 106.9
2125 106.9
2126 107.05
2127 107.05
2128 107.05
2129 107.1
2130 107.1
2131 107.1
2132 107.15
2133 107.3
2134 107.4
2135 107.5
2136 107.55
2137 107.55
2138 107.55
2139 107.55
2140 107.6
2141 107.6
2142 107.65
2143 107.65
2144 107.65
2145 107.65
2146 107.65
2147 107.65
2148 107.65
2149 107.65
2150 107.65
2151 107.65
2152 107.65
2153 107.7
2154 107.7
2155 107.7
2156 107.7
2157 107.95
2158 107.95
2159 107.95
2160 107.95
2161 107.95
2162 107.95
2163 108.05
2164 108.05
2165 108.15
2166 108.25
2167 108.3
2168 108.4
2169 108.45
2170 108.5
2171 108.55
2172 108.55
2173 108.55
2174 108.55
2175 108.55
2176 108.6
2177 108.6
2178 108.6
2179 108.7
2180 108.7
2181 108.75
2182 108.8
2183 108.8
2184 108.9
2185 108.9
2186 108.9
2187 108.95
2188 109.0
2189 109.0
2190 109.05
2191 109.2
2192 109.2
2193 109.3
2194 109.3
2195 109.3
2196 109.35
2197 109.4
2198 109.4
2199 109.45
2200 109.5
2201 109.5
2202 109.55
2203 109.55
2204 109.55
2205 109.6
2206 109.7
2207 109.75
2208 109.85
2209 109.95
2210 109.95
2211 109.95
2212 109.95
2213 109.95
2214 109.95
2215 109.95
2216 110.05
2217 110.2
2218 110.3
2219 110.3
2220 110.3
2221 110.35
2222 110.35
2223 110.35
2224 110.45
2225 110.45
2226 110.5
2227 110.6
2228 110.6
2229 110.65
2230 110.65
2231 110.65
2232 110.65
2233 110.65
2234 110.65
2235 110.7
2236 110.8
2237 110.8
2238 110.85
2239 110.85
2240 110.95
2241 111.05
2242 111.15
2243 111.15
2244 111.15
2245 111.15
2246 111.25
2247 111.35
2248 111.35
2249 111.35
2250 111.35
2251 111.35
2252 111.4
2253 111.4
2254 111.45
2255 111.5
2256 111.5
2257 111.55
2258 111.65
2259 111.65
2260 111.7
2261 111.75
2262 111.75
2263 111.75
2264 111.75
2265 111.75
2266 111.8
2267 111.9
2268 112.0
2269 112.1
2270 112.1
2271 112.1
2272 112.15
2273 112.2
2274 112.25
2275 112.25
2276 112.25
2277 112.3
2278 112.3
2279 112.3
2280 112.3
2281 112.3
2282 112.4
2283 112.6
2284 112.6
2285 112.65
2286 112.65
2287 112.65
2288 112.65
2289 112.65
2290 112.75
2291 112.9
2292 112.9
2293 112.9
2294 112.9
2295 113.0
2296 113.05
2297 113.05
2298 113.05
2299 113.05
2300 113.05
2301 113.15
2302 113.25
2303 113.25
2304 113.35
2305 113.35
2306 113.35
2307 113.35
2308 113.35
2309 113.35
2310 113.35
2311 113.35
2312 113.35
2313 113.35
2314 113.4
2315 113.4
2316 113.5
2317 113.5
2318 113.5
2319 113.5
2320 113.6
2321 113.6
2322 113.7
2323 113.7
2324 113.7
2325 113.7
2326 113.7
2327 113.7
2328 113.7
2329 113.7
2330 113.7
2331 113.7
2332 113.8
2333 113.9
2334 113.9
2335 114.0
2336 114.0
2337 114.05
2338 114.05
2339 114.05
2340 114.05
2341 114.15
2342 114.15
2343 114.15
2344 114.15
2345 114.25
2346 114.25
2347 114.25
2348 114.3
2349 114.45
2350 114.5
2351 114.5
2352 114.5
2353 114.5
2354 114.6
2355 114.75
2356 114.8
2357 114.85
2358 114.85
2359 114.85
2360 114.85
2361 114.85
2362 114.85
2363 114.9
2364 114.9
2365 114.95
2366 114.95
2367 115.15
2368 115.15
2369 115.15
2370 115.2
2371 115.2
2372 115.2
2373 115.2
2374 115.2
2375 115.2
2376 115.2
2377 115.3
2378 115.35
2379 115.35
2380 115.35
2381 115.45
2382 115.5
2383 115.6
2384 115.65
2385 115.75
2386 115.8
2387 115.8
2388 115.8
2389 115.85
2390 115.85
2391 115.85
2392 115.95
2393 116.0
2394 116.0
2395 116.0
2396 116.05
2397 116.05
2398 116.05
2399 116.05
2400 116.05
2401 116.1
2402 116.1
2403 116.1
2404 116.1
2405 116.1
2406 116.15
2407 116.15
2408 116.2
2409 116.2
2410 116.2
2411 116.2
2412 116.2
2413 116.25
2414 116.25
2415 116.25
2416 116.3
2417 116.35
2418 116.35
2419 116.45
2420 116.45
2421 116.45
2422 116.55
2423 116.55
2424 116.6
2425 116.6
2426 116.7
2427 116.7
2428 116.7
2429 116.7
2430 116.7
2431 116.75
2432 116.75
2433 116.75
2434 116.75
2435 116.8
2436 116.8
2437 116.8
2438 116.8
2439 116.85
2440 116.85
2441 116.9
2442 117.0
2443 117.0
2444 117.0
2445 117.0
2446 117.05
2447 117.15
2448 117.2
2449 117.2
2450 117.25
2451 117.3
2452 117.35
2453 117.35
2454 117.35
2455 117.5
2456 117.6
2457 117.6
2458 117.6
2459 117.6
2460 117.6
2461 117.6
2462 117.6
2463 117.6
2464 117.6
2465 117.7
2466 117.7
2467 117.7
2468 117.7
2469 117.7
2470 117.75
2471 117.75
2472 117.75
2473 117.75
2474 117.75
2475 117.75
2476 117.8
2477 117.85
2478 117.9
2479 117.95
2480 117.95
2481 117.95
2482 118.05
2483 118.05
2484 118.1
2485 118.1
2486 118.15
2487 118.2
2488 118.2
2489 118.2
2490 118.25
2491 118.25
2492 118.25
2493 118.25
2494 118.3
2495 118.3
2496 118.35
2497 118.35
2498 118.35
2499 118.4
2500 118.4
2501 118.4
2502 118.5
2503 118.55
2504 118.55
2505 118.55
2506 118.55
2507 118.55
2508 118.6
2509 118.6
2510 118.6
2511 118.6
2512 118.6
2513 118.6
2514 118.75
2515 118.8
2516 118.85
2517 118.85
2518 118.9
2519 118.9
2520 118.9
2521 118.9
2522 118.9
2523 118.95
2524 119.0
2525 119.1
2526 119.15
2527 119.15
2528 119.15
2529 119.15
2530 119.15
2531 119.25
2532 119.3
2533 119.3
2534 119.35
2535 119.55
2536 119.55
2537 119.55
2538 119.55
2539 119.55
2540 119.55
2541 119.55
2542 119.55
2543 119.55
2544 119.6
2545 119.65
2546 119.7
2547 119.7
2548 119.8
2549 119.8
2550 119.8
2551 119.85
2552 119.9
2553 119.9
2554 119.95
2555 120.0
2556 120.0
2557 120.0
2558 120.05
2559 120.15
2560 120.15
2561 120.15
2562 120.15
2563 120.15
2564 120.15
2565 120.15
2566 120.15
2567 120.2
2568 120.35
2569 120.45
2570 120.45
2571 120.45
2572 120.5
2573 120.55
2574 120.65
2575 120.65
2576 120.65
2577 120.65
2578 120.65
2579 120.65
2580 120.7
2581 120.75
2582 120.8
2583 120.85
2584 120.85
2585 120.9
2586 120.95
2587 121.05
2588 121.05
2589 121.1
2590 121.15
2591 121.25
2592 121.25
2593 121.3
2594 121.35
2595 121.4
2596 121.4
2597 121.4
2598 121.4
2599 121.45
2600 121.5
2601 121.5
2602 121.5
2603 121.5
2604 121.5
2605 121.5
2606 121.55
2607 121.6
2608 121.65
2609 121.75
2610 121.75
2611 121.85
2612 122.0
2613 122.0
2614 122.0
2615 122.0
2616 122.05
2617 122.05
2618 122.05
2619 122.15
2620 122.15
2621 122.15
2622 122.15
2623 122.2
2624 122.2
2625 122.2
2626 122.25
2627 122.25
2628 122.25
2629 122.25
2630 122.3
2631 122.3
2632 122.35
2633 122.45
2634 122.55
2635 122.6
2636 122.65
2637 122.65
2638 122.65
2639 122.65
2640 122.7
2641 122.7
2642 122.75
2643 122.8
2644 122.8
2645 122.8
2646 122.8
2647 122.8
2648 122.85
2649 122.85
2650 122.9
2651 122.95
2652 123.0
2653 123.0
2654 123.0
2655 123.2
2656 123.2
2657 123.2
2658 123.2
2659 123.3
2660 123.3
2661 123.35
2662 123.35
2663 123.45
2664 123.5
2665 123.55
2666 123.55
2667 123.55
2668 123.55
2669 123.6
2670 123.65
2671 123.65
2672 123.7
2673 123.7
2674 123.75
2675 123.75
2676 123.75
2677 123.75
2678 123.75
2679 123.75
2680 123.75
2681 123.75
2682 123.75
2683 123.75
2684 123.75
2685 123.75
2686 123.75
2687 123.75
2688 123.75
2689 123.75
2690 123.85
2691 123.85
2692 123.95
2693 124.0
2694 124.0
2695 124.05
2696 124.15
2697 124.15
2698 124.2
2699 124.2
2700 124.25
2701 124.25
2702 124.3
2703 124.3
2704 124.35
2705 124.35
2706 124.35
2707 124.45
2708 124.5
2709 124.5
2710 124.5
2711 124.6
2712 124.75
2713 124.75
2714 124.8
2715 124.8
2716 124.8
2717 124.8
2718 124.85
2719 124.85
2720 124.85
2721 124.85
2722 124.85
2723 124.9
2724 124.9
2725 124.95
2726 124.95
2727 124.95
2728 125.05
2729 125.05
2730 125.05
2731 125.05
2732 125.05
2733 125.05
2734 125.1
2735 125.1
2736 125.15
2737 125.15
2738 125.25
2739 125.25
2740 125.3
2741 125.4
2742 125.4
2743 125.4
2744 125.4
2745 125.45
2746 125.45
2747 125.45
2748 125.6
2749 125.6
2750 125.6
2751 125.6
2752 125.6
2753 125.65
2754 125.65
2755 125.7
2756 125.75
2757 125.8
2758 125.85
2759 125.85
2760 125.85
2761 125.9
2762 126.0
2763 126.0
2764 126.0
2765 126.05
2766 126.05
2767 126.05
2768 126.05
2769 126.05
2770 126.05
2771 126.05
2772 126.05
2773 126.15
2774 126.2
2775 126.25
2776 126.25
2777 126.25
2778 126.25
2779 126.25
2780 126.25
2781 126.25
2782 126.3
2783 126.55
2784 126.6
2785 126.65
2786 126.65
2787 126.65
2788 126.65
2789 126.7
2790 126.8
2791 126.8
2792 126.95
2793 126.95
2794 126.95
2795 126.95
2796 126.95
2797 126.95
2798 127.0
2799 127.0
2800 127.0
2801 127.0
2802 127.0
2803 127.0
2804 127.0
2805 127.0
2806 127.0
2807 127.0
2808 127.05
2809 127.05
2810 127.1
2811 127.15
2812 127.15
2813 127.2
2814 127.2
2815 127.2
2816 127.2
2817 127.3
2818 127.3
2819 127.3
2820 127.3
2821 127.3
2822 127.35
2823 127.4
2824 127.4
2825 127.5
2826 127.5
2827 127.5
2828 127.5
2829 127.65
2830 127.75
2831 127.75
2832 127.8
2833 127.85
2834 127.85
2835 127.9
2836 127.9
2837 127.9
2838 127.9
2839 127.9
2840 127.9
2841 127.9
2842 127.9
2843 127.9
2844 127.9
2845 127.95
2846 128.05
2847 128.05
2848 128.05
2849 128.1
2850 128.1
2851 128.1
2852 128.1
2853 128.1
2854 128.1
2855 128.3
2856 128.5
2857 128.55
2858 128.65
2859 128.65
2860 128.65
2861 128.75
2862 128.75
2863 128.75
2864 128.75
2865 128.75
2866 128.8
2867 128.8
2868 128.85
2869 128.85
2870 128.85
2871 128.85
2872 128.85
2873 129.05
2874 129.15
2875 129.15
2876 129.15
2877 129.15
2878 129.15
2879 129.15
2880 129.2
2881 129.2
2882 129.2
2883 129.25
2884 129.25
2885 129.25
2886 129.25
2887 129.3
2888 129.3
2889 129.3
2890 129.4
2891 129.45
2892 129.55
2893 129.55
2894 129.55
2895 129.55
2896 129.55
2897 129.6
2898 129.65
2899 129.65
2900 129.7
2901 129.95
2902 130.05
2903 130.1
2904 130.1
2905 130.15
2906 130.15
2907 130.15
2908 130.2
2909 130.25
2910 130.25
2911 130.25
2912 130.25
2913 130.25
2914 130.25
2915 130.3
2916 130.3
2917 130.3
2918 130.3
2919 130.35
2920 130.35
2921 130.4
2922 130.4
2923 130.4
2924 130.4
2925 130.4
2926 130.4
2927 130.4
2928 130.45
2929 130.45
2930 130.55
2931 130.55
2932 130.55
2933 130.55
2934 130.6
2935 130.6
2936 130.6
2937 130.65
2938 130.65
2939 130.65
2940 130.65
2941 130.65
2942 130.7
2943 130.7
2944 130.75
2945 130.75
2946 130.75
2947 130.75
2948 130.75
2949 130.75
2950 130.75
2951 130.75
2952 130.85
2953 130.95
2954 130.95
2955 130.95
2956 131.0
2957 131.0
2958 131.15
2959 131.2
2960 131.2
2961 131.3
2962 131.3
2963 131.3
2964 131.3
2965 131.3
2966 131.3
2967 131.3
2968 131.3
2969 131.3
2970 131.3
2971 131.35
2972 131.35
2973 131.55
2974 131.55
2975 131.55
2976 131.65
2977 131.65
2978 131.75
2979 131.8
2980 131.8
2981 131.85
2982 131.9
2983 131.9
2984 131.95
2985 131.95
2986 132.0
2987 132.05
2988 132.05
2989 132.05
2990 132.05
2991 132.05
2992 132.1
2993 132.15
2994 132.15
2995 132.15
2996 132.15
2997 132.15
2998 132.15
2999 132.15
3000 132.15
3001 132.15
3002 132.25
3003 132.25
3004 132.25
3005 132.3
3006 132.3
3007 132.3
3008 132.3
3009 132.3
3010 132.3
3011 132.4
3012 132.4
3013 132.4
3014 132.45
3015 132.45
3016 132.45
3017 132.45
3018 132.55
3019 132.55
3020 132.55
3021 132.7
3022 132.7
3023 132.75
3024 132.75
3025 132.75
3026 132.75
3027 132.75
3028 132.75
3029 132.75
3030 132.8
3031 132.8
3032 132.8
3033 132.85
3034 132.95
3035 132.95
3036 132.95
3037 133.0
3038 133.0
3039 133.2
3040 133.2
3041 133.2
3042 133.2
3043 133.25
3044 133.25
3045 133.35
3046 133.35
3047 133.35
3048 133.4
3049 133.4
3050 133.4
3051 133.4
3052 133.4
3053 133.45
3054 133.45
3055 133.45
3056 133.45
3057 133.45
3058 133.45
3059 133.45
3060 133.45
3061 133.45
3062 133.45
3063 133.55
3064 133.55
3065 133.6
3066 133.6
3067 133.65
3068 133.65
3069 133.65
3070 133.7
3071 133.7
3072 133.75
3073 133.85
3074 133.85
3075 133.85
3076 133.85
3077 133.9
3078 133.95
3079 133.95
3080 133.95
3081 133.95
3082 134.0
3083 134.0
3084 134.0
3085 134.05
3086 134.05
3087 134.05
3088 134.1
3089 134.15
3090 134.15
3091 134.15
3092 134.15
3093 134.15
3094 134.2
3095 134.2
3096 134.2
3097 134.2
3098 134.25
3099 134.25
3100 134.25
3101 134.35
3102 134.4
3103 134.45
3104 134.45
3105 134.45
3106 134.45
3107 134.5
3108 134.5
3109 134.5
3110 134.5
3111 134.5
3112 134.6
3113 134.6
3114 134.6
3115 134.65
3116 134.65
3117 134.65
3118 134.65
3119 134.7
3120 134.7
3121 134.7
3122 134.7
3123 134.7
3124 134.8
3125 134.9
3126 134.9
3127 134.9
3128 134.9
3129 134.9
3130 134.9
3131 134.9
3132 134.9
3133 134.9
3134 134.9
3135 134.9
3136 135.0
3137 135.0
3138 135.05
3139 135.1
3140 135.15
3141 135.25
3142 135.25
3143 135.35
3144 135.35
3145 135.4
3146 135.45
3147 135.45
3148 135.45
3149 135.45
3150 135.7
3151 135.75
3152 135.75
3153 135.8
3154 135.8
3155 135.8
3156 135.8
3157 135.85
3158 135.9
3159 135.9
3160 135.95
3161 136.0
3162 136.05
3163 136.1
3164 136.1
3165 136.1
3166 136.1
3167 136.1
3168 136.1
3169 136.1
3170 136.15
3171 136.25
3172 136.3
3173 136.3
3174 136.35
3175 136.35
3176 136.4
3177 136.4
3178 136.4
3179 136.45
3180 136.5
3181 136.55
3182 136.55
3183 136.65
3184 136.65
3185 136.65
3186 136.65
3187 136.7
3188 136.7
3189 136.7
3190 136.75
3191 136.8
3192 136.8
3193 136.8
3194 136.85
3195 136.85
3196 136.85
3197 136.85
3198 136.85
3199 136.85
3200 136.85
3201 136.85
3202 137.0
3203 137.05
3204 137.05
3205 137.1
3206 137.1
3207 137.15
3208 137.3
3209 137.35
3210 137.4
3211 137.45
3212 137.45
3213 137.45
3214 137.45
3215 137.45
3216 137.45
3217 137.45
3218 137.45
3219 137.45
3220 137.45
3221 137.45
3222 137.45
3223 137.45
3224 137.45
3225 137.45
3226 137.45
3227 137.45
3228 137.45
3229 137.45
3230 137.55
3231 137.55
3232 137.6
3233 137.65
3234 137.7
3235 137.7
3236 137.7
3237 137.7
3238 137.75
3239 137.75
3240 137.75
3241 137.8
3242 137.8
3243 137.8
3244 137.8
3245 137.85
3246 137.85
3247 138.0
3248 138.1
3249 138.1
3250 138.1
3251 138.1
3252 138.15
3253 138.3
3254 138.35
3255 138.45
3256 138.6
3257 138.6
3258 138.6
3259 138.6
3260 138.6
3261 138.6
3262 138.6
3263 138.6
3264 138.6
3265 138.6
3266 138.65
3267 138.65
3268 138.65
3269 138.65
3270 138.65
3271 138.65
3272 138.75
3273 138.75
3274 138.75
3275 138.8
3276 138.8
3277 138.9
3278 138.9
3279 139.0
3280 139.0
3281 139.0
3282 139.0
3283 139.05
3284 139.05
3285 139.05
3286 139.05
3287 139.05
3288 139.1
3289 139.15
3290 139.15
3291 139.15
3292 139.15
3293 139.15
3294 139.15
3295 139.15
3296 139.2
3297 139.2
3298 139.25
3299 139.25
3300 139.3
3301 139.35
3302 139.35
3303 139.35
3304 139.4
3305 139.5
3306 139.55
3307 139.6
3308 139.75
3309 139.75
3310 139.75
3311 139.85
3312 139.9
3313 139.9
3314 139.9
3315 139.9
3316 139.9
3317 139.95
3318 139.95
3319 139.95
3320 139.95
3321 140.0
3322 140.0
3323 140.0
3324 140.0
3325 140.0
3326 140.0
3327 140.05
3328 140.05
3329 140.05
3330 140.05
3331 140.05
3332 140.1
3333 140.1
3334 140.15
3335 140.15
3336 140.15
3337 140.2
3338 140.2
3339 140.2
3340 140.25
3341 140.25
3342 140.25
3343 140.25
3344 140.3
3345 140.35
3346 140.35
3347 140.4
3348 140.45
3349 140.45
3350 140.5
3351 140.5
3352 140.5
3353 140.5
3354 140.5
3355 140.55
3356 140.6
3357 140.7
3358 140.7
3359 140.7
3360 140.7
3361 140.7
3362 140.7
3363 140.8
3364 140.8
3365 140.8
3366 140.8
3367 140.8
3368 140.8
3369 140.8
3370 140.8
3371 140.8
3372 140.85
3373 140.85
3374 140.85
3375 140.85
3376 140.85
3377 140.85
3378 140.85
3379 140.85
3380 140.85
3381 140.85
3382 140.85
3383 140.9
3384 140.9
3385 140.95
3386 140.95
3387 140.95
3388 140.95
3389 141.1
3390 141.15
3391 141.15
3392 141.2
3393 141.2
3394 141.25
3395 141.3
3396 141.3
3397 141.4
3398 141.45
3399 141.45
3400 141.45
3401 141.45
3402 141.45
3403 141.45
3404 141.45
3405 141.55
3406 141.6
3407 141.6
3408 141.65
3409 141.65
3410 141.65
3411 141.65
3412 141.65
3413 141.65
3414 141.75
3415 141.75
3416 141.85
3417 141.85
3418 141.85
3419 141.85
3420 141.85
3421 141.85
3422 141.85
3423 141.9
3424 141.9
3425 141.9
3426 141.95
3427 141.95
3428 141.95
3429 142.05
3430 142.05
3431 142.1
3432 142.15
3433 142.15
3434 142.2
3435 142.2
3436 142.2
3437 142.25
3438 142.25
3439 142.3
3440 142.35
3441 142.35
3442 142.35
3443 142.35
3444 142.35
3445 142.4
3446 142.45
3447 142.45
3448 142.55
3449 142.55
3450 142.6
3451 142.6
3452 142.65
3453 142.65
3454 142.65
3455 142.7
3456 142.7
3457 142.75
3458 142.75
3459 142.75
3460 142.75
3461 142.75
3462 142.75
3463 142.8
3464 142.8
3465 142.8
3466 142.8
3467 142.8
3468 142.85
3469 142.9
3470 142.9
3471 142.9
3472 142.9
3473 142.9
3474 142.9
3475 142.95
3476 143.05
3477 143.05
3478 143.05
3479 143.05
3480 143.05
3481 143.05
3482 143.05
3483 143.05
3484 143.05
3485 143.15
3486 143.2
3487 143.25
3488 143.25
3489 143.25
3490 143.3
3491 143.3
3492 143.3
3493 143.3
3494 143.3
3495 143.3
3496 143.4
3497 143.45
3498 143.5
3499 143.6
3500 143.65
3501 143.7
3502 143.7
3503 143.7
3504 143.7
3505 143.7
3506 143.7
3507 143.7
3508 143.7
3509 143.7
3510 143.75
3511 143.8
3512 143.8
3513 143.8
3514 143.85
3515 143.9
3516 143.9
3517 143.9
3518 144.0
3519 144.0
3520 144.1
3521 144.1
3522 144.15
3523 144.15
3524 144.15
3525 144.15
3526 144.2
3527 144.25
3528 144.25
3529 144.3
3530 144.3
3531 144.3
3532 144.35
3533 144.45
3534 144.45
3535 144.45
3536 144.45
3537 144.5
3538 144.55
3539 144.6
3540 144.6
3541 144.6
3542 144.6
3543 144.6
3544 144.6
3545 144.7
3546 144.7
3547 144.7
3548 144.7
3549 144.7
3550 144.7
3551 144.7
3552 144.7
3553 144.7
3554 144.85
3555 144.85
3556 144.85
3557 144.9
3558 145.0
3559 145.0
3560 145.0
3561 145.0
3562 145.0
3563 145.05
3564 145.15
3565 145.15
3566 145.2
3567 145.2
3568 145.25
3569 145.25
3570 145.3
3571 145.35
3572 145.4
3573 145.45
3574 145.45
3575 145.45
3576 145.45
3577 145.5
3578 145.5
3579 145.5
3580 145.5
3581 145.55
3582 145.55
3583 145.6
3584 145.7
3585 145.7
3586 145.7
3587 145.7
3588 145.75
3589 145.75
3590 145.75
3591 145.8
3592 145.8
3593 145.85
3594 145.85
3595 145.85
3596 145.85
3597 145.95
3598 146.0
3599 146.0
3600 146.1
3601 146.1
3602 146.1
3603 146.1
3604 146.1
3605 146.1
3606 146.1
3607 146.1
3608 146.1
3609 146.1
3610 146.1
3611 146.1
3612 146.1
3613 146.2
3614 146.2
3615 146.2
3616 146.2
3617 146.25
3618 146.25
3619 146.25
3620 146.35
3621 146.35
3622 146.35
3623 146.45
3624 146.45
3625 146.45
3626 146.45
3627 146.45
3628 146.45
3629 146.55
3630 146.55
3631 146.55
3632 146.6
3633 146.6
3634 146.6
3635 146.6
3636 146.65
3637 146.65
3638 146.65
3639 146.65
3640 146.7
3641 146.7
3642 146.7
3643 146.75
3644 146.75
3645 146.75
3646 146.8
3647 146.8
3648 146.8
3649 146.85
3650 146.9
3651 146.95
3652 146.95
3653 146.95
3654 146.95
3655 147.0
3656 147.0
3657 147.0
3658 147.0
3659 147.0
3660 147.0
3661 147.05
3662 147.05
3663 147.05
3664 147.15
3665 147.2
3666 147.2
3667 147.25
3668 147.25
3669 147.25
3670 147.25
3671 147.3
3672 147.3
3673 147.35
3674 147.45
3675 147.45
3676 147.5
3677 147.5
3678 147.5
3679 147.5
3680 147.6
3681 147.6
3682 147.6
3683 147.65
3684 147.7
3685 147.7
3686 147.7
3687 147.7
3688 147.7
3689 147.7
3690 147.7
3691 147.75
3692 147.75
3693 147.75
3694 147.75
3695 147.85
3696 147.85
3697 147.85
3698 147.85
3699 147.9
3700 147.95
3701 148.0
3702 148.0
3703 148.0
3704 148.05
3705 148.05
3706 148.05
3707 148.05
3708 148.1
3709 148.1
3710 148.1
3711 148.1
3712 148.1
3713 148.1
3714 148.1
3715 148.1
3716 148.1
3717 148.1
3718 148.1
3719 148.1
3720 148.1
3721 148.15
3722 148.2
3723 148.2
3724 148.25
3725 148.35
3726 148.35
3727 148.35
3728 148.35
3729 148.35
3730 148.35
3731 148.35
3732 148.35
3733 148.35
3734 148.35
3735 148.45
3736 148.45
3737 148.5
3738 148.5
3739 148.5
3740 148.55
3741 148.65
3742 148.65
3743 148.65
3744 148.65
3745 148.65
3746 148.65
3747 148.65
3748 148.65
3749 148.75
3750 148.75
3751 148.75
3752 148.8
3753 148.85
3754 148.85
3755 148.9
3756 148.9
3757 148.95
3758 148.95
3759 148.95
3760 148.95
3761 148.95
3762 148.95
3763 149.0
3764 149.0
3765 149.0
3766 149.05
3767 149.1
3768 149.15
3769 149.15
3770 149.15
3771 149.15
3772 149.15
3773 149.15
3774 149.15
3775 149.2
3776 149.25
3777 149.25
3778 149.25
3779 149.25
3780 149.25
3781 149.4
3782 149.5
3783 149.5
3784 149.5
3785 149.5
3786 149.5
3787 149.5
3788 149.5
3789 149.65
3790 149.7
3791 149.75
3792 149.75
3793 149.75
3794 149.75
3795 149.85
3796 149.9
3797 149.9
3798 149.9
3799 149.9
3800 149.9
3801 149.95
3802 149.95
3803 149.95
3804 149.95
3805 149.95
3806 149.95
3807 150.0
3808 150.1
3809 150.1
3810 150.1
3811 150.1
3812 150.1
3813 150.1
3814 150.1
3815 150.1
3816 150.1
3817 150.1
3818 150.15
3819 150.15
3820 150.15
3821 150.15
3822 150.15
3823 150.15
3824 150.25
3825 150.25
3826 150.3
3827 150.4
3828 150.4
3829 150.4
3830 150.4
3831 150.4
3832 150.4
3833 150.4
3834 150.5
3835 150.5
3836 150.5
3837 150.5
3838 150.5
3839 150.55
3840 150.55
3841 150.6
3842 150.6
3843 150.6
3844 150.6
3845 150.65
3846 150.7
3847 150.7
3848 150.7
3849 150.7
3850 150.8
3851 150.8
3852 150.8
3853 150.8
3854 150.8
3855 150.8
3856 150.85
3857 150.85
3858 150.85
3859 150.9
3860 150.9
3861 150.9
3862 150.9
3863 150.9
3864 150.95
3865 151.0
3866 151.0
3867 151.0
3868 151.05
3869 151.05
3870 151.05
3871 151.05
3872 151.1
3873 151.15
3874 151.2
3875 151.2
3876 151.2
3877 151.2
3878 151.2
3879 151.25
3880 151.3
3881 151.3
3882 151.3
3883 151.3
3884 151.3
3885 151.4
3886 151.4
3887 151.55
3888 151.55
3889 151.55
3890 151.6
3891 151.6
3892 151.6
3893 151.6
3894 151.65
3895 151.65
3896 151.65
3897 151.7
3898 151.7
3899 151.7
3900 151.7
3901 151.7
3902 151.7
3903 151.7
3904 151.7
3905 151.7
3906 151.7
3907 151.7
3908 151.7
3909 151.7
3910 151.7
3911 151.7
3912 151.7
3913 151.7
3914 151.7
3915 151.7
3916 151.7
3917 151.7
3918 151.7
3919 151.75
3920 151.75
3921 151.75
3922 151.8
3923 151.8
3924 151.85
3925 151.85
3926 151.85
3927 151.9
3928 151.9
3929 151.9
3930 151.9
3931 151.9
3932 151.9
3933 151.95
3934 151.95
3935 151.95
3936 151.95
3937 152.0
3938 152.0
3939 152.05
3940 152.05
3941 152.05
3942 152.05
3943 152.1
3944 152.1
3945 152.1
3946 152.2
3947 152.2
3948 152.25
3949 152.25
3950 152.25
3951 152.25
3952 152.25
3953 152.25
3954 152.25
3955 152.25
3956 152.25
3957 152.25
3958 152.25
3959 152.25
3960 152.25
3961 152.25
3962 152.3
3963 152.35
3964 152.35
3965 152.4
3966 152.5
3967 152.55
3968 152.6
3969 152.6
3970 152.65
3971 152.65
3972 152.7
3973 152.7
3974 152.7
3975 152.7
3976 152.7
3977 152.75
3978 152.75
3979 152.75
3980 152.8
3981 152.85
3982 152.85
3983 152.9
3984 152.9
3985 152.9
3986 152.9
3987 152.95
3988 152.95
3989 152.95
3990 152.95
3991 153.0
3992 153.0
3993 153.0
3994 153.0
3995 153.0
3996 153.0
3997 153.1
3998 153.2
3999 153.2
4000 153.2
4001 153.25
4002 153.25
4003 153.3
4004 153.3
4005 153.35
4006 153.45
4007 153.45
4008 153.45
4009 153.45
4010 153.45
4011 153.5
4012 153.55
4013 153.6
4014 153.6
4015 153.65
4016 153.65
4017 153.65
4018 153.65
4019 153.65
4020 153.65
4021 153.65
4022 153.65
4023 153.65
4024 153.65
4025 153.65
4026 153.65
4027 153.65
4028 153.7
4029 153.7
4030 153.7
4031 153.7
4032 153.7
4033 153.7
4034 153.7
4035 153.75
4036 153.75
4037 153.75
4038 153.85
4039 153.9
4040 153.9
4041 153.9
4042 153.9
4043 153.9
4044 153.95
4045 153.95
4046 153.95
4047 154.0
4048 154.0
4049 154.0
4050 154.0
4051 154.0
4052 154.0
4053 154.0
4054 154.05
4055 154.1
4056 154.15
4057 154.2
4058 154.2
4059 154.2
4060 154.2
4061 154.25
4062 154.3
4063 154.3
4064 154.3
4065 154.3
4066 154.3
4067 154.3
4068 154.3
4069 154.3
4070 154.3
4071 154.35
4072 154.35
4073 154.45
4074 154.45
4075 154.45
4076 154.45
4077 154.5
4078 154.5
4079 154.5
4080 154.5
4081 154.5
4082 154.5
4083 154.5
4084 154.55
4085 154.55
4086 154.55
4087 154.55
4088 154.55
4089 154.55
4090 154.55
4091 154.55
4092 154.55
4093 154.55
4094 154.6
4095 154.6
4096 154.65
4097 154.75
4098 154.75
4099 154.75
4100 154.8
4101 154.8
4102 154.85
4103 154.9
4104 154.95
4105 154.95
4106 154.95
4107 154.95
4108 154.95
4109 154.95
4110 154.95
4111 155.05
4112 155.05
4113 155.1
4114 155.1
4115 155.15
4116 155.3
4117 155.3
4118 155.3
4119 155.3
4120 155.4
4121 155.4
4122 155.4
4123 155.4
4124 155.4
4125 155.45
4126 155.55
4127 155.55
4128 155.55
4129 155.55
4130 155.55
4131 155.65
4132 155.65
4133 155.65
4134 155.65
4135 155.65
4136 155.65
4137 155.65
4138 155.65
4139 155.7
4140 155.7
4141 155.75
4142 155.75
4143 155.75
4144 155.75
4145 155.8
4146 155.8
4147 155.8
4148 155.85
4149 155.85
4150 155.85
4151 155.85
4152 155.85
4153 155.95
4154 156.0
4155 156.0
4156 156.0
4157 156.0
4158 156.05
4159 156.05
4160 156.05
4161 156.1
4162 156.2
4163 156.2
4164 156.2
4165 156.2
4166 156.2
4167 156.2
4168 156.2
4169 156.2
4170 156.2
4171 156.3
4172 156.35
4173 156.35
4174 156.35
4175 156.35
4176 156.35
4177 156.35
4178 156.4
4179 156.4
4180 156.4
4181 156.4
4182 156.4
4183 156.4
4184 156.4
4185 156.4
4186 156.4
4187 156.4
4188 156.4
4189 156.4
4190 156.4
4191 156.4
4192 156.4
4193 156.4
4194 156.4
4195 156.4
4196 156.4
4197 156.4
4198 156.4
4199 156.45
4200 156.5
4201 156.5
4202 156.55
4203 156.6
4204 156.6
4205 156.6
4206 156.65
4207 156.65
4208 156.65
4209 156.65
4210 156.65
4211 156.75
4212 156.75
4213 156.75
4214 156.85
4215 156.85
4216 156.85
4217 156.9
4218 156.9
4219 156.95
4220 156.95
4221 157.0
4222 157.0
4223 157.05
4224 157.05
4225 157.05
4226 157.1
4227 157.15
4228 157.15
4229 157.15
4230 157.2
4231 157.2
4232 157.2
4233 157.2
4234 157.2
4235 157.2
4236 157.2
4237 157.2
4238 157.2
4239 157.2
4240 157.2
4241 157.2
4242 157.2
4243 157.25
4244 157.3
4245 157.3
4246 157.3
4247 157.3
4248 157.3
4249 157.3
4250 157.35
4251 157.45
4252 157.55
4253 157.55
4254 157.55
4255 157.6
4256 157.6
4257 157.6
4258 157.7
4259 157.7
4260 157.7
4261 157.7
4262 157.7
4263 157.7
4264 157.75
4265 157.75
4266 157.75
4267 157.75
4268 157.75
4269 157.75
4270 157.8
4271 157.8
4272 157.8
4273 157.8
4274 157.8
4275 157.9
4276 157.95
4277 158.0
4278 158.05
4279 158.05
4280 158.05
4281 158.05
4282 158.1
4283 158.1
4284 158.1
4285 158.15
4286 158.2
4287 158.2
4288 158.2
4289 158.2
4290 158.2
4291 158.25
4292 158.25
4293 158.25
4294 158.3
4295 158.3
4296 158.35
4297 158.35
4298 158.35
4299 158.45
4300 158.45
4301 158.45
4302 158.45
4303 158.45
4304 158.45
4305 158.5
4306 158.5
4307 158.5
4308 158.5
4309 158.5
4310 158.5
4311 158.5
4312 158.5
4313 158.55
4314 158.55
4315 158.6
4316 158.6
4317 158.6
4318 158.6
4319 158.6
4320 158.6
4321 158.6
4322 158.6
4323 158.65
4324 158.7
4325 158.7
4326 158.7
4327 158.7
4328 158.7
4329 158.7
4330 158.7
4331 158.7
4332 158.75
4333 158.8
4334 158.8
4335 158.8
4336 158.8
4337 158.85
4338 158.85
4339 158.85
4340 158.9
4341 158.95
4342 159.0
4343 159.0
4344 159.0
4345 159.0
4346 159.0
4347 159.0
4348 159.05
4349 159.05
4350 159.05
4351 159.05
4352 159.15
4353 159.2
4354 159.2
4355 159.2
4356 159.2
4357 159.25
4358 159.25
4359 159.25
4360 159.3
4361 159.35
4362 159.35
4363 159.35
4364 159.35
4365 159.35
4366 159.35
4367 159.35
4368 159.35
4369 159.35
4370 159.35
4371 159.35
4372 159.35
4373 159.4
4374 159.45
4375 159.45
4376 159.45
4377 159.5
4378 159.5
4379 159.5
4380 159.5
4381 159.5
4382 159.6
4383 159.65
4384 159.65
4385 159.75
4386 159.75
4387 159.75
4388 159.75
4389 159.75
4390 159.75
4391 159.75
4392 159.75
4393 159.75
4394 159.8
4395 159.8
4396 159.8
4397 159.8
4398 159.85
4399 159.85
4400 159.85
4401 159.85
4402 159.85
4403 159.9
4404 159.95
4405 159.95
4406 160.0
4407 160.0
4408 160.0
4409 160.0
4410 160.0
4411 160.0
4412 160.0
4413 160.0
4414 160.0
4415 160.05
4416 160.25
4417 160.3
4418 160.3
4419 160.35
4420 160.35
4421 160.35
4422 160.35
4423 160.35
4424 160.35
4425 160.35
4426 160.35
4427 160.4
4428 160.45
4429 160.5
4430 160.5
4431 160.5
4432 160.5
4433 160.5
4434 160.5
4435 160.5
4436 160.5
4437 160.5
4438 160.5
4439 160.5
4440 160.5
4441 160.6
4442 160.6
4443 160.6
4444 160.6
4445 160.6
4446 160.6
4447 160.6
4448 160.6
4449 160.6
4450 160.6
4451 160.6
4452 160.7
4453 160.75
4454 160.75
4455 160.8
4456 160.8
4457 160.8
4458 160.8
4459 160.8
4460 160.8
4461 160.8
4462 160.85
4463 160.85
4464 160.85
4465 160.85
4466 160.85
4467 160.9
4468 160.9
4469 161.0
4470 161.0
4471 161.0
4472 161.0
4473 161.0
4474 161.0
4475 161.0
4476 161.0
4477 161.0
4478 161.0
4479 161.0
4480 161.0
4481 161.2
4482 161.2
4483 161.2
4484 161.2
4485 161.25
4486 161.25
4487 161.25
4488 161.25
4489 161.25
4490 161.3
4491 161.3
4492 161.3
4493 161.3
4494 161.3
4495 161.35
4496 161.35
4497 161.35
4498 161.35
4499 161.35
4500 161.35
4501 161.35
4502 161.35
4503 161.35
4504 161.35
4505 161.35
4506 161.4
4507 161.4
4508 161.45
4509 161.45
4510 161.45
4511 161.45
4512 161.45
4513 161.6
4514 161.6
4515 161.65
4516 161.65
4517 161.65
4518 161.7
4519 161.75
4520 161.75
4521 161.8
4522 161.85
4523 161.85
4524 161.85
4525 161.85
4526 161.9
4527 161.95
4528 162.0
4529 162.0
4530 162.0
4531 162.0
4532 162.1
4533 162.1
4534 162.1
4535 162.1
4536 162.1
4537 162.1
4538 162.1
4539 162.1
4540 162.15
4541 162.15
4542 162.15
4543 162.15
4544 162.2
4545 162.2
4546 162.2
4547 162.2
4548 162.2
4549 162.25
4550 162.25
4551 162.25
4552 162.25
4553 162.4
4554 162.4
4555 162.45
4556 162.45
4557 162.45
4558 162.45
4559 162.5
4560 162.5
4561 162.5
4562 162.5
4563 162.5
4564 162.55
4565 162.55
4566 162.55
4567 162.6
4568 162.6
4569 162.6
4570 162.7
4571 162.7
4572 162.75
4573 162.85
4574 162.85
4575 162.85
4576 162.85
4577 162.85
4578 162.85
4579 162.85
4580 162.85
4581 163.0
4582 163.0
4583 163.0
4584 163.0
4585 163.0
4586 163.0
4587 163.0
4588 163.0
4589 163.0
4590 163.0
4591 163.0
4592 163.0
4593 163.0
4594 163.0
4595 163.0
4596 163.0
4597 163.0
4598 163.0
4599 163.0
4600 163.0
4601 163.05
4602 163.05
4603 163.05
4604 163.1
4605 163.1
4606 163.1
4607 163.1
4608 163.1
4609 163.1
4610 163.15
4611 163.15
4612 163.15
4613 163.15
4614 163.15
4615 163.2
4616 163.2
4617 163.25
4618 163.3
4619 163.3
4620 163.35
4621 163.35
4622 163.35
4623 163.35
4624 163.35
4625 163.4
4626 163.4
4627 163.4
4628 163.4
4629 163.4
4630 163.4
4631 163.4
4632 163.5
4633 163.55
4634 163.55
4635 163.55
4636 163.55
4637 163.6
4638 163.6
4639 163.6
4640 163.6
4641 163.6
4642 163.6
4643 163.6
4644 163.6
4645 163.6
4646 163.6
4647 163.6
4648 163.6
4649 163.6
4650 163.6
4651 163.6
4652 163.6
4653 163.6
4654 163.6
4655 163.6
4656 163.65
4657 163.7
4658 163.7
4659 163.7
4660 163.7
4661 163.8
4662 163.8
4663 163.8
4664 163.95
4665 163.95
4666 163.95
4667 164.0
4668 164.0
4669 164.1
4670 164.1
4671 164.1
4672 164.1
4673 164.1
4674 164.1
4675 164.1
4676 164.1
4677 164.1
4678 164.1
4679 164.1
4680 164.1
4681 164.25
4682 164.35
4683 164.35
4684 164.35
4685 164.35
4686 164.35
4687 164.4
4688 164.4
4689 164.4
4690 164.45
4691 164.45
4692 164.45
4693 164.45
4694 164.45
4695 164.45
4696 164.45
4697 164.5
4698 164.5
4699 164.55
4700 164.55
4701 164.55
4702 164.7
4703 164.8
4704 164.85
4705 164.85
4706 164.85
4707 164.85
4708 164.85
4709 164.85
4710 164.85
4711 164.85
4712 164.9
4713 164.9
4714 164.9
4715 164.9
4716 164.95
4717 164.95
4718 164.95
4719 164.95
4720 165.0
4721 165.0
4722 165.0
4723 165.0
4724 165.05
4725 165.05
4726 165.1
4727 165.1
4728 165.1
4729 165.1
4730 165.1
4731 165.1
4732 165.1
4733 165.1
4734 165.1
4735 165.1
4736 165.1
4737 165.1
4738 165.1
4739 165.1
4740 165.1
4741 165.15
4742 165.15
4743 165.15
4744 165.2
4745 165.2
4746 165.2
4747 165.2
4748 165.2
4749 165.2
4750 165.2
4751 165.25
4752 165.25
4753 165.25
4754 165.25
4755 165.25
4756 165.25
4757 165.25
4758 165.25
4759 165.25
4760 165.3
4761 165.3
4762 165.3
4763 165.3
4764 165.3
4765 165.4
4766 165.4
4767 165.45
4768 165.5
4769 165.5
4770 165.5
4771 165.5
4772 165.55
4773 165.6
4774 165.6
4775 165.65
4776 165.7
4777 165.75
4778 165.75
4779 165.75
4780 165.75
4781 165.75
4782 165.75
4783 165.75
4784 165.75
4785 165.75
4786 165.75
4787 165.75
4788 165.75
4789 165.75
4790 165.75
4791 165.8
4792 165.85
4793 165.85
4794 165.85
4795 165.85
4796 165.85
4797 165.85
4798 165.85
4799 165.95
4800 166.0
4801 166.05
4802 166.05
4803 166.1
4804 166.1
4805 166.1
4806 166.1
4807 166.1
4808 166.1
4809 166.1
4810 166.15
4811 166.2
4812 166.2
4813 166.25
4814 166.3
4815 166.3
4816 166.35
4817 166.35
4818 166.35
4819 166.35
4820 166.4
4821 166.4
4822 166.4
4823 166.45
4824 166.45
4825 166.45
4826 166.45
4827 166.45
4828 166.45
4829 166.45
4830 166.45
4831 166.45
4832 166.5
4833 166.5
4834 166.5
4835 166.55
4836 166.55
4837 166.6
4838 166.6
4839 166.6
4840 166.6
4841 166.6
4842 166.7
4843 166.7
4844 166.7
4845 166.7
4846 166.7
4847 166.7
4848 166.7
4849 166.7
4850 166.7
4851 166.75
4852 166.8
4853 166.8
4854 166.8
4855 166.9
4856 166.95
4857 166.95
4858 166.95
4859 167.0
4860 167.0
4861 167.05
4862 167.05
4863 167.05
4864 167.05
4865 167.1
4866 167.1
4867 167.1
4868 167.1
4869 167.15
4870 167.15
4871 167.15
4872 167.15
4873 167.15
4874 167.15
4875 167.25
4876 167.3
4877 167.3
4878 167.3
4879 167.3
4880 167.3
4881 167.3
4882 167.35
4883 167.35
4884 167.35
4885 167.35
4886 167.4
4887 167.45
4888 167.45
4889 167.5
4890 167.5
4891 167.5
4892 167.5
4893 167.5
4894 167.5
4895 167.5
4896 167.55
4897 167.55
4898 167.55
4899 167.65
4900 167.65
4901 167.75
4902 167.8
4903 167.8
4904 167.8
4905 167.8
4906 167.8
4907 167.85
4908 167.85
4909 167.85
4910 167.9
4911 167.9
4912 167.9
4913 167.9
4914 167.9
4915 167.95
4916 167.95
4917 168.0
4918 168.0
4919 168.0
4920 168.0
4921 168.0
4922 168.0
4923 168.0
4924 168.0
4925 168.0
4926 168.0
4927 168.0
4928 168.0
4929 168.0
4930 168.0
4931 168.0
4932 168.0
4933 168.0
4934 168.0
4935 168.0
4936 168.0
4937 168.0
4938 168.0
4939 168.0
4940 168.0
4941 168.0
4942 168.0
4943 168.0
4944 168.0
4945 168.0
4946 168.0
4947 168.0
4948 168.0
4949 168.0
4950 168.0
4951 168.0
4952 168.05
4953 168.05
4954 168.05
4955 168.05
4956 168.15
4957 168.15
4958 168.15
4959 168.15
4960 168.15
4961 168.2
4962 168.2
4963 168.2
4964 168.2
4965 168.2
4966 168.25
4967 168.25
4968 168.25
4969 168.25
4970 168.25
4971 168.25
4972 168.25
4973 168.3
4974 168.3
4975 168.3
4976 168.35
4977 168.35
4978 168.35
4979 168.4
4980 168.45
4981 168.5
4982 168.5
4983 168.65
4984 168.65
4985 168.65
4986 168.7
4987 168.7
4988 168.7
4989 168.7
4990 168.7
4991 168.7
4992 168.75
4993 168.75
4994 168.75
4995 168.75
4996 168.75
4997 168.75
4998 168.8
4999 168.8
5000 168.8
5001 168.8
5002 168.85
5003 168.85
5004 168.85
5005 168.85
5006 168.85
5007 168.85
5008 168.85
5009 168.9
5010 168.9
5011 168.9
5012 168.9
5013 168.95
5014 169.0
5015 169.05
5016 169.1
5017 169.15
5018 169.15
5019 169.15
5020 169.15
5021 169.15
5022 169.15
5023 169.15
5024 169.2
5025 169.2
5026 169.2
5027 169.2
5028 169.2
5029 169.2
5030 169.25
5031 169.25
5032 169.25
5033 169.25
5034 169.25
5035 169.25
5036 169.25
5037 169.25
5038 169.25
5039 169.3
5040 169.3
5041 169.35
5042 169.35
5043 169.35
5044 169.35
5045 169.35
5046 169.35
5047 169.35
5048 169.35
5049 169.35
5050 169.35
5051 169.35
5052 169.35
5053 169.35
5054 169.35
5055 169.35
5056 169.35
5057 169.35
5058 169.45
5059 169.45
5060 169.45
5061 169.45
5062 169.45
5063 169.55
5064 169.55
5065 169.65
5066 169.65
5067 169.7
5068 169.7
5069 169.75
5070 169.75
5071 169.75
5072 169.8
5073 169.9
5074 169.95
5075 169.95
5076 169.95
5077 170.0
5078 170.0
5079 170.0
5080 170.0
5081 170.0
5082 170.0
5083 170.0
5084 170.05
5085 170.05
5086 170.05
5087 170.1
5088 170.15
5089 170.15
5090 170.15
5091 170.2
5092 170.2
5093 170.25
5094 170.25
5095 170.3
5096 170.3
5097 170.35
5098 170.35
5099 170.35
5100 170.35
5101 170.35
5102 170.35
5103 170.35
5104 170.35
5105 170.35
5106 170.35
5107 170.35
5108 170.35
5109 170.35
5110 170.35
5111 170.35
5112 170.35
5113 170.35
5114 170.35
5115 170.35
5116 170.35
5117 170.35
5118 170.35
5119 170.35
5120 170.35
5121 170.4
5122 170.4
5123 170.4
5124 170.4
5125 170.4
5126 170.4
5127 170.4
5128 170.4
5129 170.4
5130 170.45
5131 170.45
5132 170.45
5133 170.5
5134 170.55
5135 170.6
5136 170.6
5137 170.65
5138 170.65
5139 170.65
5140 170.65
5141 170.65
5142 170.65
5143 170.65
5144 170.65
5145 170.65
5146 170.65
5147 170.65
5148 170.65
5149 170.65
5150 170.75
5151 170.75
5152 170.8
5153 170.8
5154 170.85
5155 170.85
5156 170.85
5157 170.9
5158 170.9
5159 170.95
5160 170.95
5161 170.95
5162 171.0
5163 171.0
5164 171.0
5165 171.0
5166 171.0
5167 171.0
5168 171.0
5169 171.0
5170 171.0
5171 171.0
5172 171.0
5173 171.0
5174 171.0
5175 171.0
5176 171.0
5177 171.0
5178 171.0
5179 171.0
5180 171.0
5181 171.0
5182 171.05
5183 171.1
5184 171.1
5185 171.15
5186 171.15
5187 171.2
5188 171.2
5189 171.2
5190 171.2
5191 171.2
5192 171.2
5193 171.25
5194 171.25
5195 171.25
5196 171.25
5197 171.25
5198 171.25
5199 171.25
5200 171.3
5201 171.3
5202 171.3
5203 171.3
5204 171.3
5205 171.4
5206 171.5
5207 171.5
5208 171.5
5209 171.5
5210 171.5
5211 171.5
5212 171.5
5213 171.5
5214 171.55
5215 171.65
5216 171.65
5217 171.7
5218 171.7
5219 171.75
5220 171.8
5221 171.8
5222 171.8
5223 171.9
5224 171.9
5225 171.9
5226 171.9
5227 171.9
5228 171.95
5229 172.0
5230 172.0
5231 172.0
5232 172.0
5233 172.0
5234 172.0
5235 172.0
5236 172.0
5237 172.05
5238 172.05
5239 172.05
5240 172.05
5241 172.05
5242 172.05
5243 172.05
5244 172.15
5245 172.15
5246 172.15
5247 172.15
5248 172.15
5249 172.15
5250 172.15
5251 172.2
5252 172.2
5253 172.2
5254 172.2
5255 172.2
5256 172.2
5257 172.2
5258 172.2
5259 172.2
5260 172.2
5261 172.2
5262 172.2
5263 172.2
5264 172.3
5265 172.3
5266 172.35
5267 172.35
5268 172.35
5269 172.6
5270 172.65
5271 172.65
5272 172.65
5273 172.65
5274 172.65
5275 172.65
5276 172.65
5277 172.7
5278 172.7
5279 172.75
5280 172.75
5281 172.75
5282 172.8
5283 172.8
5284 172.8
5285 172.8
5286 172.8
5287 172.85
5288 172.85
5289 172.85
5290 172.9
5291 172.9
5292 172.9
5293 172.9
5294 172.9
5295 172.9
5296 172.9
5297 172.9
5298 172.9
5299 172.9
5300 172.9
5301 172.9
5302 173.05
5303 173.1
5304 173.15
5305 173.15
5306 173.15
5307 173.15
5308 173.15
5309 173.15
5310 173.15
5311 173.15
5312 173.15
5313 173.2
5314 173.2
5315 173.2
5316 173.2
5317 173.2
5318 173.3
5319 173.35
5320 173.35
5321 173.35
5322 173.35
5323 173.4
5324 173.45
5325 173.45
5326 173.5
5327 173.55
5328 173.55
5329 173.55
5330 173.55
5331 173.55
5332 173.55
5333 173.55
5334 173.55
5335 173.55
5336 173.55
5337 173.55
5338 173.55
5339 173.55
5340 173.6
5341 173.6
5342 173.6
5343 173.6
5344 173.6
5345 173.6
5346 173.65
5347 173.65
5348 173.65
5349 173.65
5350 173.65
5351 173.65
5352 173.65
5353 173.65
5354 173.7
5355 173.75
5356 173.8
5357 173.8
5358 173.8
5359 173.8
5360 173.8
5361 173.85
5362 173.85
5363 173.85
5364 173.85
5365 173.95
5366 173.95
5367 174.0
5368 174.0
5369 174.0
5370 174.0
5371 174.0
5372 174.0
5373 174.0
5374 174.0
5375 174.0
5376 174.0
5377 174.0
5378 174.0
5379 174.0
5380 174.05
5381 174.05
5382 174.1
5383 174.1
5384 174.1
5385 174.1
5386 174.1
5387 174.1
5388 174.15
5389 174.15
5390 174.2
5391 174.2
5392 174.2
5393 174.25
5394 174.25
5395 174.3
5396 174.3
5397 174.3
5398 174.3
5399 174.4
5400 174.4
5401 174.4
5402 174.4
5403 174.4
5404 174.4
5405 174.4
5406 174.45
5407 174.45
5408 174.45
5409 174.45
5410 174.45
5411 174.5
5412 174.5
5413 174.5
5414 174.5
5415 174.5
5416 174.55
5417 174.6
5418 174.6
5419 174.65
5420 174.7
5421 174.7
5422 174.7
5423 174.75
5424 174.75
5425 174.75
5426 174.75
5427 174.75
5428 174.75
5429 174.75
5430 174.75
5431 174.75
5432 174.75
5433 174.8
5434 174.8
5435 174.8
5436 174.85
5437 174.85
5438 174.85
5439 174.85
5440 174.85
5441 174.85
5442 174.85
5443 174.85
5444 174.85
5445 174.85
5446 174.85
5447 174.95
5448 174.95
5449 174.95
5450 174.95
5451 174.95
5452 174.95
5453 174.95
5454 174.95
5455 174.95
5456 174.95
5457 174.95
5458 174.95
5459 175.0
5460 175.0
5461 175.0
5462 175.0
5463 175.0
5464 175.0
5465 175.0
5466 175.15
5467 175.15
5468 175.15
5469 175.15
5470 175.15
5471 175.15
5472 175.15
5473 175.2
5474 175.2
5475 175.2
5476 175.2
5477 175.25
5478 175.25
5479 175.3
5480 175.4
5481 175.4
5482 175.4
5483 175.45
5484 175.45
5485 175.45
5486 175.45
5487 175.45
5488 175.45
5489 175.45
5490 175.5
5491 175.5
5492 175.5
5493 175.5
5494 175.5
5495 175.5
5496 175.5
5497 175.5
5498 175.55
5499 175.55
5500 175.6
5501 175.65
5502 175.65
5503 175.65
5504 175.65
5505 175.75
5506 175.75
5507 175.75
5508 175.75
5509 175.75
5510 175.75
5511 175.75
5512 175.75
5513 175.8
5514 175.8
5515 175.8
5516 175.85
5517 175.85
5518 175.85
5519 175.85
5520 175.9
5521 175.9
5522 175.9
5523 176.0
5524 176.05
5525 176.05
5526 176.05
5527 176.05
5528 176.05
5529 176.05
5530 176.05
5531 176.05
5532 176.05
5533 176.05
5534 176.05
5535 176.05
5536 176.05
5537 176.1
5538 176.15
5539 176.15
5540 176.15
5541 176.15
5542 176.15
5543 176.15
5544 176.15
5545 176.15
5546 176.15
5547 176.2
5548 176.25
5549 176.25
5550 176.25
5551 176.25
5552 176.25
5553 176.3
5554 176.3
5555 176.3
5556 176.3
5557 176.35
5558 176.35
5559 176.35
5560 176.35
5561 176.35
5562 176.35
5563 176.35
5564 176.35
5565 176.35
5566 176.35
5567 176.35
5568 176.35
5569 176.4
5570 176.4
5571 176.45
5572 176.45
5573 176.45
5574 176.45
5575 176.45
5576 176.45
5577 176.45
5578 176.45
5579 176.45
5580 176.45
5581 176.45
5582 176.5
5583 176.5
5584 176.5
5585 176.5
5586 176.5
5587 176.5
5588 176.5
5589 176.5
5590 176.5
5591 176.5
5592 176.5
5593 176.5
5594 176.5
5595 176.5
5596 176.5
5597 176.55
5598 176.55
5599 176.55
5600 176.6
5601 176.65
5602 176.65
5603 176.65
5604 176.65
5605 176.65
5606 176.65
5607 176.65
5608 176.65
5609 176.65
5610 176.65
5611 176.65
5612 176.65
5613 176.65
5614 176.65
5615 176.65
5616 176.65
5617 176.65
5618 176.7
5619 176.75
5620 176.75
5621 176.75
5622 176.75
5623 176.75
5624 176.8
5625 176.8
5626 176.85
5627 176.85
5628 176.85
5629 176.85
5630 176.85
5631 176.95
5632 177.0
5633 177.0
5634 177.0
5635 177.0
5636 177.0
5637 177.0
5638 177.0
5639 177.0
5640 177.05
5641 177.15
5642 177.2
5643 177.2
5644 177.25
5645 177.25
5646 177.3
5647 177.3
5648 177.3
5649 177.3
5650 177.4
5651 177.4
5652 177.4
5653 177.4
5654 177.4
5655 177.4
5656 177.45
5657 177.45
5658 177.45
5659 177.45
5660 177.5
5661 177.5
5662 177.5
5663 177.5
5664 177.5
5665 177.65
5666 177.65
5667 177.65
5668 177.65
5669 177.65
5670 177.65
5671 177.65
5672 177.65
5673 177.75
5674 177.75
5675 177.75
5676 177.75
5677 177.75
5678 177.75
5679 177.75
5680 177.75
5681 177.75
5682 177.75
5683 177.75
5684 177.75
5685 177.75
5686 177.8
5687 177.8
5688 177.8
5689 177.85
5690 177.85
5691 177.85
5692 177.9
5693 177.9
5694 177.9
5695 177.95
5696 177.95
5697 177.95
5698 177.95
5699 177.95
5700 177.95
5701 177.95
5702 177.95
5703 177.95
5704 177.95
5705 177.95
5706 178.0
5707 178.0
5708 178.1
5709 178.15
5710 178.15
5711 178.15
5712 178.15
5713 178.15
5714 178.15
5715 178.15
5716 178.15
5717 178.2
5718 178.2
5719 178.2
5720 178.2
5721 178.2
5722 178.2
5723 178.2
5724 178.2
5725 178.2
5726 178.2
5727 178.2
5728 178.2
5729 178.2
5730 178.2
5731 178.25
5732 178.25
5733 178.25
5734 178.25
5735 178.25
5736 178.25
5737 178.25
5738 178.25
5739 178.25
5740 178.3
5741 178.3
5742 178.3
5743 178.3
5744 178.3
5745 178.3
5746 178.3
5747 178.3
5748 178.3
5749 178.3
5750 178.35
5751 178.35
5752 178.35
5753 178.35
5754 178.35
5755 178.35
5756 178.35
5757 178.4
5758 178.4
5759 178.4
5760 178.4
5761 178.4
5762 178.4
5763 178.4
5764 178.4
5765 178.4
5766 178.5
5767 178.5
5768 178.5
5769 178.55
5770 178.55
5771 178.55
5772 178.55
5773 178.55
5774 178.55
5775 178.6
5776 178.6
5777 178.6
5778 178.6
5779 178.65
5780 178.65
5781 178.65
5782 178.7
5783 178.75
5784 178.75
5785 178.75
5786 178.75
5787 178.8
5788 178.85
5789 178.85
5790 178.85
5791 178.85
5792 178.85
5793 178.85
5794 178.85
5795 178.9
5796 178.9
5797 178.95
5798 178.95
5799 178.95
5800 179.0
5801 179.0
5802 179.05
5803 179.05
5804 179.05
5805 179.05
5806 179.05
5807 179.05
5808 179.05
5809 179.05
5810 179.05
5811 179.1
5812 179.1
5813 179.1
5814 179.1
5815 179.1
5816 179.1
5817 179.1
5818 179.1
5819 179.1
5820 179.1
5821 179.1
5822 179.1
5823 179.1
5824 179.1
5825 179.1
5826 179.1
5827 179.1
5828 179.1
5829 179.1
5830 179.1
5831 179.1
5832 179.1
5833 179.1
5834 179.1
5835 179.1
5836 179.15
5837 179.2
5838 179.2
5839 179.2
5840 179.2
5841 179.2
5842 179.2
5843 179.25
5844 179.3
5845 179.3
5846 179.3
5847 179.3
5848 179.3
5849 179.3
5850 179.3
5851 179.3
5852 179.3
5853 179.3
5854 179.3
5855 179.35
5856 179.35
5857 179.35
5858 179.45
5859 179.45
5860 179.45
5861 179.45
5862 179.45
5863 179.45
5864 179.5
5865 179.5
5866 179.5
5867 179.5
5868 179.5
5869 179.55
5870 179.55
5871 179.55
5872 179.55
5873 179.55
5874 179.55
5875 179.55
5876 179.55
5877 179.55
5878 179.6
5879 179.6
5880 179.7
5881 179.7
5882 179.7
5883 179.75
5884 179.75
5885 179.8
5886 179.85
5887 179.85
5888 179.85
5889 179.85
5890 179.85
5891 179.85
5892 179.9
5893 179.9
5894 179.9
5895 179.9
5896 179.95
5897 179.95
5898 179.95
5899 179.95
5900 180.0
5901 180.0
5902 180.0
5903 180.0
5904 180.0
5905 180.1
5906 180.1
5907 180.1
5908 180.1
5909 180.1
5910 180.1
5911 180.1
5912 180.1
5913 180.1
5914 180.1
5915 180.1
5916 180.1
5917 180.1
5918 180.1
5919 180.1
5920 180.1
5921 180.25
5922 180.25
5923 180.25
5924 180.25
5925 180.4
5926 180.4
5927 180.4
5928 180.4
5929 180.4
5930 180.4
5931 180.4
5932 180.45
5933 180.5
5934 180.55
5935 180.55
5936 180.55
5937 180.55
5938 180.55
5939 180.55
5940 180.55
5941 180.55
5942 180.6
5943 180.6
5944 180.6
5945 180.6
5946 180.6
5947 180.6
5948 180.6
5949 180.6
5950 180.6
5951 180.6
5952 180.6
5953 180.6
5954 180.6
5955 180.6
5956 180.6
5957 180.65
5958 180.65
5959 180.65
5960 180.65
5961 180.65
5962 180.65
5963 180.65
5964 180.65
5965 180.65
5966 180.65
5967 180.65
5968 180.65
5969 180.65
5970 180.65
5971 180.75
5972 180.75
5973 180.8
5974 180.85
5975 180.85
5976 180.85
5977 180.9
5978 180.9
5979 180.9
5980 180.9
5981 180.9
5982 180.9
5983 180.9
5984 180.9
5985 180.9
5986 180.9
5987 180.9
5988 180.9
5989 180.9
5990 180.9
5991 180.9
5992 180.95
5993 180.95
5994 180.95
5995 180.95
5996 181.0
5997 181.0
5998 181.0
5999 181.0
