#iterations fitness
0 0.0
1 1.6
2 1.9
3 2.35
4 2.6
5 2.95
6 2.95
7 3.1
8 3.25
9 3.55
10 3.65
11 3.8
12 4.1
13 4.4
14 4.5
15 4.6
16 4.6
17 5.1
18 5.25
19 5.4
20 5.65
21 5.65
22 5.85
23 5.9
24 5.9
25 6.0
26 6.0
27 6.15
28 6.35
29 6.4
30 6.6
31 6.7
32 6.75
33 6.8
34 7.0
35 7.05
36 7.2
37 7.35
38 7.35
39 7.5
40 7.55
41 7.75
42 7.85
43 7.85
44 7.95
45 7.95
46 8.25
47 8.3
48 8.65
49 8.95
50 9.15
51 9.25
52 9.3
53 9.3
54 9.45
55 9.6
56 9.8
57 9.8
58 9.8
59 9.8
60 9.85
61 9.9
62 10.15
63 10.3
64 10.35
65 10.45
66 10.5
67 10.7
68 10.75
69 10.8
70 10.85
71 10.9
72 10.9
73 10.95
74 11.2
75 11.35
76 11.35
77 11.45
78 11.45
79 11.6
80 11.7
81 12.0
82 12.15
83 12.4
84 12.65
85 12.75
86 12.8
87 12.9
88 13.0
89 13.0
90 13.15
91 13.3
92 13.45
93 13.6
94 13.65
95 13.75
96 14.0
97 14.0
98 14.05
99 14.3
100 14.35
101 14.4
102 14.75
103 14.75
104 14.85
105 14.9
106 15.1
107 15.25
108 15.25
109 15.3
110 15.3
111 15.4
112 15.45
113 15.45
114 15.8
115 15.85
116 16.0
117 16.05
118 16.2
119 16.4
120 16.55
121 16.65
122 16.65
123 16.7
124 16.8
125 16.95
126 17.05
127 17.05
128 17.2
129 17.45
130 17.65
131 17.7
132 18.1
133 18.15
134 18.15
135 18.3
136 18.45
137 18.65
138 18.7
139 18.7
140 18.75
141 18.95
142 19.0
143 19.2
144 19.25
145 19.5
146 19.5
147 19.6
148 19.6
149 19.6
150 19.7
151 19.7
152 20.2
153 20.2
154 20.25
155 20.25
156 20.25
157 20.25
158 20.6
159 20.6
160 20.65
161 20.7
162 20.7
163 20.75
164 20.85
165 20.9
166 20.9
167 20.95
168 21.0
169 21.15
170 21.2
171 21.4
172 21.5
173 21.6
174 21.6
175 21.6
176 21.8
177 21.85
178 22.05
179 22.05
180 22.2
181 22.2
182 22.25
183 22.35
184 22.45
185 22.5
186 22.55
187 22.9
188 22.9
189 22.9
190 23.25
191 23.4
192 23.55
193 23.6
194 23.9
195 23.9
196 24.0
197 24.15
198 24.3
199 24.45
200 24.65
201 24.85
202 24.85
203 24.9
204 25.0
205 25.0
206 25.05
207 25.05
208 25.25
209 25.25
210 25.3
211 25.45
212 25.6
213 25.65
214 25.9
215 25.95
216 26.05
217 26.05
218 26.25
219 26.3
220 26.55
221 26.55
222 26.55
223 26.7
224 26.75
225 27.0
226 27.15
227 27.2
228 27.35
229 27.4
230 27.55
231 27.6
232 27.6
233 27.6
234 27.75
235 27.75
236 28.0
237 28.1
238 28.1
239 28.25
240 28.3
241 28.35
242 28.45
243 28.6
244 28.7
245 28.9
246 28.95
247 28.95
248 29.05
249 29.2
250 29.25
251 29.3
252 29.45
253 29.45
254 29.9
255 30.1
256 30.1
257 30.1
258 30.2
259 30.25
260 30.5
261 30.65
262 30.65
263 30.65
264 30.65
265 30.65
266 30.65
267 30.8
268 30.85
269 30.95
270 31.05
271 31.15
272 31.2
273 31.3
274 31.3
275 31.45
276 31.55
277 31.9
278 31.95
279 32.0
280 32.0
281 32.15
282 32.4
283 32.4
284 32.55
285 32.6
286 32.75
287 32.75
288 33.0
289 33.1
290 33.25
291 33.3
292 33.45
293 33.45
294 33.55
295 33.75
296 33.75
297 33.75
298 33.8
299 33.95
300 34.05
301 34.2
302 34.55
303 34.55
304 34.55
305 34.55
306 34.6
307 34.6
308 34.7
309 34.85
310 34.95
311 35.05
312 35.2
313 35.3
314 35.45
315 35.6
316 35.85
317 35.85
318 36.2
319 36.25
320 36.35
321 36.35
322 36.35
323 36.5
324 36.55
325 36.55
326 36.65
327 36.65
328 36.85
329 36.85
330 36.95
331 37.1
332 37.35
333 37.4
334 37.55
335 37.7
336 37.7
337 37.75
338 37.8
339 38.0
340 38.2
341 38.45
342 38.45
343 38.5
344 38.6
345 38.85
346 38.95
347 39.0
348 39.0
349 39.0
350 39.05
351 39.15
352 39.3
353 39.35
354 39.45
355 39.5
356 39.5
357 39.6
358 39.8
359 40.15
360 40.15
361 40.2
362 40.35
363 40.45
364 40.5
365 40.6
366 40.6
367 40.7
368 40.7
369 40.9
370 40.9
371 40.9
372 41.15
373 41.3
374 41.3
375 41.45
376 41.45
377 41.45
378 41.45
379 41.45
380 41.9
381 42.0
382 42.1
383 42.3
384 42.4
385 42.4
386 42.4
387 42.45
388 42.55
389 42.55
390 42.6
391 42.75
392 42.75
393 42.75
394 42.75
395 42.75
396 43.15
397 43.2
398 43.2
399 43.25
400 43.45
401 43.6
402 43.65
403 43.65
404 43.7
405 43.8
406 43.9
407 43.95
408 44.0
409 44.05
410 44.1
411 44.1
412 44.1
413 44.25
414 44.45
415 44.7
416 44.75
417 44.8
418 44.95
419 45.05
420 45.1
421 45.2
422 45.35
423 45.4
424 45.4
425 45.4
426 45.45
427 45.45
428 45.5
429 45.65
430 45.7
431 45.7
432 45.95
433 45.95
434 46.0
435 46.0
436 46.2
437 46.35
438 46.35
439 46.45
440 46.5
441 46.6
442 46.7
443 46.85
444 46.9
445 46.9
446 46.95
447 47.15
448 47.25
449 47.3
450 47.4
451 47.4
452 47.4
453 47.5
454 47.5
455 47.6
456 47.8
457 47.85
458 47.9
459 48.1
460 48.15
461 48.4
462 48.45
463 48.55
464 48.65
465 48.7
466 48.75
467 49.05
468 49.25
469 49.35
470 49.35
471 49.35
472 49.4
473 49.5
474 49.65
475 49.85
476 49.85
477 49.9
478 49.9
479 49.9
480 49.95
481 50.1
482 50.2
483 50.25
484 50.4
485 50.4
486 50.45
487 50.5
488 50.55
489 50.8
490 50.8
491 50.9
492 51.0
493 51.35
494 51.35
495 51.35
496 51.4
497 51.45
498 51.55
499 51.6
500 51.65
501 51.7
502 51.7
503 51.95
504 51.95
505 52.3
506 52.3
507 52.35
508 52.5
509 52.55
510 52.65
511 52.65
512 52.85
513 52.85
514 52.85
515 53.0
516 53.05
517 53.1
518 53.2
519 53.2
520 53.25
521 53.3
522 53.45
523 53.6
524 53.75
525 53.8
526 53.8
527 53.9
528 53.95
529 54.2
530 54.3
531 54.3
532 54.35
533 54.7
534 54.95
535 54.95
536 54.95
537 55.0
538 55.0
539 55.15
540 55.2
541 55.2
542 55.2
543 55.3
544 55.3
545 55.3
546 55.35
547 55.4
548 55.45
549 55.45
550 55.6
551 55.75
552 55.8
553 55.85
554 56.2
555 56.2
556 56.4
557 56.4
558 56.4
559 56.45
560 56.7
561 56.7
562 57.0
563 57.05
564 57.05
565 57.05
566 57.1
567 57.1
568 57.15
569 57.2
570 57.2
571 57.25
572 57.35
573 57.45
574 57.45
575 57.55
576 57.7
577 57.75
578 57.75
579 57.85
580 57.9
581 58.0
582 58.0
583 58.05
584 58.25
585 58.35
586 58.55
587 58.7
588 58.7
589 58.7
590 58.8
591 58.9
592 59.0
593 59.05
594 59.1
595 59.1
596 59.4
597 59.5
598 59.5
599 59.65
600 59.65
601 59.7
602 59.7
603 60.05
604 60.1
605 60.15
606 60.2
607 60.25
608 60.25
609 60.4
610 60.45
611 60.5
612 60.55
613 60.6
614 60.75
615 60.8
616 61.05
617 61.1
618 61.15
619 61.15
620 61.3
621 61.55
622 61.65
623 61.7
624 61.85
625 61.85
626 61.85
627 62.0
628 62.1
629 62.15
630 62.2
631 62.25
632 62.25
633 62.25
634 62.35
635 62.5
636 62.5
637 62.5
638 62.65
639 62.7
640 62.7
641 62.7
642 62.7
643 62.85
644 62.95
645 62.95
646 63.05
647 63.15
648 63.2
649 63.35
650 63.35
651 63.4
652 63.5
653 63.6
654 63.75
655 63.75
656 63.8
657 63.9
658 64.05
659 64.2
660 64.2
661 64.25
662 64.25
663 64.3
664 64.45
665 64.5
666 64.55
667 64.55
668 64.55
669 64.65
670 64.7
671 64.75
672 64.95
673 64.95
674 65.0
675 65.0
676 65.05
677 65.15
678 65.25
679 65.3
680 65.45
681 65.45
682 65.55
683 65.55
684 65.55
685 65.85
686 65.9
687 65.9
688 65.95
689 66.05
690 66.2
691 66.25
692 66.45
693 66.45
694 66.5
695 66.6
696 66.65
697 66.7
698 66.7
699 66.7
700 66.9
701 66.95
702 67.0
703 67.05
704 67.05
705 67.15
706 67.25
707 67.25
708 67.3
709 67.35
710 67.35
711 67.45
712 67.55
713 67.55
714 67.7
715 67.8
716 67.8
717 67.95
718 68.05
719 68.05
720 68.1
721 68.4
722 68.5
723 68.5
724 68.55
725 68.65
726 68.65
727 68.9
728 68.9
729 68.95
730 68.95
731 69.0
732 69.0
733 69.25
734 69.45
735 69.5
736 69.5
737 69.5
738 69.65
739 69.7
740 69.75
741 69.8
742 69.8
743 69.8
744 69.8
745 69.8
746 70.05
747 70.1
748 70.2
749 70.2
750 70.3
751 70.5
752 70.55
753 70.6
754 70.65
755 70.75
756 70.8
757 70.85
758 70.9
759 70.9
760 70.95
761 70.95
762 70.95
763 71.0
764 71.05
765 71.1
766 71.25
767 71.25
768 71.3
769 71.4
770 71.4
771 71.5
772 71.6
773 71.7
774 71.9
775 71.9
776 71.9
777 71.9
778 71.95
779 72.0
780 72.1
781 72.2
782 72.3
783 72.3
784 72.35
785 72.5
786 72.5
787 72.5
788 72.6
789 72.7
790 72.95
791 72.95
792 73.0
793 73.1
794 73.2
795 73.2
796 73.2
797 73.35
798 73.35
799 73.4
800 73.4
801 73.45
802 73.45
803 73.45
804 73.45
805 73.45
806 73.5
807 73.6
808 73.85
809 73.85
810 73.95
811 74.2
812 74.2
813 74.2
814 74.25
815 74.25
816 74.25
817 74.3
818 74.3
819 74.4
820 74.4
821 74.5
822 74.5
823 74.55
824 74.7
825 74.8
826 74.8
827 74.8
828 75.0
829 75.1
830 75.2
831 75.2
832 75.25
833 75.25
834 75.45
835 75.45
836 75.45
837 75.5
838 75.55
839 75.55
840 75.55
841 75.7
842 75.7
843 75.7
844 75.75
845 75.85
846 75.95
847 75.95
848 76.1
849 76.2
850 76.35
851 76.4
852 76.4
853 76.5
854 76.65
855 76.8
856 76.8
857 76.85
858 76.95
859 77.1
860 77.15
861 77.15
862 77.2
863 77.2
864 77.2
865 77.2
866 77.2
867 77.25
868 77.25
869 77.3
870 77.4
871 77.45
872 77.45
873 77.55
874 77.7
875 77.7
876 77.8
877 78.0
878 78.0
879 78.1
880 78.15
881 78.2
882 78.25
883 78.25
884 78.4
885 78.5
886 78.5
887 78.7
888 78.8
889 78.9
890 78.95
891 79.0
892 79.05
893 79.05
894 79.15
895 79.2
896 79.2
897 79.35
898 79.35
899 79.35
900 79.5
901 79.5
902 79.55
903 79.7
904 79.8
905 79.95
906 80.05
907 80.25
908 80.3
909 80.35
910 80.4
911 80.4
912 80.5
913 80.5
914 80.6
915 80.85
916 81.05
917 81.05
918 81.1
919 81.2
920 81.2
921 81.25
922 81.25
923 81.25
924 81.25
925 81.25
926 81.4
927 81.55
928 81.7
929 81.7
930 81.8
931 81.8
932 81.8
933 81.85
934 81.85
935 81.9
936 81.9
937 82.0
938 82.05
939 82.05
940 82.05
941 82.1
942 82.15
943 82.15
944 82.2
945 82.25
946 82.35
947 82.35
948 82.5
949 82.55
950 82.6
951 82.7
952 82.75
953 82.75
954 82.85
955 82.85
956 82.85
957 82.85
958 82.95
959 83.05
960 83.15
961 83.2
962 83.2
963 83.25
964 83.4
965 83.55
966 83.6
967 83.7
968 83.7
969 83.8
970 83.9
971 83.95
972 83.95
973 84.05
974 84.1
975 84.1
976 84.1
977 84.1
978 84.35
979 84.35
980 84.45
981 84.5
982 84.5
983 84.5
984 84.5
985 84.5
986 84.55
987 84.55
988 84.55
989 84.6
990 84.7
991 84.7
992 84.85
993 84.95
994 84.95
995 85.15
996 85.35
997 85.45
998 85.55
999 85.55
1000 85.7
1001 85.8
1002 85.8
1003 85.8
1004 86.0
1005 86.15
1006 86.15
1007 86.15
1008 86.2
1009 86.3
1010 86.3
1011 86.35
1012 86.35
1013 86.45
1014 86.45
1015 86.5
1016 86.6
1017 86.6
1018 86.6
1019 86.7
1020 86.75
1021 86.8
1022 86.8
1023 86.85
1024 86.95
1025 86.95
1026 86.95
1027 87.1
1028 87.1
1029 87.2
1030 87.2
1031 87.3
1032 87.5
1033 87.5
1034 87.5
1035 87.5
1036 87.5
1037 87.6
1038 87.6
1039 87.65
1040 87.75
1041 87.9
1042 88.0
1043 88.0
1044 88.05
1045 88.05
1046 88.1
1047 88.1
1048 88.2
1049 88.3
1050 88.3
1051 88.4
1052 88.55
1053 88.7
1054 88.75
1055 88.75
1056 88.75
1057 88.85
1058 88.85
1059 88.9
1060 88.95
1061 88.95
1062 89.0
1063 89.0
1064 89.05
1065 89.05
1066 89.05
1067 89.1
1068 89.25
1069 89.25
1070 89.3
1071 89.3
1072 89.3
1073 89.3
1074 89.35
1075 89.6
1076 89.7
1077 89.7
1078 89.7
1079 89.7
1080 89.8
1081 90.05
1082 90.05
1083 90.15
1084 90.15
1085 90.15
1086 90.2
1087 90.25
1088 90.4
1089 90.5
1090 90.5
1091 90.55
1092 90.65
1093 90.65
1094 90.65
1095 90.7
1096 90.8
1097 90.95
1098 91.05
1099 91.05
1100 91.2
1101 91.4
1102 91.45
1103 91.45
1104 91.5
1105 91.5
1106 91.5
1107 91.5
1108 91.6
1109 91.65
1110 91.65
1111 91.85
1112 91.85
1113 91.85
1114 91.85
1115 91.9
1116 91.95
1117 91.95
1118 91.95
1119 91.95
1120 91.95
1121 92.15
1122 92.2
1123 92.25
1124 92.35
1125 92.45
1126 92.45
1127 92.5
1128 92.5
1129 92.5
1130 92.55
1131 92.65
1132 92.7
1133 92.75
1134 92.75
1135 92.75
1136 92.9
1137 92.9
1138 92.9
1139 92.9
1140 93.2
1141 93.45
1142 93.55
1143 93.6
1144 93.6
1145 93.65
1146 93.75
1147 93.85
1148 93.85
1149 93.9
1150 93.95
1151 93.95
1152 94.1
1153 94.15
1154 94.15
1155 94.15
1156 94.15
1157 94.3
1158 94.3
1159 94.35
1160 94.35
1161 94.45
1162 94.45
1163 94.45
1164 94.55
1165 94.65
1166 94.7
1167 94.8
1168 94.9
1169 94.95
1170 95.0
1171 95.05
1172 95.15
1173 95.25
1174 95.35
1175 95.4
1176 95.5
1177 95.6
1178 95.6
1179 95.6
1180 95.6
1181 95.6
1182 95.7
1183 95.7
1184 95.8
1185 95.85
1186 95.85
1187 95.9
1188 95.95
1189 95.95
1190 96.0
1191 96.0
1192 96.3
1193 96.4
1194 96.4
1195 96.45
1196 96.45
1197 96.5
1198 96.6
1199 96.65
1200 96.85
1201 96.85
1202 97.0
1203 97.05
1204 97.05
1205 97.2
1206 97.2
1207 97.25
1208 97.4
1209 97.4
1210 97.5
1211 97.6
1212 97.6
1213 97.6
1214 97.6
1215 97.65
1216 97.65
1217 97.8
1218 97.8
1219 97.85
1220 97.85
1221 97.9
1222 98.0
1223 98.0
1224 98.0
1225 98.1
1226 98.1
1227 98.15
1228 98.2
1229 98.2
1230 98.2
1231 98.2
1232 98.2
1233 98.25
1234 98.45
1235 98.55
1236 98.6
1237 98.6
1238 98.6
1239 98.6
1240 98.6
1241 98.65
1242 98.75
1243 98.75
1244 98.8
1245 98.8
1246 98.8
1247 98.85
1248 98.9
1249 98.9
1250 99.05
1251 99.2
1252 99.2
1253 99.4
1254 99.4
1255 99.4
1256 99.4
1257 99.4
1258 99.5
1259 99.5
1260 99.55
1261 99.6
1262 99.7
1263 99.7
1264 99.8
1265 99.9
1266 99.95
1267 100.05
1268 100.15
1269 100.2
1270 100.55
1271 100.75
1272 100.75
1273 100.8
1274 100.8
1275 100.85
1276 100.85
1277 100.9
1278 100.9
1279 100.9
1280 100.95
1281 101.0
1282 101.0
1283 101.05
1284 101.15
1285 101.15
1286 101.2
1287 101.2
1288 101.25
1289 101.25
1290 101.25
1291 101.25
1292 101.25
1293 101.3
1294 101.45
1295 101.6
1296 101.65
1297 101.75
1298 101.8
1299 101.8
1300 101.9
1301 101.9
1302 101.9
1303 102.0
1304 102.05
1305 102.15
1306 102.3
1307 102.5
1308 102.5
1309 102.6
1310 102.75
1311 102.85
1312 102.85
1313 102.85
1314 102.85
1315 102.95
1316 103.0
1317 103.1
1318 103.1
1319 103.1
1320 103.15
1321 103.15
1322 103.15
1323 103.15
1324 103.15
1325 103.2
1326 103.25
1327 103.25
1328 103.3
1329 103.35
1330 103.35
1331 103.4
1332 103.6
1333 103.65
1334 103.7
1335 103.7
1336 103.7
1337 103.7
1338 103.75
1339 103.85
1340 103.85
1341 103.85
1342 103.95
1343 104.0
1344 104.2
1345 104.25
1346 104.3
1347 104.35
1348 104.35
1349 104.35
1350 104.4
1351 104.45
1352 104.45
1353 104.45
1354 104.5
1355 104.55
1356 104.65
1357 104.7
1358 104.7
1359 104.75
1360 104.75
1361 104.85
1362 104.9
1363 105.05
1364 105.1
1365 105.2
1366 105.2
1367 105.2
1368 105.2
1369 105.25
1370 105.25
1371 105.35
1372 105.35
1373 105.6
1374 105.6
1375 105.6
1376 105.7
1377 105.7
1378 105.7
1379 105.7
1380 105.7
1381 105.7
1382 105.75
1383 105.8
1384 105.9
1385 105.9
1386 105.9
1387 105.95
1388 106.05
1389 106.15
1390 106.2
1391 106.25
1392 106.35
1393 106.5
1394 106.6
1395 106.6
1396 106.65
1397 106.7
1398 106.75
1399 106.8
1400 106.85
1401 106.85
1402 106.9
1403 106.95
1404 106.95
1405 107.0
1406 107.0
1407 107.05
1408 107.1
1409 107.1
1410 107.1
1411 107.1
1412 107.1
1413 107.1
1414 107.2
1415 107.25
1416 107.3
1417 107.35
1418 107.35
1419 107.35
1420 107.45
1421 107.5
1422 107.6
1423 107.6
1424 107.7
1425 107.75
1426 107.8
1427 107.8
1428 107.8
1429 107.85
1430 107.9
1431 107.9
1432 107.95
1433 108.1
1434 108.15
1435 108.15
1436 108.15
1437 108.2
1438 108.2
1439 108.2
1440 108.3
1441 108.3
1442 108.35
1443 108.35
1444 108.35
1445 108.35
1446 108.35
1447 108.4
1448 108.45
1449 108.45
1450 108.5
1451 108.7
1452 108.7
1453 108.7
1454 108.7
1455 108.7
1456 108.7
1457 108.75
1458 108.8
1459 108.8
1460 108.8
1461 108.85
1462 108.85
1463 109.1
1464 109.15
1465 109.15
1466 109.15
1467 109.3
1468 109.35
1469 109.4
1470 109.4
1471 109.5
1472 109.55
1473 109.6
1474 109.6
1475 109.6
1476 109.6
1477 109.6
1478 109.6
1479 109.65
1480 109.65
1481 109.7
1482 109.75
1483 109.8
1484 110.0
1485 110.2
1486 110.2
1487 110.25
1488 110.35
1489 110.35
1490 110.45
1491 110.5
1492 110.55
1493 110.65
1494 110.65
1495 110.75
1496 110.8
1497 110.8
1498 110.85
1499 110.85
1500 111.0
1501 111.1
1502 111.1
1503 111.1
1504 111.1
1505 111.15
1506 111.3
1507 111.3
1508 111.4
1509 111.45
1510 111.55
1511 111.6
1512 111.6
1513 111.65
1514 111.75
1515 111.8
1516 111.9
1517 111.9
1518 111.9
1519 111.9
1520 112.0
1521 112.0
1522 112.0
1523 112.1
1524 112.15
1525 112.2
1526 112.3
1527 112.4
1528 112.45
1529 112.45
1530 112.55
1531 112.65
1532 112.8
1533 112.8
1534 112.9
1535 112.95
1536 113.0
1537 113.0
1538 113.0
1539 113.0
1540 113.0
1541 113.0
1542 113.05
1543 113.15
1544 113.2
1545 113.2
1546 113.4
1547 113.4
1548 113.45
1549 113.6
1550 113.6
1551 113.65
1552 113.65
1553 113.7
1554 113.8
1555 113.8
1556 113.8
1557 113.8
1558 113.8
1559 113.8
1560 113.8
1561 113.85
1562 113.95
1563 113.95
1564 114.0
1565 114.0
1566 114.05
1567 114.05
1568 114.2
1569 114.25
1570 114.35
1571 114.35
1572 114.4
1573 114.4
1574 114.45
1575 114.55
1576 114.55
1577 114.55
1578 114.55
1579 114.6
1580 114.7
1581 114.7
1582 114.75
1583 114.75
1584 114.8
1585 114.85
1586 114.85
1587 114.85
1588 114.85
1589 114.9
1590 114.9
1591 115.0
1592 115.0
1593 115.1
1594 115.1
1595 115.2
1596 115.2
1597 115.2
1598 115.3
1599 115.3
1600 115.3
1601 115.35
1602 115.35
1603 115.5
1604 115.65
1605 115.65
1606 115.85
1607 115.85
1608 115.95
1609 116.0
1610 116.0
1611 116.1
1612 116.25
1613 116.3
1614 116.35
1615 116.35
1616 116.35
1617 116.35
1618 116.35
1619 116.4
1620 116.4
1621 116.5
1622 116.65
1623 116.65
1624 116.65
1625 116.65
1626 116.7
1627 116.7
1628 116.7
1629 116.7
1630 116.9
1631 116.95
1632 117.05
1633 117.05
1634 117.1
1635 117.25
1636 117.3
1637 117.3
1638 117.35
1639 117.45
1640 117.45
1641 117.55
1642 117.7
1643 117.7
1644 117.8
1645 117.8
1646 117.85
1647 117.85
1648 118.0
1649 118.0
1650 118.1
1651 118.1
1652 118.15
1653 118.15
1654 118.15
1655 118.2
1656 118.3
1657 118.3
1658 118.3
1659 118.3
1660 118.3
1661 118.35
1662 118.35
1663 118.35
1664 118.45
1665 118.5
1666 118.55
1667 118.55
1668 118.6
1669 118.6
1670 118.6
1671 118.65
1672 118.65
1673 118.7
1674 118.75
1675 118.8
1676 118.8
1677 118.9
1678 119.0
1679 119.0
1680 119.0
1681 119.0
1682 119.0
1683 119.15
1684 119.15
1685 119.15
1686 119.15
1687 119.15
1688 119.15
1689 119.25
1690 119.3
1691 119.4
1692 119.45
1693 119.45
1694 119.5
1695 119.5
1696 119.55
1697 119.55
1698 119.55
1699 119.55
1700 119.6
1701 119.65
1702 119.7
1703 119.75
1704 119.85
1705 119.9
1706 119.95
1707 120.0
1708 120.05
1709 120.2
1710 120.2
1711 120.25
1712 120.25
1713 120.5
1714 120.6
1715 120.6
1716 120.6
1717 120.75
1718 120.75
1719 120.9
1720 120.9
1721 120.9
1722 120.95
1723 120.95
1724 120.95
1725 120.95
1726 120.95
1727 121.05
1728 121.1
1729 121.15
1730 121.15
1731 121.15
1732 121.15
1733 121.15
1734 121.2
1735 121.2
1736 121.25
1737 121.25
1738 121.25
1739 121.25
1740 121.25
1741 121.35
1742 121.35
1743 121.4
1744 121.45
1745 121.45
1746 121.55
1747 121.65
1748 121.75
1749 121.8
1750 121.85
1751 121.85
1752 121.85
1753 121.9
1754 121.9
1755 122.0
1756 122.0
1757 122.0
1758 122.05
1759 122.05
1760 122.15
1761 122.15
1762 122.15
1763 122.15
1764 122.25
1765 122.3
1766 122.4
1767 122.4
1768 122.4
1769 122.45
1770 122.5
1771 122.55
1772 122.6
1773 122.65
1774 122.7
1775 122.75
1776 122.8
1777 122.85
1778 122.85
1779 122.9
1780 123.0
1781 123.1
1782 123.1
1783 123.1
1784 123.15
1785 123.25
1786 123.25
1787 123.3
1788 123.35
1789 123.35
1790 123.4
1791 123.4
1792 123.6
1793 123.6
1794 123.6
1795 123.6
1796 123.65
1797 123.65
1798 123.75
1799 123.75
1800 123.75
1801 123.75
1802 123.85
1803 123.85
1804 123.95
1805 123.95
1806 123.95
1807 124.1
1808 124.2
1809 124.35
1810 124.4
1811 124.4
1812 124.4
1813 124.4
1814 124.45
1815 124.45
1816 124.45
1817 124.55
1818 124.55
1819 124.6
1820 124.65
1821 124.7
1822 124.85
1823 124.85
1824 124.85
1825 124.9
1826 125.0
1827 125.05
1828 125.05
1829 125.05
1830 125.05
1831 125.05
1832 125.05
1833 125.05
1834 125.05
1835 125.05
1836 125.05
1837 125.05
1838 125.05
1839 125.05
1840 125.05
1841 125.1
1842 125.25
1843 125.3
1844 125.3
1845 125.4
1846 125.55
1847 125.55
1848 125.6
1849 125.65
1850 125.65
1851 125.75
1852 125.8
1853 125.8
1854 125.85
1855 125.9
1856 125.9
1857 126.0
1858 126.05
1859 126.2
1860 126.2
1861 126.2
1862 126.25
1863 126.3
1864 126.4
1865 126.4
1866 126.45
1867 126.45
1868 126.45
1869 126.55
1870 126.6
1871 126.65
1872 126.7
1873 126.85
1874 126.9
1875 126.9
1876 127.0
1877 127.1
1878 127.1
1879 127.1
1880 127.1
1881 127.15
1882 127.2
1883 127.2
1884 127.2
1885 127.2
1886 127.2
1887 127.25
1888 127.3
1889 127.3
1890 127.3
1891 127.35
1892 127.35
1893 127.5
1894 127.6
1895 127.6
1896 127.6
1897 127.6
1898 127.65
1899 127.65
1900 127.75
1901 127.8
1902 127.8
1903 127.85
1904 127.9
1905 127.95
1906 127.95
1907 127.95
1908 127.95
1909 127.95
1910 128.05
1911 128.05
1912 128.1
1913 128.15
1914 128.15
1915 128.2
1916 128.2
1917 128.35
1918 128.45
1919 128.55
1920 128.55
1921 128.55
1922 128.55
1923 128.55
1924 128.6
1925 128.7
1926 128.7
1927 128.7
1928 128.7
1929 128.75
1930 128.8
1931 128.8
1932 128.8
1933 128.8
1934 128.8
1935 128.9
1936 129.05
1937 129.1
1938 129.1
1939 129.1
1940 129.25
1941 129.3
1942 129.35
1943 129.35
1944 129.35
1945 129.35
1946 129.4
1947 129.4
1948 129.4
1949 129.4
1950 129.4
1951 129.55
1952 129.6
1953 129.65
1954 129.65
1955 129.8
1956 129.8
1957 129.9
1958 129.9
1959 129.9
1960 129.9
1961 130.0
1962 130.0
1963 130.0
1964 130.0
1965 130.0
1966 130.0
1967 130.0
1968 130.0
1969 130.2
1970 130.25
1971 130.25
1972 130.3
1973 130.45
1974 130.45
1975 130.5
1976 130.55
1977 130.6
1978 130.65
1979 130.65
1980 130.65
1981 130.8
1982 130.8
1983 130.95
1984 130.95
1985 130.95
1986 131.0
1987 131.25
1988 131.3
1989 131.3
1990 131.3
1991 131.4
1992 131.4
1993 131.45
1994 131.5
1995 131.5
1996 131.6
1997 131.6
1998 131.6
1999 131.6
2000 131.6
2001 131.65
2002 131.7
2003 131.75
2004 131.85
2005 131.85
2006 131.95
2007 131.95
2008 131.95
2009 132.0
2010 132.05
2011 132.05
2012 132.1
2013 132.2
2014 132.2
2015 132.2
2016 132.2
2017 132.2
2018 132.2
2019 132.2
2020 132.2
2021 132.2
2022 132.2
2023 132.2
2024 132.2
2025 132.3
2026 132.35
2027 132.4
2028 132.4
2029 132.45
2030 132.45
2031 132.55
2032 132.55
2033 132.6
2034 132.8
2035 132.8
2036 132.8
2037 132.8
2038 132.8
2039 132.8
2040 132.9
2041 132.9
2042 133.05
2043 133.05
2044 133.1
2045 133.1
2046 133.15
2047 133.15
2048 133.15
2049 133.15
2050 133.15
2051 133.15
2052 133.2
2053 133.25
2054 133.25
2055 133.35
2056 133.35
2057 133.4
2058 133.4
2059 133.45
2060 133.45
2061 133.6
2062 133.6
2063 133.7
2064 133.75
2065 133.75
2066 133.75
2067 133.85
2068 133.85
2069 133.85
2070 133.9
2071 133.9
2072 134.05
2073 134.05
2074 134.1
2075 134.1
2076 134.1
2077 134.1
2078 134.1
2079 134.1
2080 134.1
2081 134.1
2082 134.2
2083 134.2
2084 134.2
2085 134.2
2086 134.35
2087 134.4
2088 134.45
2089 134.55
2090 134.55
2091 134.55
2092 134.6
2093 134.75
2094 134.75
2095 134.8
2096 134.8
2097 134.8
2098 134.8
2099 134.8
2100 134.85
2101 134.85
2102 134.85
2103 135.0
2104 135.05
2105 135.05
2106 135.1
2107 135.2
2108 135.25
2109 135.35
2110 135.35
2111 135.35
2112 135.4
2113 135.45
2114 135.55
2115 135.6
2116 135.6
2117 135.7
2118 135.75
2119 135.75
2120 135.75
2121 135.75
2122 135.75
2123 135.8
2124 135.8
2125 135.85
2126 135.85
2127 135.9
2128 135.9
2129 135.95
2130 135.95
2131 135.95
2132 135.95
2133 135.95
2134 136.0
2135 136.05
2136 136.05
2137 136.05
2138 136.05
2139 136.1
2140 136.1
2141 136.1
2142 136.3
2143 136.3
2144 136.3
2145 136.35
2146 136.35
2147 136.45
2148 136.45
2149 136.55
2150 136.55
2151 136.6
2152 136.65
2153 136.7
2154 136.75
2155 136.75
2156 136.75
2157 136.75
2158 136.8
2159 136.85
2160 136.85
2161 136.95
2162 136.95
2163 137.0
2164 137.0
2165 137.05
2166 137.05
2167 137.15
2168 137.15
2169 137.15
2170 137.15
2171 137.2
2172 137.2
2173 137.2
2174 137.25
2175 137.3
2176 137.3
2177 137.4
2178 137.45
2179 137.45
2180 137.45
2181 137.5
2182 137.55
2183 137.75
2184 137.75
2185 137.9
2186 137.9
2187 138.0
2188 138.0
2189 138.05
2190 138.2
2191 138.25
2192 138.25
2193 138.3
2194 138.3
2195 138.3
2196 138.35
2197 138.35
2198 138.35
2199 138.45
2200 138.45
2201 138.45
2202 138.45
2203 138.45
2204 138.45
2205 138.45
2206 138.45
2207 138.65
2208 138.8
2209 138.85
2210 138.85
2211 138.9
2212 138.9
2213 138.95
2214 139.0
2215 139.0
2216 139.05
2217 139.15
2218 139.15
2219 139.15
2220 139.2
2221 139.2
2222 139.3
2223 139.35
2224 139.35
2225 139.35
2226 139.5
2227 139.6
2228 139.65
2229 139.7
2230 139.7
2231 139.7
2232 139.75
2233 139.75
2234 139.75
2235 139.8
2236 139.8
2237 139.8
2238 139.8
2239 139.9
2240 139.9
2241 139.9
2242 139.9
2243 139.95
2244 140.0
2245 140.0
2246 140.15
2247 140.15
2248 140.2
2249 140.2
2250 140.2
2251 140.3
2252 140.3
2253 140.3
2254 140.3
2255 140.3
2256 140.3
2257 140.35
2258 140.4
2259 140.4
2260 140.4
2261 140.45
2262 140.45
2263 140.45
2264 140.45
2265 140.45
2266 140.55
2267 140.65
2268 140.65
2269 140.7
2270 140.7
2271 140.75
2272 140.75
2273 140.8
2274 140.8
2275 140.8
2276 140.85
2277 140.9
2278 140.9
2279 140.9
2280 140.95
2281 141.0
2282 141.05
2283 141.05
2284 141.1
2285 141.2
2286 141.25
2287 141.3
2288 141.35
2289 141.35
2290 141.35
2291 141.35
2292 141.35
2293 141.35
2294 141.35
2295 141.35
2296 141.4
2297 141.4
2298 141.45
2299 141.5
2300 141.55
2301 141.6
2302 141.6
2303 141.6
2304 141.6
2305 141.6
2306 141.6
2307 141.6
2308 141.6
2309 141.65
2310 141.7
2311 141.7
2312 141.85
2313 141.85
2314 141.9
2315 142.0
2316 142.0
2317 142.1
2318 142.15
2319 142.15
2320 142.15
2321 142.15
2322 142.15
2323 142.2
2324 142.25
2325 142.3
2326 142.4
2327 142.4
2328 142.4
2329 142.4
2330 142.4
2331 142.4
2332 142.45
2333 142.45
2334 142.45
2335 142.55
2336 142.55
2337 142.55
2338 142.6
2339 142.65
2340 142.65
2341 142.65
2342 142.65
2343 142.75
2344 142.75
2345 142.8
2346 142.8
2347 142.8
2348 142.85
2349 142.85
2350 142.9
2351 143.05
2352 143.1
2353 143.1
2354 143.15
2355 143.2
2356 143.25
2357 143.3
2358 143.4
2359 143.4
2360 143.4
2361 143.45
2362 143.45
2363 143.45
2364 143.5
2365 143.5
2366 143.5
2367 143.5
2368 143.5
2369 143.5
2370 143.5
2371 143.5
2372 143.6
2373 143.6
2374 143.75
2375 143.8
2376 143.9
2377 143.95
2378 143.95
2379 144.0
2380 144.05
2381 144.05
2382 144.05
2383 144.1
2384 144.2
2385 144.25
2386 144.3
2387 144.35
2388 144.35
2389 144.35
2390 144.35
2391 144.35
2392 144.35
2393 144.4
2394 144.4
2395 144.45
2396 144.45
2397 144.45
2398 144.45
2399 144.45
2400 144.5
2401 144.5
2402 144.55
2403 144.55
2404 144.55
2405 144.55
2406 144.55
2407 144.55
2408 144.55
2409 144.55
2410 144.6
2411 144.6
2412 144.65
2413 144.75
2414 144.8
2415 144.8
2416 144.8
2417 144.8
2418 144.85
2419 144.9
2420 144.9
2421 144.9
2422 144.95
2423 144.95
2424 144.95
2425 144.95
2426 144.95
2427 145.0
2428 145.0
2429 145.0
2430 145.0
2431 145.0
2432 145.05
2433 145.1
2434 145.2
2435 145.25
2436 145.3
2437 145.35
2438 145.35
2439 145.35
2440 145.35
2441 145.35
2442 145.4
2443 145.4
2444 145.5
2445 145.6
2446 145.65
2447 145.7
2448 145.7
2449 145.9
2450 146.0
2451 146.0
2452 146.0
2453 146.05
2454 146.05
2455 146.15
2456 146.15
2457 146.2
2458 146.2
2459 146.2
2460 146.3
2461 146.3
2462 146.35
2463 146.4
2464 146.4
2465 146.4
2466 146.5
2467 146.5
2468 146.5
2469 146.5
2470 146.5
2471 146.55
2472 146.55
2473 146.55
2474 146.55
2475 146.55
2476 146.55
2477 146.55
2478 146.6
2479 146.65
2480 146.65
2481 146.65
2482 146.7
2483 146.7
2484 146.7
2485 146.7
2486 146.7
2487 146.7
2488 146.7
2489 146.8
2490 146.8
2491 146.8
2492 146.8
2493 146.8
2494 146.8
2495 146.85
2496 146.95
2497 146.95
2498 147.0
2499 147.1
2500 147.1
2501 147.1
2502 147.1
2503 147.15
2504 147.15
2505 147.15
2506 147.15
2507 147.2
2508 147.2
2509 147.25
2510 147.25
2511 147.4
2512 147.45
2513 147.45
2514 147.45
2515 147.45
2516 147.45
2517 147.5
2518 147.55
2519 147.55
2520 147.6
2521 147.6
2522 147.6
2523 147.6
2524 147.6
2525 147.6
2526 147.65
2527 147.65
2528 147.65
2529 147.75
2530 147.8
2531 147.85
2532 147.9
2533 147.95
2534 147.95
2535 148.05
2536 148.15
2537 148.2
2538 148.2
2539 148.25
2540 148.3
2541 148.35
2542 148.35
2543 148.35
2544 148.35
2545 148.35
2546 148.35
2547 148.35
2548 148.35
2549 148.35
2550 148.35
2551 148.35
2552 148.5
2553 148.55
2554 148.55
2555 148.55
2556 148.6
2557 148.65
2558 148.65
2559 148.65
2560 148.65
2561 148.65
2562 148.8
2563 148.8
2564 148.85
2565 148.85
2566 148.85
2567 148.85
2568 148.95
2569 148.95
2570 148.95
2571 149.0
2572 149.05
2573 149.05
2574 149.05
2575 149.05
2576 149.1
2577 149.1
2578 149.1
2579 149.15
2580 149.15
2581 149.2
2582 149.25
2583 149.25
2584 149.25
2585 149.25
2586 149.3
2587 149.35
2588 149.35
2589 149.45
2590 149.5
2591 149.5
2592 149.6
2593 149.65
2594 149.75
2595 149.75
2596 149.75
2597 149.8
2598 149.8
2599 149.9
2600 149.9
2601 149.9
2602 149.95
2603 149.95
2604 149.95
2605 149.95
2606 149.95
2607 149.95
2608 150.05
2609 150.05
2610 150.05
2611 150.25
2612 150.35
2613 150.35
2614 150.35
2615 150.5
2616 150.5
2617 150.5
2618 150.55
2619 150.55
2620 150.55
2621 150.55
2622 150.55
2623 150.55
2624 150.55
2625 150.55
2626 150.55
2627 150.55
2628 150.6
2629 150.6
2630 150.6
2631 150.65
2632 150.65
2633 150.65
2634 150.65
2635 150.65
2636 150.75
2637 150.75
2638 150.75
2639 150.75
2640 150.75
2641 150.75
2642 150.75
2643 150.8
2644 150.85
2645 150.85
2646 150.95
2647 150.95
2648 150.95
2649 151.0
2650 151.0
2651 151.05
2652 151.15
2653 151.15
2654 151.25
2655 151.35
2656 151.35
2657 151.4
2658 151.4
2659 151.4
2660 151.4
2661 151.5
2662 151.5
2663 151.55
2664 151.55
2665 151.55
2666 151.6
2667 151.6
2668 151.6
2669 151.7
2670 151.7
2671 151.7
2672 151.75
2673 151.8
2674 151.85
2675 151.85
2676 152.0
2677 152.05
2678 152.05
2679 152.05
2680 152.15
2681 152.15
2682 152.15
2683 152.15
2684 152.15
2685 152.2
2686 152.25
2687 152.35
2688 152.35
2689 152.35
2690 152.35
2691 152.35
2692 152.35
2693 152.4
2694 152.45
2695 152.45
2696 152.45
2697 152.45
2698 152.5
2699 152.5
2700 152.5
2701 152.5
2702 152.5
2703 152.55
2704 152.55
2705 152.6
2706 152.6
2707 152.6
2708 152.6
2709 152.6
2710 152.65
2711 152.65
2712 152.65
2713 152.65
2714 152.7
2715 152.7
2716 152.7
2717 152.7
2718 152.7
2719 152.7
2720 152.7
2721 152.7
2722 152.75
2723 152.75
2724 152.75
2725 152.75
2726 152.75
2727 152.75
2728 152.75
2729 152.9
2730 152.9
2731 152.9
2732 152.95
2733 152.95
2734 152.95
2735 153.0
2736 153.0
2737 153.0
2738 153.2
2739 153.25
2740 153.25
2741 153.25
2742 153.3
2743 153.3
2744 153.35
2745 153.35
2746 153.35
2747 153.45
2748 153.45
2749 153.5
2750 153.55
2751 153.55
2752 153.55
2753 153.55
2754 153.55
2755 153.55
2756 153.55
2757 153.55
2758 153.55
2759 153.55
2760 153.6
2761 153.6
2762 153.6
2763 153.65
2764 153.65
2765 153.65
2766 153.7
2767 153.8
2768 153.8
2769 153.85
2770 153.85
2771 153.9
2772 153.9
2773 153.9
2774 153.95
2775 153.95
2776 153.95
2777 154.05
2778 154.05
2779 154.05
2780 154.05
2781 154.05
2782 154.05
2783 154.1
2784 154.1
2785 154.1
2786 154.1
2787 154.2
2788 154.25
2789 154.3
2790 154.3
2791 154.35
2792 154.35
2793 154.35
2794 154.35
2795 154.35
2796 154.35
2797 154.4
2798 154.4
2799 154.4
2800 154.55
2801 154.6
2802 154.65
2803 154.65
2804 154.65
2805 154.7
2806 154.75
2807 154.75
2808 154.8
2809 154.8
2810 154.8
2811 154.8
2812 154.8
2813 154.8
2814 154.8
2815 154.8
2816 154.8
2817 154.85
2818 155.0
2819 155.0
2820 155.1
2821 155.1
2822 155.15
2823 155.15
2824 155.2
2825 155.3
2826 155.3
2827 155.3
2828 155.3
2829 155.3
2830 155.3
2831 155.3
2832 155.35
2833 155.35
2834 155.35
2835 155.4
2836 155.4
2837 155.45
2838 155.5
2839 155.5
2840 155.5
2841 155.55
2842 155.55
2843 155.6
2844 155.6
2845 155.6
2846 155.6
2847 155.6
2848 155.6
2849 155.65
2850 155.65
2851 155.7
2852 155.75
2853 155.75
2854 155.75
2855 155.75
2856 155.85
2857 155.85
2858 155.85
2859 155.9
2860 155.9
2861 155.9
2862 155.9
2863 155.9
2864 155.9
2865 155.9
2866 155.9
2867 155.95
2868 155.95
2869 156.0
2870 156.0
2871 156.05
2872 156.15
2873 156.15
2874 156.2
2875 156.3
2876 156.35
2877 156.35
2878 156.4
2879 156.45
2880 156.5
2881 156.5
2882 156.55
2883 156.55
2884 156.55
2885 156.6
2886 156.6
2887 156.6
2888 156.6
2889 156.6
2890 156.6
2891 156.6
2892 156.65
2893 156.65
2894 156.7
2895 156.7
2896 156.7
2897 156.7
2898 156.7
2899 156.7
2900 156.8
2901 156.8
2902 156.85
2903 156.85
2904 156.85
2905 156.85
2906 156.9
2907 156.9
2908 157.0
2909 157.0
2910 157.0
2911 157.0
2912 157.0
2913 157.0
2914 157.0
2915 157.1
2916 157.15
2917 157.15
2918 157.15
2919 157.15
2920 157.15
2921 157.15
2922 157.15
2923 157.15
2924 157.2
2925 157.25
2926 157.25
2927 157.25
2928 157.35
2929 157.4
2930 157.5
2931 157.5
2932 157.5
2933 157.5
2934 157.5
2935 157.5
2936 157.6
2937 157.6
2938 157.6
2939 157.6
2940 157.65
2941 157.65
2942 157.7
2943 157.7
2944 157.7
2945 157.7
2946 157.8
2947 157.8
2948 157.8
2949 157.8
2950 157.8
2951 157.85
2952 157.85
2953 157.85
2954 157.85
2955 157.85
2956 157.9
2957 157.9
2958 157.95
2959 157.95
2960 157.95
2961 158.0
2962 158.0
2963 158.0
2964 158.05
2965 158.15
2966 158.15
2967 158.15
2968 158.2
2969 158.2
2970 158.2
2971 158.2
2972 158.2
2973 158.35
2974 158.35
2975 158.4
2976 158.4
2977 158.4
2978 158.4
2979 158.4
2980 158.45
2981 158.45
2982 158.45
2983 158.45
2984 158.45
2985 158.5
2986 158.5
2987 158.55
2988 158.65
2989 158.65
2990 158.7
2991 158.7
2992 158.7
2993 158.7
2994 158.7
2995 158.85
2996 158.85
2997 158.9
2998 159.0
2999 159.0
3000 159.0
3001 159.05
3002 159.1
3003 159.15
3004 159.15
3005 159.2
3006 159.25
3007 159.25
3008 159.25
3009 159.25
3010 159.25
3011 159.25
3012 159.3
3013 159.3
3014 159.3
3015 159.3
3016 159.35
3017 159.35
3018 159.4
3019 159.4
3020 159.45
3021 159.45
3022 159.45
3023 159.45
3024 159.45
3025 159.45
3026 159.45
3027 159.45
3028 159.5
3029 159.5
3030 159.5
3031 159.55
3032 159.6
3033 159.6
3034 159.65
3035 159.65
3036 159.7
3037 159.7
3038 159.7
3039 159.7
3040 159.75
3041 159.75
3042 159.9
3043 159.9
3044 159.9
3045 159.95
3046 160.0
3047 160.05
3048 160.05
3049 160.05
3050 160.05
3051 160.1
3052 160.15
3053 160.15
3054 160.2
3055 160.2
3056 160.25
3057 160.25
3058 160.3
3059 160.3
3060 160.4
3061 160.4
3062 160.45
3063 160.45
3064 160.45
3065 160.5
3066 160.5
3067 160.5
3068 160.55
3069 160.55
3070 160.7
3071 160.7
3072 160.75
3073 160.75
3074 160.75
3075 160.8
3076 160.8
3077 160.85
3078 160.85
3079 160.9
3080 160.9
3081 160.9
3082 160.9
3083 161.0
3084 161.0
3085 161.0
3086 161.0
3087 161.0
3088 161.0
3089 161.0
3090 161.0
3091 161.05
3092 161.1
3093 161.1
3094 161.1
3095 161.15
3096 161.15
3097 161.15
3098 161.15
3099 161.15
3100 161.2
3101 161.25
3102 161.25
3103 161.25
3104 161.25
3105 161.25
3106 161.25
3107 161.25
3108 161.25
3109 161.25
3110 161.25
3111 161.25
3112 161.25
3113 161.3
3114 161.3
3115 161.3
3116 161.35
3117 161.4
3118 161.4
3119 161.4
3120 161.4
3121 161.4
3122 161.4
3123 161.5
3124 161.5
3125 161.5
3126 161.5
3127 161.5
3128 161.5
3129 161.55
3130 161.55
3131 161.55
3132 161.6
3133 161.65
3134 161.65
3135 161.65
3136 161.65
3137 161.65
3138 161.65
3139 161.65
3140 161.65
3141 161.65
3142 161.65
3143 161.7
3144 161.7
3145 161.75
3146 161.75
3147 161.8
3148 161.8
3149 161.8
3150 161.85
3151 161.85
3152 161.85
3153 161.85
3154 161.85
3155 161.85
3156 161.85
3157 161.85
3158 161.85
3159 161.85
3160 161.85
3161 161.85
3162 161.95
3163 161.95
3164 162.05
3165 162.05
3166 162.1
3167 162.2
3168 162.2
3169 162.25
3170 162.25
3171 162.3
3172 162.3
3173 162.3
3174 162.35
3175 162.4
3176 162.55
3177 162.55
3178 162.6
3179 162.6
3180 162.6
3181 162.6
3182 162.6
3183 162.6
3184 162.6
3185 162.6
3186 162.6
3187 162.6
3188 162.6
3189 162.6
3190 162.65
3191 162.65
3192 162.8
3193 162.8
3194 162.8
3195 162.85
3196 162.85
3197 162.85
3198 162.85
3199 162.85
3200 162.85
3201 162.85
3202 162.85
3203 162.9
3204 162.9
3205 162.9
3206 162.9
3207 162.9
3208 162.9
3209 162.9
3210 162.9
3211 162.9
3212 162.9
3213 162.9
3214 162.95
3215 162.95
3216 162.95
3217 162.95
3218 163.0
3219 163.0
3220 163.0
3221 163.0
3222 163.0
3223 163.15
3224 163.15
3225 163.15
3226 163.2
3227 163.25
3228 163.3
3229 163.3
3230 163.4
3231 163.4
3232 163.4
3233 163.4
3234 163.4
3235 163.4
3236 163.4
3237 163.45
3238 163.5
3239 163.5
3240 163.6
3241 163.6
3242 163.6
3243 163.6
3244 163.6
3245 163.65
3246 163.7
3247 163.7
3248 163.7
3249 163.7
3250 163.7
3251 163.7
3252 163.85
3253 163.85
3254 163.9
3255 163.9
3256 163.95
3257 164.0
3258 164.0
3259 164.0
3260 164.0
3261 164.05
3262 164.2
3263 164.2
3264 164.25
3265 164.3
3266 164.35
3267 164.4
3268 164.4
3269 164.5
3270 164.5
3271 164.5
3272 164.6
3273 164.6
3274 164.6
3275 164.65
3276 164.7
3277 164.7
3278 164.75
3279 164.75
3280 164.75
3281 164.75
3282 164.75
3283 164.75
3284 164.75
3285 164.75
3286 164.85
3287 164.95
3288 165.0
3289 165.0
3290 165.0
3291 165.0
3292 165.0
3293 165.0
3294 165.0
3295 165.0
3296 165.0
3297 165.05
3298 165.15
3299 165.15
3300 165.2
3301 165.2
3302 165.2
3303 165.25
3304 165.25
3305 165.35
3306 165.35
3307 165.35
3308 165.35
3309 165.35
3310 165.35
3311 165.35
3312 165.4
3313 165.4
3314 165.45
3315 165.45
3316 165.45
3317 165.45
3318 165.45
3319 165.5
3320 165.5
3321 165.55
3322 165.7
3323 165.7
3324 165.7
3325 165.7
3326 165.7
3327 165.7
3328 165.7
3329 165.7
3330 165.7
3331 165.75
3332 165.75
3333 165.75
3334 165.75
3335 165.75
3336 165.75
3337 165.8
3338 165.8
3339 165.85
3340 165.9
3341 165.9
3342 165.9
3343 165.9
3344 165.9
3345 165.9
3346 165.9
3347 165.9
3348 165.9
3349 165.9
3350 165.9
3351 165.9
3352 165.9
3353 165.9
3354 165.95
3355 166.05
3356 166.05
3357 166.1
3358 166.15
3359 166.15
3360 166.15
3361 166.15
3362 166.3
3363 166.3
3364 166.3
3365 166.4
3366 166.4
3367 166.4
3368 166.4
3369 166.45
3370 166.45
3371 166.5
3372 166.5
3373 166.55
3374 166.6
3375 166.6
3376 166.6
3377 166.6
3378 166.6
3379 166.6
3380 166.65
3381 166.65
3382 166.65
3383 166.65
3384 166.7
3385 166.7
3386 166.7
3387 166.7
3388 166.7
3389 166.7
3390 166.75
3391 166.75
3392 166.75
3393 166.75
3394 166.8
3395 166.85
3396 166.85
3397 166.85
3398 166.9
3399 167.0
3400 167.0
3401 167.0
3402 167.0
3403 167.05
3404 167.05
3405 167.05
3406 167.05
3407 167.05
3408 167.05
3409 167.1
3410 167.2
3411 167.2
3412 167.2
3413 167.25
3414 167.25
3415 167.3
3416 167.35
3417 167.4
3418 167.4
3419 167.4
3420 167.4
3421 167.4
3422 167.4
3423 167.4
3424 167.45
3425 167.5
3426 167.55
3427 167.6
3428 167.6
3429 167.6
3430 167.65
3431 167.65
3432 167.65
3433 167.75
3434 167.75
3435 167.75
3436 167.75
3437 167.75
3438 167.75
3439 167.75
3440 167.75
3441 167.8
3442 167.8
3443 167.8
3444 167.8
3445 167.8
3446 167.8
3447 167.8
3448 167.8
3449 167.8
3450 167.8
3451 167.8
3452 167.8
3453 167.8
3454 167.8
3455 167.8
3456 167.85
3457 167.85
3458 167.9
3459 167.95
3460 168.0
3461 168.0
3462 168.05
3463 168.1
3464 168.1
3465 168.15
3466 168.15
3467 168.25
3468 168.25
3469 168.25
3470 168.3
3471 168.3
3472 168.3
3473 168.3
3474 168.3
3475 168.35
3476 168.35
3477 168.35
3478 168.35
3479 168.35
3480 168.45
3481 168.5
3482 168.55
3483 168.55
3484 168.65
3485 168.65
3486 168.65
3487 168.7
3488 168.7
3489 168.7
3490 168.75
3491 168.8
3492 168.8
3493 168.8
3494 168.8
3495 168.8
3496 168.9
3497 168.9
3498 168.95
3499 168.95
3500 169.0
3501 169.0
3502 169.05
3503 169.05
3504 169.05
3505 169.15
3506 169.15
3507 169.25
3508 169.25
3509 169.25
3510 169.3
3511 169.4
3512 169.4
3513 169.4
3514 169.45
3515 169.5
3516 169.5
3517 169.5
3518 169.5
3519 169.5
3520 169.5
3521 169.5
3522 169.5
3523 169.5
3524 169.5
3525 169.5
3526 169.5
3527 169.55
3528 169.55
3529 169.55
3530 169.55
3531 169.6
3532 169.6
3533 169.65
3534 169.65
3535 169.7
3536 169.7
3537 169.7
3538 169.7
3539 169.7
3540 169.75
3541 169.8
3542 169.8
3543 169.8
3544 169.85
3545 169.85
3546 169.85
3547 169.85
3548 169.85
3549 169.85
3550 169.85
3551 169.85
3552 169.9
3553 169.9
3554 169.9
3555 169.9
3556 169.95
3557 169.95
3558 169.95
3559 169.95
3560 169.95
3561 170.0
3562 170.0
3563 170.0
3564 170.05
3565 170.1
3566 170.15
3567 170.15
3568 170.15
3569 170.15
3570 170.15
3571 170.25
3572 170.25
3573 170.25
3574 170.25
3575 170.25
3576 170.25
3577 170.3
3578 170.3
3579 170.3
3580 170.3
3581 170.3
3582 170.3
3583 170.4
3584 170.4
3585 170.4
3586 170.45
3587 170.45
3588 170.45
3589 170.5
3590 170.5
3591 170.5
3592 170.55
3593 170.6
3594 170.6
3595 170.65
3596 170.65
3597 170.7
3598 170.7
3599 170.7
3600 170.7
3601 170.7
3602 170.75
3603 170.75
3604 170.75
3605 170.75
3606 170.8
3607 170.8
3608 170.8
3609 170.8
3610 170.8
3611 170.8
3612 170.8
3613 170.85
3614 170.85
3615 170.9
3616 170.9
3617 170.95
3618 170.95
3619 171.05
3620 171.05
3621 171.05
3622 171.05
3623 171.1
3624 171.1
3625 171.15
3626 171.15
3627 171.15
3628 171.15
3629 171.2
3630 171.25
3631 171.25
3632 171.25
3633 171.3
3634 171.3
3635 171.4
3636 171.4
3637 171.4
3638 171.45
3639 171.45
3640 171.5
3641 171.55
3642 171.6
3643 171.7
3644 171.7
3645 171.7
3646 171.7
3647 171.7
3648 171.7
3649 171.7
3650 171.7
3651 171.7
3652 171.7
3653 171.7
3654 171.7
3655 171.7
3656 171.7
3657 171.75
3658 171.75
3659 171.75
3660 171.75
3661 171.75
3662 171.8
3663 171.85
3664 171.85
3665 171.85
3666 171.85
3667 171.85
3668 171.85
3669 171.85
3670 171.9
3671 171.9
3672 171.9
3673 171.9
3674 171.9
3675 171.9
3676 171.95
3677 171.95
3678 172.0
3679 172.0
3680 172.0
3681 172.0
3682 172.0
3683 172.0
3684 172.1
3685 172.1
3686 172.1
3687 172.1
3688 172.15
3689 172.2
3690 172.25
3691 172.25
3692 172.25
3693 172.25
3694 172.25
3695 172.25
3696 172.25
3697 172.25
3698 172.25
3699 172.25
3700 172.25
3701 172.25
3702 172.25
3703 172.3
3704 172.4
3705 172.45
3706 172.5
3707 172.5
3708 172.55
3709 172.6
3710 172.6
3711 172.6
3712 172.6
3713 172.6
3714 172.6
3715 172.6
3716 172.65
3717 172.65
3718 172.65
3719 172.65
3720 172.65
3721 172.75
3722 172.75
3723 172.75
3724 172.75
3725 172.85
3726 172.85
3727 172.85
3728 172.85
3729 172.85
3730 173.0
3731 173.0
3732 173.05
3733 173.2
3734 173.25
3735 173.25
3736 173.25
3737 173.3
3738 173.3
3739 173.35
3740 173.35
3741 173.35
3742 173.35
3743 173.35
3744 173.35
3745 173.35
3746 173.35
3747 173.4
3748 173.45
3749 173.5
3750 173.5
3751 173.5
3752 173.5
3753 173.5
3754 173.5
3755 173.6
3756 173.6
3757 173.6
3758 173.6
3759 173.65
3760 173.65
3761 173.7
3762 173.75
3763 173.75
3764 173.8
3765 173.8
3766 173.8
3767 173.8
3768 173.8
3769 173.8
3770 173.85
3771 173.85
3772 173.85
3773 173.85
3774 173.85
3775 173.85
3776 173.85
3777 173.85
3778 173.9
3779 173.9
3780 173.95
3781 173.95
3782 173.95
3783 173.95
3784 173.95
3785 174.0
3786 174.0
3787 174.0
3788 174.0
3789 174.0
3790 174.0
3791 174.0
3792 174.1
3793 174.15
3794 174.15
3795 174.15
3796 174.15
3797 174.15
3798 174.15
3799 174.15
3800 174.15
3801 174.2
3802 174.2
3803 174.2
3804 174.25
3805 174.25
3806 174.25
3807 174.25
3808 174.3
3809 174.3
3810 174.3
3811 174.3
3812 174.3
3813 174.35
3814 174.35
3815 174.35
3816 174.35
3817 174.35
3818 174.45
3819 174.45
3820 174.45
3821 174.5
3822 174.5
3823 174.5
3824 174.5
3825 174.6
3826 174.6
3827 174.65
3828 174.65
3829 174.65
3830 174.65
3831 174.65
3832 174.65
3833 174.65
3834 174.65
3835 174.65
3836 174.75
3837 174.75
3838 174.75
3839 174.8
3840 174.8
3841 174.85
3842 174.85
3843 174.95
3844 174.95
3845 174.95
3846 175.05
3847 175.05
3848 175.05
3849 175.15
3850 175.15
3851 175.15
3852 175.15
3853 175.15
3854 175.15
3855 175.15
3856 175.15
3857 175.15
3858 175.15
3859 175.15
3860 175.15
3861 175.15
3862 175.15
3863 175.15
3864 175.15
3865 175.15
3866 175.2
3867 175.25
3868 175.25
3869 175.3
3870 175.3
3871 175.3
3872 175.3
3873 175.35
3874 175.35
3875 175.35
3876 175.4
3877 175.45
3878 175.45
3879 175.45
3880 175.45
3881 175.45
3882 175.45
3883 175.45
3884 175.45
3885 175.45
3886 175.45
3887 175.5
3888 175.5
3889 175.5
3890 175.5
3891 175.55
3892 175.55
3893 175.6
3894 175.6
3895 175.6
3896 175.6
3897 175.6
3898 175.6
3899 175.7
3900 175.7
3901 175.7
3902 175.7
3903 175.7
3904 175.75
3905 175.8
3906 175.8
3907 175.85
3908 175.9
3909 175.9
3910 175.95
3911 175.95
3912 176.0
3913 176.05
3914 176.05
3915 176.1
3916 176.15
3917 176.2
3918 176.2
3919 176.25
3920 176.35
3921 176.35
3922 176.35
3923 176.4
3924 176.4
3925 176.4
3926 176.4
3927 176.4
3928 176.4
3929 176.4
3930 176.4
3931 176.45
3932 176.5
3933 176.6
3934 176.6
3935 176.65
3936 176.65
3937 176.7
3938 176.7
3939 176.7
3940 176.7
3941 176.7
3942 176.7
3943 176.7
3944 176.75
3945 176.75
3946 176.75
3947 176.8
3948 176.8
3949 176.8
3950 176.8
3951 176.8
3952 176.8
3953 176.8
3954 176.8
3955 176.8
3956 176.8
3957 176.8
3958 176.85
3959 176.9
3960 177.0
3961 177.0
3962 177.0
3963 177.0
3964 177.05
3965 177.05
3966 177.05
3967 177.05
3968 177.05
3969 177.05
3970 177.1
3971 177.1
3972 177.1
3973 177.1
3974 177.1
3975 177.1
3976 177.1
3977 177.1
3978 177.1
3979 177.1
3980 177.2
3981 177.2
3982 177.2
3983 177.2
3984 177.2
3985 177.2
3986 177.2
3987 177.2
3988 177.2
3989 177.2
3990 177.25
3991 177.25
3992 177.25
3993 177.25
3994 177.25
3995 177.3
3996 177.3
3997 177.3
3998 177.4
3999 177.45
4000 177.45
4001 177.45
4002 177.45
4003 177.5
4004 177.5
4005 177.5
4006 177.5
4007 177.5
4008 177.5
4009 177.5
4010 177.5
4011 177.55
4012 177.55
4013 177.55
4014 177.6
4015 177.6
4016 177.6
4017 177.6
4018 177.65
4019 177.65
4020 177.65
4021 177.7
4022 177.7
4023 177.7
4024 177.8
4025 177.8
4026 177.85
4027 177.85
4028 177.85
4029 177.85
4030 177.85
4031 177.95
4032 177.95
4033 177.95
4034 177.95
4035 177.95
4036 177.95
4037 177.95
4038 177.95
4039 177.95
4040 178.0
4041 178.0
4042 178.0
4043 178.0
4044 178.0
4045 178.0
4046 178.0
4047 178.0
4048 178.1
4049 178.1
4050 178.1
4051 178.1
4052 178.25
4053 178.25
4054 178.3
4055 178.3
4056 178.3
4057 178.4
4058 178.45
4059 178.5
4060 178.5
4061 178.5
4062 178.5
4063 178.5
4064 178.5
4065 178.5
4066 178.55
4067 178.55
4068 178.6
4069 178.6
4070 178.6
4071 178.6
4072 178.6
4073 178.6
4074 178.65
4075 178.65
4076 178.65
4077 178.65
4078 178.65
4079 178.65
4080 178.65
4081 178.65
4082 178.65
4083 178.65
4084 178.65
4085 178.65
4086 178.65
4087 178.65
4088 178.65
4089 178.65
4090 178.65
4091 178.65
4092 178.7
4093 178.7
4094 178.7
4095 178.7
4096 178.75
4097 178.75
4098 178.75
4099 178.75
4100 178.75
4101 178.8
4102 178.8
4103 178.8
4104 178.8
4105 178.8
4106 178.85
4107 178.85
4108 178.85
4109 178.85
4110 178.85
4111 178.85
4112 178.9
4113 179.0
4114 179.0
4115 179.0
4116 179.0
4117 179.0
4118 179.0
4119 179.0
4120 179.0
4121 179.0
4122 179.0
4123 179.0
4124 179.0
4125 179.0
4126 179.05
4127 179.05
4128 179.05
4129 179.05
4130 179.1
4131 179.1
4132 179.1
4133 179.15
4134 179.15
4135 179.15
4136 179.2
4137 179.2
4138 179.2
4139 179.2
4140 179.3
4141 179.3
4142 179.3
4143 179.3
4144 179.3
4145 179.35
4146 179.35
4147 179.4
4148 179.45
4149 179.5
4150 179.5
4151 179.5
4152 179.5
4153 179.5
4154 179.5
4155 179.55
4156 179.55
4157 179.55
4158 179.55
4159 179.6
4160 179.6
4161 179.6
4162 179.6
4163 179.6
4164 179.6
4165 179.65
4166 179.65
4167 179.7
4168 179.7
4169 179.7
4170 179.7
4171 179.7
4172 179.7
4173 179.8
4174 179.8
4175 179.8
4176 179.85
4177 179.9
4178 179.9
4179 179.9
4180 179.95
4181 179.95
4182 179.95
4183 180.0
4184 180.0
4185 180.0
4186 180.0
4187 180.0
4188 180.0
4189 180.0
4190 180.0
4191 180.0
4192 180.0
4193 180.05
4194 180.1
4195 180.1
4196 180.15
4197 180.15
4198 180.15
4199 180.2
4200 180.25
4201 180.25
4202 180.25
4203 180.25
4204 180.25
4205 180.25
4206 180.25
4207 180.25
4208 180.25
4209 180.25
4210 180.25
4211 180.3
4212 180.3
4213 180.3
4214 180.3
4215 180.3
4216 180.35
4217 180.35
4218 180.35
4219 180.45
4220 180.5
4221 180.5
4222 180.5
4223 180.5
4224 180.5
4225 180.5
4226 180.5
4227 180.5
4228 180.5
4229 180.5
4230 180.5
4231 180.5
4232 180.5
4233 180.5
4234 180.55
4235 180.55
4236 180.55
4237 180.55
4238 180.55
4239 180.6
4240 180.6
4241 180.6
4242 180.6
4243 180.6
4244 180.6
4245 180.6
4246 180.6
4247 180.6
4248 180.6
4249 180.6
4250 180.6
4251 180.6
4252 180.6
4253 180.6
4254 180.6
4255 180.65
4256 180.65
4257 180.7
4258 180.75
4259 180.75
4260 180.75
4261 180.75
4262 180.8
4263 180.8
4264 180.8
4265 180.8
4266 180.8
4267 180.8
4268 180.8
4269 180.9
4270 180.9
4271 180.9
4272 180.9
4273 180.95
4274 181.05
4275 181.05
4276 181.05
4277 181.05
4278 181.1
4279 181.15
4280 181.2
4281 181.2
4282 181.2
4283 181.2
4284 181.25
4285 181.25
4286 181.25
4287 181.25
4288 181.25
4289 181.25
4290 181.25
4291 181.25
4292 181.25
4293 181.25
4294 181.25
4295 181.25
4296 181.25
4297 181.25
4298 181.25
4299 181.25
4300 181.25
4301 181.25
4302 181.3
4303 181.3
4304 181.3
4305 181.3
4306 181.3
4307 181.3
4308 181.35
4309 181.4
4310 181.4
4311 181.4
4312 181.4
4313 181.4
4314 181.45
4315 181.5
4316 181.6
4317 181.6
4318 181.6
4319 181.6
4320 181.6
4321 181.6
4322 181.6
4323 181.6
4324 181.65
4325 181.65
4326 181.65
4327 181.65
4328 181.65
4329 181.65
4330 181.65
4331 181.65
4332 181.7
4333 181.7
4334 181.7
4335 181.7
4336 181.7
4337 181.7
4338 181.7
4339 181.75
4340 181.8
4341 181.85
4342 181.85
4343 181.85
4344 181.85
4345 181.85
4346 181.85
4347 181.85
4348 181.85
4349 181.85
4350 181.85
4351 181.85
4352 181.9
4353 181.9
4354 181.9
4355 181.95
4356 181.95
4357 181.95
4358 181.95
4359 181.95
4360 182.0
4361 182.0
4362 182.05
4363 182.05
4364 182.1
4365 182.1
4366 182.1
4367 182.1
4368 182.1
4369 182.1
4370 182.2
4371 182.2
4372 182.2
4373 182.2
4374 182.2
4375 182.2
4376 182.2
4377 182.2
4378 182.2
4379 182.2
4380 182.2
4381 182.2
4382 182.25
4383 182.3
4384 182.3
4385 182.3
4386 182.35
4387 182.35
4388 182.35
4389 182.35
4390 182.4
4391 182.5
4392 182.5
4393 182.5
4394 182.5
4395 182.5
4396 182.5
4397 182.5
4398 182.5
4399 182.6
4400 182.6
4401 182.6
4402 182.6
4403 182.6
4404 182.6
4405 182.6
4406 182.6
4407 182.6
4408 182.65
4409 182.65
4410 182.65
4411 182.65
4412 182.65
4413 182.65
4414 182.65
4415 182.7
4416 182.7
4417 182.7
4418 182.7
4419 182.7
4420 182.7
4421 182.7
4422 182.7
4423 182.7
4424 182.75
4425 182.75
4426 182.75
4427 182.75
4428 182.75
4429 182.8
4430 182.8
4431 182.8
4432 182.8
4433 182.8
4434 182.8
4435 182.8
4436 182.8
4437 182.8
4438 182.8
4439 182.8
4440 182.8
4441 182.8
4442 182.8
4443 182.85
4444 182.85
4445 182.85
4446 182.85
4447 182.85
4448 182.85
4449 182.9
4450 182.9
4451 182.9
4452 182.9
4453 182.9
4454 182.95
4455 182.95
4456 182.95
4457 182.95
4458 182.95
4459 182.95
4460 183.0
4461 183.0
4462 183.0
4463 183.0
4464 183.05
4465 183.05
4466 183.1
4467 183.1
4468 183.1
4469 183.1
4470 183.1
4471 183.15
4472 183.15
4473 183.15
4474 183.15
4475 183.15
4476 183.2
4477 183.2
4478 183.25
4479 183.25
4480 183.3
4481 183.3
4482 183.3
4483 183.3
4484 183.3
4485 183.35
4486 183.35
4487 183.35
4488 183.35
4489 183.35
4490 183.35
4491 183.4
4492 183.4
4493 183.4
4494 183.5
4495 183.5
4496 183.5
4497 183.55
4498 183.6
4499 183.7
4500 183.7
4501 183.7
4502 183.7
4503 183.75
4504 183.75
4505 183.75
4506 183.75
4507 183.8
4508 183.8
4509 183.9
4510 183.9
4511 183.9
4512 183.9
4513 183.9
4514 183.95
4515 183.95
4516 183.95
4517 183.95
4518 183.95
4519 183.95
4520 183.95
4521 183.95
4522 183.95
4523 183.95
4524 183.95
4525 183.95
4526 183.95
4527 183.95
4528 183.95
4529 183.95
4530 183.95
4531 183.95
4532 183.95
4533 183.95
4534 183.95
4535 183.95
4536 183.95
4537 183.95
4538 184.05
4539 184.05
4540 184.15
4541 184.15
4542 184.15
4543 184.15
4544 184.15
4545 184.15
4546 184.15
4547 184.15
4548 184.15
4549 184.15
4550 184.2
4551 184.2
4552 184.2
4553 184.2
4554 184.25
4555 184.3
4556 184.3
4557 184.3
4558 184.3
4559 184.3
4560 184.3
4561 184.4
4562 184.4
4563 184.4
4564 184.45
4565 184.45
4566 184.45
4567 184.5
4568 184.5
4569 184.5
4570 184.5
4571 184.5
4572 184.5
4573 184.5
4574 184.5
4575 184.5
4576 184.5
4577 184.5
4578 184.55
4579 184.55
4580 184.6
4581 184.6
4582 184.6
4583 184.6
4584 184.65
4585 184.7
4586 184.7
4587 184.7
4588 184.7
4589 184.7
4590 184.7
4591 184.7
4592 184.7
4593 184.75
4594 184.75
4595 184.75
4596 184.75
4597 184.8
4598 184.8
4599 184.8
4600 184.8
4601 184.8
4602 184.8
4603 184.8
4604 184.8
4605 184.85
4606 184.9
4607 184.9
4608 184.9
4609 184.95
4610 184.95
4611 185.0
4612 185.0
4613 185.0
4614 185.05
4615 185.05
4616 185.05
4617 185.05
4618 185.05
4619 185.05
4620 185.05
4621 185.05
4622 185.05
4623 185.1
4624 185.1
4625 185.1
4626 185.1
4627 185.1
4628 185.15
4629 185.2
4630 185.2
4631 185.2
4632 185.2
4633 185.2
4634 185.2
4635 185.2
4636 185.2
4637 185.2
4638 185.25
4639 185.3
4640 185.3
4641 185.3
4642 185.3
4643 185.3
4644 185.3
4645 185.3
4646 185.3
4647 185.3
4648 185.3
4649 185.3
4650 185.3
4651 185.3
4652 185.3
4653 185.3
4654 185.35
4655 185.35
4656 185.35
4657 185.4
4658 185.5
4659 185.55
4660 185.55
4661 185.55
4662 185.55
4663 185.6
4664 185.65
4665 185.65
4666 185.65
4667 185.65
4668 185.65
4669 185.65
4670 185.65
4671 185.65
4672 185.65
4673 185.65
4674 185.7
4675 185.7
4676 185.7
4677 185.7
4678 185.7
4679 185.7
4680 185.7
4681 185.7
4682 185.7
4683 185.75
4684 185.75
4685 185.75
4686 185.75
4687 185.75
4688 185.75
4689 185.75
4690 185.75
4691 185.8
4692 185.8
4693 185.8
4694 185.8
4695 185.85
4696 185.85
4697 185.9
4698 185.9
4699 185.9
4700 185.9
4701 185.9
4702 185.9
4703 185.9
4704 185.9
4705 185.9
4706 185.9
4707 185.9
4708 185.95
4709 185.95
4710 186.0
4711 186.0
4712 186.0
4713 186.0
4714 186.0
4715 186.0
4716 186.0
4717 186.0
4718 186.0
4719 186.05
4720 186.05
4721 186.05
4722 186.05
4723 186.05
4724 186.05
4725 186.05
4726 186.05
4727 186.05
4728 186.05
4729 186.05
4730 186.1
4731 186.15
4732 186.15
4733 186.2
4734 186.2
4735 186.2
4736 186.2
4737 186.25
4738 186.25
4739 186.3
4740 186.3
4741 186.3
4742 186.3
4743 186.35
4744 186.35
4745 186.35
4746 186.35
4747 186.35
4748 186.35
4749 186.35
4750 186.35
4751 186.35
4752 186.35
4753 186.35
4754 186.35
4755 186.35
4756 186.35
4757 186.35
4758 186.35
4759 186.35
4760 186.35
4761 186.35
4762 186.45
4763 186.45
4764 186.5
4765 186.5
4766 186.5
4767 186.55
4768 186.55
4769 186.6
4770 186.6
4771 186.6
4772 186.6
4773 186.6
4774 186.6
4775 186.6
4776 186.6
4777 186.65
4778 186.65
4779 186.65
4780 186.65
4781 186.75
4782 186.75
4783 186.75
4784 186.75
4785 186.75
4786 186.75
4787 186.75
4788 186.75
4789 186.75
4790 186.75
4791 186.75
4792 186.8
4793 186.8
4794 186.8
4795 186.8
4796 186.8
4797 186.8
4798 186.8
4799 186.85
4800 186.85
4801 186.85
4802 186.85
4803 186.85
4804 186.85
4805 186.85
4806 186.85
4807 186.85
4808 186.85
4809 186.85
4810 186.85
4811 186.85
4812 186.9
4813 186.9
4814 186.9
4815 186.9
4816 186.95
4817 186.95
4818 186.95
4819 187.0
4820 187.0
4821 187.05
4822 187.05
4823 187.1
4824 187.1
4825 187.1
4826 187.1
4827 187.1
4828 187.1
4829 187.1
4830 187.1
4831 187.1
4832 187.1
4833 187.1
4834 187.1
4835 187.1
4836 187.1
4837 187.1
4838 187.1
4839 187.1
4840 187.1
4841 187.15
4842 187.15
4843 187.15
4844 187.15
4845 187.15
4846 187.15
4847 187.15
4848 187.15
4849 187.2
4850 187.2
4851 187.2
4852 187.2
4853 187.2
4854 187.2
4855 187.2
4856 187.25
4857 187.25
4858 187.25
4859 187.25
4860 187.3
4861 187.35
4862 187.35
4863 187.35
4864 187.35
4865 187.35
4866 187.35
4867 187.35
4868 187.4
4869 187.4
4870 187.45
4871 187.5
4872 187.5
4873 187.5
4874 187.55
4875 187.55
4876 187.55
4877 187.55
4878 187.6
4879 187.65
4880 187.65
4881 187.65
4882 187.7
4883 187.7
4884 187.7
4885 187.7
4886 187.7
4887 187.7
4888 187.75
4889 187.75
4890 187.75
4891 187.75
4892 187.75
4893 187.75
4894 187.85
4895 187.85
4896 187.85
4897 187.85
4898 187.85
4899 187.9
4900 187.9
4901 187.9
4902 187.9
4903 187.9
4904 187.95
4905 187.95
4906 188.0
4907 188.0
4908 188.0
4909 188.05
4910 188.05
4911 188.05
4912 188.05
4913 188.05
4914 188.05
4915 188.05
4916 188.05
4917 188.05
4918 188.05
4919 188.05
4920 188.05
4921 188.05
4922 188.05
4923 188.05
4924 188.1
4925 188.1
4926 188.1
4927 188.2
4928 188.2
4929 188.2
4930 188.2
4931 188.25
4932 188.25
4933 188.25
4934 188.25
4935 188.25
4936 188.25
4937 188.25
4938 188.25
4939 188.25
4940 188.25
4941 188.25
4942 188.25
4943 188.25
4944 188.3
4945 188.3
4946 188.35
4947 188.35
4948 188.4
4949 188.4
4950 188.4
4951 188.4
4952 188.4
4953 188.4
4954 188.4
4955 188.4
4956 188.4
4957 188.4
4958 188.4
4959 188.4
4960 188.4
4961 188.4
4962 188.4
4963 188.45
4964 188.45
4965 188.45
4966 188.45
4967 188.45
4968 188.45
4969 188.45
4970 188.45
4971 188.45
4972 188.45
4973 188.45
4974 188.45
4975 188.45
4976 188.5
4977 188.5
4978 188.5
4979 188.5
4980 188.5
4981 188.5
4982 188.55
4983 188.55
4984 188.55
4985 188.6
4986 188.65
4987 188.65
4988 188.65
4989 188.65
4990 188.65
4991 188.65
4992 188.65
4993 188.65
4994 188.65
4995 188.65
4996 188.7
4997 188.7
4998 188.7
4999 188.7
5000 188.7
5001 188.7
5002 188.7
5003 188.7
5004 188.7
5005 188.7
5006 188.7
5007 188.7
5008 188.7
5009 188.7
5010 188.7
5011 188.7
5012 188.7
5013 188.7
5014 188.75
5015 188.75
5016 188.8
5017 188.8
5018 188.8
5019 188.9
5020 188.9
5021 188.9
5022 188.9
5023 188.9
5024 188.95
5025 188.95
5026 188.95
5027 188.95
5028 188.95
5029 188.95
5030 188.95
5031 188.95
5032 188.95
5033 188.95
5034 188.95
5035 188.95
5036 188.95
5037 188.95
5038 189.05
5039 189.05
5040 189.1
5041 189.1
5042 189.2
5043 189.2
5044 189.25
5045 189.25
5046 189.3
5047 189.3
5048 189.35
5049 189.35
5050 189.35
5051 189.4
5052 189.4
5053 189.4
5054 189.4
5055 189.4
5056 189.4
5057 189.4
5058 189.4
5059 189.4
5060 189.45
5061 189.45
5062 189.45
5063 189.45
5064 189.45
5065 189.5
5066 189.5
5067 189.5
5068 189.5
5069 189.55
5070 189.6
5071 189.6
5072 189.6
5073 189.6
5074 189.65
5075 189.65
5076 189.65
5077 189.7
5078 189.7
5079 189.7
5080 189.7
5081 189.7
5082 189.7
5083 189.7
5084 189.7
5085 189.7
5086 189.7
5087 189.75
5088 189.75
5089 189.8
5090 189.8
5091 189.8
5092 189.8
5093 189.8
5094 189.8
5095 189.8
5096 189.8
5097 189.8
5098 189.8
5099 189.8
5100 189.8
5101 189.8
5102 189.8
5103 189.8
5104 189.8
5105 189.8
5106 189.8
5107 189.8
5108 189.8
5109 189.8
5110 189.8
5111 189.8
5112 189.8
5113 189.8
5114 189.8
5115 189.8
5116 189.85
5117 189.85
5118 189.85
5119 189.85
5120 189.9
5121 189.9
5122 189.9
5123 189.9
5124 189.9
5125 189.9
5126 189.95
5127 189.95
5128 189.95
5129 189.95
5130 189.95
5131 189.95
5132 189.95
5133 189.95
5134 189.95
5135 189.95
5136 189.95
5137 189.95
5138 189.95
5139 189.95
5140 190.0
5141 190.0
5142 190.0
5143 190.0
5144 190.0
5145 190.0
5146 190.05
5147 190.05
5148 190.05
5149 190.1
5150 190.1
5151 190.1
5152 190.1
5153 190.1
5154 190.15
5155 190.15
5156 190.15
5157 190.15
5158 190.15
5159 190.15
5160 190.2
5161 190.2
5162 190.2
5163 190.2
5164 190.2
5165 190.25
5166 190.25
5167 190.25
5168 190.25
5169 190.35
5170 190.35
5171 190.4
5172 190.4
5173 190.4
5174 190.4
5175 190.4
5176 190.4
5177 190.4
5178 190.4
5179 190.4
5180 190.4
5181 190.45
5182 190.45
5183 190.45
5184 190.45
5185 190.45
5186 190.45
5187 190.5
5188 190.55
5189 190.55
5190 190.55
5191 190.55
5192 190.55
5193 190.55
5194 190.55
5195 190.55
5196 190.55
5197 190.55
5198 190.55
5199 190.55
5200 190.55
5201 190.55
5202 190.55
5203 190.55
5204 190.55
5205 190.55
5206 190.55
5207 190.55
5208 190.55
5209 190.55
5210 190.55
5211 190.55
5212 190.55
5213 190.55
5214 190.55
5215 190.55
5216 190.55
5217 190.55
5218 190.55
5219 190.55
5220 190.55
5221 190.55
5222 190.6
5223 190.6
5224 190.65
5225 190.7
5226 190.7
5227 190.7
5228 190.7
5229 190.7
5230 190.7
5231 190.7
5232 190.7
5233 190.7
5234 190.75
5235 190.75
5236 190.75
5237 190.75
5238 190.75
5239 190.75
5240 190.75
5241 190.75
5242 190.75
5243 190.75
5244 190.8
5245 190.8
5246 190.8
5247 190.8
5248 190.85
5249 190.85
5250 190.9
5251 190.9
5252 190.9
5253 190.9
5254 190.9
5255 190.95
5256 190.95
5257 190.95
5258 190.95
5259 190.95
5260 190.95
5261 190.95
5262 190.95
5263 190.95
5264 190.95
5265 190.95
5266 190.95
5267 190.95
5268 190.95
5269 190.95
5270 190.95
5271 190.95
5272 191.0
5273 191.0
5274 191.0
5275 191.0
5276 191.0
5277 191.0
5278 191.05
5279 191.05
5280 191.05
5281 191.05
5282 191.15
5283 191.15
5284 191.15
5285 191.15
5286 191.15
5287 191.15
5288 191.2
5289 191.2
5290 191.2
5291 191.2
5292 191.2
5293 191.25
5294 191.25
5295 191.25
5296 191.25
5297 191.25
5298 191.25
5299 191.25
5300 191.25
5301 191.25
5302 191.3
5303 191.3
5304 191.3
5305 191.3
5306 191.3
5307 191.3
5308 191.35
5309 191.35
5310 191.35
5311 191.4
5312 191.4
5313 191.4
5314 191.4
5315 191.4
5316 191.4
5317 191.4
5318 191.4
5319 191.4
5320 191.4
5321 191.4
5322 191.45
5323 191.45
5324 191.45
5325 191.55
5326 191.55
5327 191.55
5328 191.6
5329 191.6
5330 191.6
5331 191.6
5332 191.6
5333 191.6
5334 191.6
5335 191.6
5336 191.6
5337 191.6
5338 191.6
5339 191.6
5340 191.6
5341 191.6
5342 191.6
5343 191.6
5344 191.6
5345 191.6
5346 191.6
5347 191.6
5348 191.6
5349 191.6
5350 191.6
5351 191.6
5352 191.6
5353 191.6
5354 191.7
5355 191.7
5356 191.7
5357 191.7
5358 191.7
5359 191.7
5360 191.7
5361 191.7
5362 191.75
5363 191.75
5364 191.75
5365 191.75
5366 191.75
5367 191.75
5368 191.75
5369 191.75
5370 191.75
5371 191.75
5372 191.75
5373 191.8
5374 191.8
5375 191.8
5376 191.8
5377 191.8
5378 191.8
5379 191.8
5380 191.8
5381 191.8
5382 191.8
5383 191.8
5384 191.8
5385 191.8
5386 191.8
5387 191.8
5388 191.8
5389 191.8
5390 191.8
5391 191.8
5392 191.8
5393 191.8
5394 191.8
5395 191.85
5396 191.85
5397 191.85
5398 191.85
5399 191.85
5400 191.85
5401 191.85
5402 191.85
5403 191.85
5404 191.85
5405 191.85
5406 191.85
5407 191.85
5408 191.85
5409 191.85
5410 191.85
5411 191.9
5412 191.9
5413 191.95
5414 191.95
5415 191.95
5416 191.95
5417 191.95
5418 191.95
5419 191.95
5420 192.05
5421 192.05
5422 192.05
5423 192.05
5424 192.05
5425 192.05
5426 192.05
5427 192.1
5428 192.15
5429 192.2
5430 192.2
5431 192.2
5432 192.2
5433 192.2
5434 192.2
5435 192.2
5436 192.2
5437 192.2
5438 192.2
5439 192.2
5440 192.2
5441 192.2
5442 192.2
5443 192.2
5444 192.2
5445 192.2
5446 192.2
5447 192.2
5448 192.2
5449 192.2
5450 192.2
5451 192.2
5452 192.2
5453 192.25
5454 192.25
5455 192.3
5456 192.3
5457 192.3
5458 192.3
5459 192.3
5460 192.3
5461 192.3
5462 192.3
5463 192.3
5464 192.3
5465 192.3
5466 192.3
5467 192.4
5468 192.4
5469 192.4
5470 192.4
5471 192.4
5472 192.4
5473 192.4
5474 192.4
5475 192.4
5476 192.4
5477 192.45
5478 192.45
5479 192.45
5480 192.5
5481 192.5
5482 192.55
5483 192.55
5484 192.55
5485 192.55
5486 192.55
5487 192.55
5488 192.55
5489 192.55
5490 192.55
5491 192.55
5492 192.55
5493 192.55
5494 192.55
5495 192.55
5496 192.55
5497 192.55
5498 192.7
5499 192.7
5500 192.7
5501 192.7
5502 192.7
5503 192.7
5504 192.7
5505 192.7
5506 192.7
5507 192.7
5508 192.7
5509 192.7
5510 192.7
5511 192.7
5512 192.7
5513 192.75
5514 192.75
5515 192.75
5516 192.8
5517 192.8
5518 192.8
5519 192.8
5520 192.8
5521 192.8
5522 192.8
5523 192.8
5524 192.8
5525 192.8
5526 192.8
5527 192.8
5528 192.8
5529 192.8
5530 192.8
5531 192.8
5532 192.8
5533 192.8
5534 192.8
5535 192.8
5536 192.8
5537 192.8
5538 192.8
5539 192.8
5540 192.8
5541 192.8
5542 192.8
5543 192.8
5544 192.8
5545 192.8
5546 192.8
5547 192.85
5548 192.85
5549 192.85
5550 192.85
5551 192.85
5552 192.85
5553 192.85
5554 192.85
5555 192.9
5556 192.9
5557 192.9
5558 192.9
5559 192.9
5560 192.9
5561 192.9
5562 192.9
5563 192.9
5564 193.0
5565 193.0
5566 193.0
5567 193.0
5568 193.0
5569 193.05
5570 193.05
5571 193.05
5572 193.05
5573 193.05
5574 193.1
5575 193.1
5576 193.15
5577 193.15
5578 193.15
5579 193.15
5580 193.15
5581 193.2
5582 193.2
5583 193.2
5584 193.2
5585 193.2
5586 193.2
5587 193.2
5588 193.2
5589 193.2
5590 193.25
5591 193.25
5592 193.25
5593 193.25
5594 193.25
5595 193.25
5596 193.25
5597 193.25
5598 193.25
5599 193.25
5600 193.25
5601 193.25
5602 193.25
5603 193.25
5604 193.25
5605 193.3
5606 193.3
5607 193.3
5608 193.35
5609 193.35
5610 193.35
5611 193.35
5612 193.4
5613 193.45
5614 193.45
5615 193.45
5616 193.45
5617 193.45
5618 193.45
5619 193.45
5620 193.5
5621 193.5
5622 193.5
5623 193.5
5624 193.55
5625 193.55
5626 193.55
5627 193.55
5628 193.55
5629 193.55
5630 193.55
5631 193.55
5632 193.55
5633 193.55
5634 193.55
5635 193.55
5636 193.55
5637 193.55
5638 193.55
5639 193.55
5640 193.55
5641 193.55
5642 193.55
5643 193.55
5644 193.55
5645 193.55
5646 193.55
5647 193.55
5648 193.55
5649 193.55
5650 193.55
5651 193.55
5652 193.55
5653 193.55
5654 193.55
5655 193.65
5656 193.65
5657 193.65
5658 193.65
5659 193.7
5660 193.7
5661 193.7
5662 193.7
5663 193.7
5664 193.7
5665 193.7
5666 193.7
5667 193.7
5668 193.7
5669 193.7
5670 193.7
5671 193.7
5672 193.75
5673 193.75
5674 193.75
5675 193.75
5676 193.75
5677 193.75
5678 193.75
5679 193.75
5680 193.75
5681 193.75
5682 193.75
5683 193.75
5684 193.75
5685 193.75
5686 193.75
5687 193.75
5688 193.75
5689 193.75
5690 193.85
5691 193.85
5692 193.85
5693 193.85
5694 193.85
5695 193.85
5696 193.9
5697 193.9
5698 193.9
5699 193.9
5700 193.9
5701 193.9
5702 193.9
5703 193.9
5704 193.9
5705 193.95
5706 193.95
5707 193.95
5708 193.95
5709 193.95
5710 193.95
5711 193.95
5712 193.95
5713 193.95
5714 193.95
5715 193.95
5716 193.95
5717 193.95
5718 193.95
5719 193.95
5720 193.95
5721 193.95
5722 193.95
5723 193.95
5724 194.0
5725 194.0
5726 194.0
5727 194.0
5728 194.0
5729 194.0
5730 194.0
5731 194.0
5732 194.0
5733 194.05
5734 194.05
5735 194.1
5736 194.15
5737 194.15
5738 194.15
5739 194.15
5740 194.15
5741 194.15
5742 194.2
5743 194.2
5744 194.2
5745 194.2
5746 194.25
5747 194.25
5748 194.25
5749 194.25
5750 194.25
5751 194.25
5752 194.25
5753 194.25
5754 194.25
5755 194.3
5756 194.3
5757 194.3
5758 194.3
5759 194.3
5760 194.3
5761 194.3
5762 194.3
5763 194.3
5764 194.3
5765 194.3
5766 194.3
5767 194.3
5768 194.3
5769 194.3
5770 194.3
5771 194.35
5772 194.35
5773 194.35
5774 194.35
5775 194.35
5776 194.4
5777 194.4
5778 194.4
5779 194.4
5780 194.45
5781 194.45
5782 194.45
5783 194.5
5784 194.5
5785 194.55
5786 194.55
5787 194.6
5788 194.65
5789 194.65
5790 194.65
5791 194.65
5792 194.7
5793 194.7
5794 194.7
5795 194.7
5796 194.7
5797 194.7
5798 194.7
5799 194.7
5800 194.7
5801 194.7
5802 194.7
5803 194.7
5804 194.7
5805 194.7
5806 194.7
5807 194.7
5808 194.7
5809 194.7
5810 194.7
5811 194.7
5812 194.7
5813 194.7
5814 194.7
5815 194.7
5816 194.7
5817 194.7
5818 194.7
5819 194.75
5820 194.75
5821 194.75
5822 194.75
5823 194.75
5824 194.75
5825 194.75
5826 194.75
5827 194.75
5828 194.75
5829 194.75
5830 194.75
5831 194.75
5832 194.75
5833 194.75
5834 194.75
5835 194.75
5836 194.75
5837 194.75
5838 194.75
5839 194.75
5840 194.75
5841 194.75
5842 194.75
5843 194.75
5844 194.75
5845 194.8
5846 194.85
5847 194.85
5848 194.85
5849 194.85
5850 194.85
5851 194.85
5852 194.9
5853 194.9
5854 194.9
5855 194.95
5856 194.95
5857 194.95
5858 194.95
5859 194.95
5860 195.0
5861 195.0
5862 195.05
5863 195.05
5864 195.05
5865 195.1
5866 195.1
5867 195.1
5868 195.1
5869 195.1
5870 195.1
5871 195.1
5872 195.1
5873 195.1
5874 195.1
5875 195.1
5876 195.1
5877 195.1
5878 195.1
5879 195.1
5880 195.1
5881 195.1
5882 195.1
5883 195.1
5884 195.15
5885 195.15
5886 195.2
5887 195.2
5888 195.2
5889 195.2
5890 195.2
5891 195.2
5892 195.2
5893 195.2
5894 195.2
5895 195.2
5896 195.2
5897 195.2
5898 195.2
5899 195.2
5900 195.2
5901 195.2
5902 195.2
5903 195.2
5904 195.2
5905 195.2
5906 195.2
5907 195.2
5908 195.2
5909 195.2
5910 195.2
5911 195.2
5912 195.25
5913 195.25
5914 195.25
5915 195.25
5916 195.25
5917 195.25
5918 195.25
5919 195.25
5920 195.25
5921 195.25
5922 195.25
5923 195.3
5924 195.3
5925 195.3
5926 195.3
5927 195.3
5928 195.35
5929 195.35
5930 195.45
5931 195.45
5932 195.5
5933 195.5
5934 195.5
5935 195.5
5936 195.5
5937 195.5
5938 195.5
5939 195.5
5940 195.55
5941 195.6
5942 195.6
5943 195.6
5944 195.6
5945 195.6
5946 195.6
5947 195.6
5948 195.6
5949 195.6
5950 195.6
5951 195.6
5952 195.6
5953 195.6
5954 195.6
5955 195.6
5956 195.6
5957 195.6
5958 195.6
5959 195.6
5960 195.6
5961 195.6
5962 195.6
5963 195.6
5964 195.6
5965 195.6
5966 195.6
5967 195.6
5968 195.6
5969 195.6
5970 195.6
5971 195.6
5972 195.6
5973 195.6
5974 195.65
5975 195.65
5976 195.65
5977 195.65
5978 195.65
5979 195.65
5980 195.7
5981 195.7
5982 195.7
5983 195.7
5984 195.7
5985 195.7
5986 195.7
5987 195.7
5988 195.7
5989 195.8
5990 195.85
5991 195.85
5992 195.85
5993 195.85
5994 195.85
5995 195.85
5996 195.85
5997 195.85
5998 195.85
5999 195.85
