#iterations fitness
0 0.0
1 1.35
2 1.9
3 2.45
4 2.5
5 2.9
6 3.15
7 3.15
8 3.55
9 3.7
10 3.9
11 4.0
12 4.1
13 4.45
14 4.55
15 4.6
16 4.7
17 4.9
18 5.1
19 5.2
20 5.25
21 5.3
22 5.45
23 5.7
24 5.9
25 6.0
26 6.3
27 6.5
28 6.55
29 6.55
30 6.75
31 6.75
32 7.0
33 7.2
34 7.4
35 7.75
36 7.75
37 7.8
38 8.0
39 8.25
40 8.3
41 8.35
42 8.5
43 8.55
44 8.6
45 8.85
46 9.0
47 9.35
48 9.55
49 9.65
50 9.7
51 9.8
52 9.8
53 9.95
54 10.0
55 10.2
56 10.3
57 10.7
58 10.8
59 10.95
60 11.15
61 11.25
62 11.4
63 11.85
64 12.0
65 12.05
66 12.15
67 12.25
68 12.35
69 12.45
70 12.65
71 12.75
72 12.9
73 13.05
74 13.1
75 13.4
76 13.45
77 13.55
78 13.6
79 13.65
80 13.7
81 14.1
82 14.2
83 14.4
84 14.7
85 14.7
86 14.75
87 14.75
88 14.85
89 15.1
90 15.2
91 15.45
92 15.45
93 15.75
94 15.8
95 15.85
96 15.85
97 15.95
98 15.95
99 16.2
100 16.3
101 16.3
102 16.35
103 16.4
104 16.5
105 16.65
106 16.65
107 16.7
108 16.7
109 16.8
110 16.95
111 16.95
112 17.05
113 17.25
114 17.4
115 17.5
116 17.6
117 17.8
118 17.85
119 17.95
120 18.05
121 18.5
122 18.55
123 18.75
124 18.8
125 18.9
126 18.9
127 19.05
128 19.3
129 19.3
130 19.5
131 19.55
132 19.6
133 19.85
134 20.0
135 20.1
136 20.35
137 20.5
138 20.7
139 20.85
140 20.9
141 21.0
142 21.05
143 21.2
144 21.3
145 21.4
146 21.4
147 21.75
148 21.85
149 21.95
150 22.0
151 22.0
152 22.2
153 22.4
154 22.7
155 22.7
156 22.8
157 22.95
158 23.1
159 23.1
160 23.1
161 23.15
162 23.25
163 23.45
164 23.55
165 23.85
166 23.95
167 24.0
168 24.25
169 24.3
170 24.5
171 24.55
172 24.65
173 24.7
174 24.75
175 24.75
176 24.8
177 25.05
178 25.25
179 25.25
180 25.35
181 25.55
182 25.8
183 26.0
184 26.15
185 26.15
186 26.3
187 26.3
188 26.3
189 26.55
190 26.6
191 26.75
192 26.8
193 27.0
194 27.3
195 27.45
196 27.55
197 27.9
198 28.25
199 28.25
200 28.35
201 28.4
202 28.5
203 28.65
204 28.75
205 28.9
206 29.0
207 29.2
208 29.3
209 29.4
210 29.5
211 29.5
212 29.5
213 29.65
214 29.65
215 29.8
216 29.9
217 30.1
218 30.2
219 30.4
220 30.45
221 30.5
222 30.6
223 30.6
224 30.65
225 30.75
226 30.85
227 30.85
228 30.9
229 31.05
230 31.35
231 31.45
232 31.45
233 31.5
234 31.65
235 31.95
236 32.2
237 32.25
238 32.3
239 32.35
240 32.5
241 32.55
242 32.65
243 32.7
244 32.9
245 32.9
246 32.95
247 33.0
248 33.05
249 33.05
250 33.25
251 33.35
252 33.55
253 33.55
254 33.95
255 33.95
256 34.15
257 34.2
258 34.35
259 34.35
260 34.35
261 34.5
262 34.9
263 35.3
264 35.4
265 35.4
266 35.95
267 35.95
268 36.0
269 36.05
270 36.1
271 36.15
272 36.2
273 36.2
274 36.35
275 36.6
276 36.8
277 36.9
278 37.0
279 37.1
280 37.15
281 37.15
282 37.2
283 37.4
284 37.4
285 37.45
286 37.6
287 37.75
288 37.75
289 37.8
290 37.85
291 37.95
292 37.95
293 38.15
294 38.25
295 38.45
296 38.5
297 38.5
298 38.85
299 38.95
300 39.1
301 39.2
302 39.25
303 39.4
304 39.45
305 39.7
306 39.7
307 39.7
308 39.8
309 39.95
310 40.05
311 40.1
312 40.35
313 40.55
314 40.8
315 40.85
316 40.9
317 41.05
318 41.4
319 41.45
320 41.45
321 41.5
322 41.7
323 41.75
324 41.75
325 41.9
326 41.9
327 42.05
328 42.05
329 42.1
330 42.25
331 42.3
332 42.3
333 42.35
334 42.45
335 42.7
336 42.75
337 42.95
338 43.25
339 43.35
340 43.45
341 43.5
342 43.5
343 43.8
344 43.85
345 43.85
346 43.95
347 44.15
348 44.3
349 44.4
350 44.55
351 44.65
352 44.65
353 44.7
354 44.7
355 44.85
356 44.9
357 45.1
358 45.4
359 45.45
360 45.55
361 45.6
362 45.65
363 45.7
364 46.0
365 46.05
366 46.05
367 46.5
368 46.6
369 46.7
370 46.8
371 46.8
372 47.05
373 47.3
374 47.4
375 47.45
376 47.5
377 47.6
378 47.6
379 47.6
380 47.65
381 47.7
382 47.75
383 47.8
384 48.25
385 48.25
386 48.25
387 48.4
388 48.4
389 48.45
390 48.75
391 48.9
392 49.0
393 49.1
394 49.25
395 49.25
396 49.3
397 49.4
398 49.5
399 49.6
400 49.65
401 49.65
402 49.7
403 49.7
404 49.75
405 49.85
406 49.9
407 50.05
408 50.3
409 50.3
410 50.75
411 50.85
412 50.9
413 51.0
414 51.05
415 51.15
416 51.15
417 51.2
418 51.25
419 51.6
420 51.7
421 51.9
422 52.0
423 52.05
424 52.25
425 52.35
426 52.4
427 52.5
428 52.55
429 52.85
430 52.85
431 53.05
432 53.05
433 53.15
434 53.3
435 53.5
436 53.65
437 53.8
438 53.9
439 54.05
440 54.1
441 54.15
442 54.15
443 54.25
444 54.25
445 54.25
446 54.35
447 54.75
448 54.8
449 54.9
450 55.0
451 55.3
452 55.45
453 55.55
454 55.7
455 55.8
456 55.8
457 55.85
458 55.95
459 56.1
460 56.1
461 56.15
462 56.15
463 56.3
464 56.3
465 56.35
466 56.55
467 56.7
468 56.8
469 56.85
470 56.95
471 57.05
472 57.05
473 57.1
474 57.15
475 57.4
476 57.6
477 57.8
478 57.9
479 57.95
480 58.05
481 58.2
482 58.35
483 58.35
484 58.45
485 58.6
486 58.6
487 58.65
488 58.75
489 58.85
490 58.95
491 59.1
492 59.15
493 59.15
494 59.2
495 59.4
496 59.5
497 59.55
498 59.7
499 59.75
500 59.75
501 59.75
502 59.9
503 60.05
504 60.1
505 60.45
506 60.45
507 60.55
508 60.55
509 60.6
510 60.6
511 60.6
512 60.7
513 60.8
514 60.85
515 60.95
516 60.95
517 61.15
518 61.25
519 61.25
520 61.5
521 61.7
522 61.8
523 61.85
524 61.85
525 61.9
526 61.9
527 61.95
528 62.0
529 62.15
530 62.2
531 62.3
532 62.4
533 62.45
534 62.55
535 62.55
536 62.75
537 62.8
538 63.05
539 63.25
540 63.35
541 63.35
542 63.5
543 63.55
544 63.65
545 63.7
546 63.7
547 63.7
548 63.75
549 63.75
550 63.85
551 64.15
552 64.2
553 64.2
554 64.2
555 64.2
556 64.2
557 64.25
558 64.45
559 64.55
560 64.65
561 64.7
562 64.7
563 64.75
564 64.8
565 64.9
566 64.9
567 65.2
568 65.25
569 65.5
570 65.6
571 65.6
572 65.65
573 65.7
574 65.95
575 66.0
576 66.2
577 66.25
578 66.4
579 66.4
580 66.4
581 66.4
582 66.6
583 66.7
584 66.75
585 66.85
586 66.9
587 67.0
588 67.0
589 67.0
590 67.0
591 67.05
592 67.1
593 67.2
594 67.2
595 67.35
596 67.4
597 67.6
598 67.65
599 67.8
600 67.85
601 68.0
602 68.05
603 68.05
604 68.05
605 68.4
606 68.55
607 68.6
608 68.7
609 68.75
610 68.8
611 68.85
612 68.95
613 69.05
614 69.15
615 69.2
616 69.25
617 69.35
618 69.45
619 69.65
620 69.65
621 69.65
622 69.65
623 69.7
624 69.7
625 69.7
626 69.95
627 70.1
628 70.1
629 70.1
630 70.2
631 70.45
632 70.45
633 70.5
634 70.5
635 70.5
636 70.55
637 70.55
638 70.6
639 70.8
640 70.9
641 70.95
642 71.0
643 71.2
644 71.4
645 71.55
646 71.8
647 72.0
648 72.0
649 72.05
650 72.25
651 72.3
652 72.35
653 72.45
654 72.55
655 72.55
656 72.65
657 72.65
658 72.7
659 72.75
660 72.8
661 72.85
662 73.0
663 73.05
664 73.05
665 73.1
666 73.2
667 73.25
668 73.3
669 73.5
670 73.55
671 73.7
672 73.75
673 73.95
674 74.25
675 74.5
676 74.5
677 74.55
678 74.55
679 74.55
680 74.55
681 74.6
682 74.8
683 74.9
684 75.05
685 75.1
686 75.1
687 75.35
688 75.4
689 75.4
690 75.4
691 75.45
692 75.45
693 75.5
694 75.5
695 75.6
696 75.65
697 75.85
698 75.85
699 75.85
700 76.0
701 76.05
702 76.1
703 76.1
704 76.4
705 76.75
706 76.75
707 76.75
708 76.9
709 76.95
710 77.05
711 77.05
712 77.35
713 77.4
714 77.6
715 77.65
716 77.65
717 77.7
718 77.8
719 77.95
720 78.0
721 78.0
722 78.05
723 78.2
724 78.4
725 78.55
726 78.85
727 78.85
728 78.85
729 78.9
730 78.95
731 79.1
732 79.15
733 79.15
734 79.25
735 79.35
736 79.35
737 79.4
738 79.45
739 79.45
740 79.55
741 79.6
742 79.8
743 79.9
744 79.9
745 80.05
746 80.05
747 80.15
748 80.15
749 80.15
750 80.25
751 80.3
752 80.3
753 80.35
754 80.35
755 80.45
756 80.5
757 80.5
758 80.6
759 80.7
760 80.85
761 80.95
762 81.0
763 81.1
764 81.2
765 81.2
766 81.3
767 81.35
768 81.55
769 81.55
770 81.55
771 81.7
772 81.75
773 81.9
774 82.15
775 82.15
776 82.15
777 82.3
778 82.35
779 82.35
780 82.55
781 82.55
782 82.6
783 82.65
784 82.65
785 82.7
786 82.75
787 82.75
788 82.9
789 82.95
790 83.05
791 83.1
792 83.1
793 83.1
794 83.1
795 83.2
796 83.35
797 83.4
798 83.45
799 83.5
800 83.55
801 83.6
802 83.75
803 83.8
804 83.85
805 83.9
806 84.05
807 84.2
808 84.3
809 84.3
810 84.3
811 84.35
812 84.35
813 84.5
814 84.6
815 84.75
816 84.85
817 84.9
818 85.0
819 85.05
820 85.15
821 85.2
822 85.2
823 85.4
824 85.45
825 85.55
826 85.55
827 85.55
828 85.6
829 85.65
830 85.7
831 85.8
832 85.95
833 86.0
834 86.0
835 86.0
836 86.05
837 86.15
838 86.35
839 86.4
840 86.4
841 86.45
842 86.55
843 86.6
844 86.6
845 86.7
846 86.75
847 86.75
848 86.95
849 87.05
850 87.2
851 87.2
852 87.25
853 87.25
854 87.25
855 87.4
856 87.5
857 87.65
858 87.75
859 88.0
860 88.05
861 88.1
862 88.1
863 88.2
864 88.35
865 88.4
866 88.5
867 88.5
868 88.55
869 88.55
870 88.6
871 88.6
872 88.6
873 88.7
874 88.85
875 88.9
876 88.9
877 88.95
878 89.15
879 89.2
880 89.2
881 89.25
882 89.25
883 89.35
884 89.45
885 89.5
886 89.6
887 89.65
888 89.65
889 89.75
890 90.15
891 90.35
892 90.45
893 90.45
894 90.45
895 90.45
896 90.45
897 90.7
898 90.7
899 90.95
900 90.95
901 90.95
902 90.95
903 90.95
904 90.95
905 91.0
906 91.0
907 91.0
908 91.1
909 91.1
910 91.15
911 91.15
912 91.15
913 91.3
914 91.3
915 91.4
916 91.7
917 91.75
918 91.85
919 91.85
920 91.95
921 92.0
922 92.1
923 92.1
924 92.1
925 92.1
926 92.2
927 92.25
928 92.25
929 92.3
930 92.35
931 92.4
932 92.4
933 92.45
934 92.45
935 92.6
936 92.65
937 92.75
938 92.9
939 93.15
940 93.15
941 93.2
942 93.2
943 93.25
944 93.35
945 93.5
946 93.6
947 93.65
948 93.65
949 93.7
950 93.8
951 93.85
952 93.9
953 93.9
954 94.15
955 94.25
956 94.3
957 94.35
958 94.35
959 94.5
960 94.55
961 94.55
962 94.65
963 94.85
964 94.85
965 94.85
966 94.85
967 94.9
968 95.05
969 95.1
970 95.15
971 95.3
972 95.35
973 95.35
974 95.45
975 95.45
976 95.5
977 95.7
978 95.75
979 95.8
980 95.85
981 95.85
982 96.1
983 96.2
984 96.25
985 96.35
986 96.45
987 96.5
988 96.5
989 96.7
990 96.7
991 96.7
992 96.7
993 96.75
994 96.75
995 96.75
996 96.9
997 96.95
998 97.05
999 97.05
1000 97.05
1001 97.1
1002 97.15
1003 97.3
1004 97.45
1005 97.55
1006 97.55
1007 97.7
1008 97.75
1009 97.8
1010 97.9
1011 97.9
1012 97.95
1013 98.15
1014 98.25
1015 98.25
1016 98.3
1017 98.3
1018 98.35
1019 98.35
1020 98.45
1021 98.45
1022 98.5
1023 98.5
1024 98.5
1025 98.55
1026 98.65
1027 98.75
1028 98.85
1029 98.85
1030 98.9
1031 98.9
1032 98.95
1033 99.2
1034 99.3
1035 99.45
1036 99.45
1037 99.5
1038 99.5
1039 99.5
1040 99.65
1041 99.7
1042 99.95
1043 100.0
1044 100.2
1045 100.3
1046 100.3
1047 100.35
1048 100.4
1049 100.5
1050 100.5
1051 100.6
1052 100.7
1053 100.7
1054 100.9
1055 101.0
1056 101.1
1057 101.1
1058 101.25
1059 101.3
1060 101.35
1061 101.4
1062 101.45
1063 101.45
1064 101.5
1065 101.5
1066 101.55
1067 101.6
1068 101.6
1069 101.6
1070 101.6
1071 101.6
1072 101.65
1073 101.7
1074 101.7
1075 101.8
1076 101.8
1077 101.8
1078 101.9
1079 102.0
1080 102.0
1081 102.0
1082 102.1
1083 102.15
1084 102.15
1085 102.2
1086 102.2
1087 102.25
1088 102.3
1089 102.35
1090 102.4
1091 102.55
1092 102.55
1093 102.7
1094 102.7
1095 102.75
1096 102.8
1097 102.85
1098 102.85
1099 102.9
1100 103.05
1101 103.2
1102 103.3
1103 103.35
1104 103.35
1105 103.4
1106 103.45
1107 103.5
1108 103.6
1109 103.6
1110 103.8
1111 103.9
1112 104.0
1113 104.0
1114 104.0
1115 104.05
1116 104.15
1117 104.25
1118 104.3
1119 104.35
1120 104.45
1121 104.5
1122 104.6
1123 104.6
1124 104.7
1125 104.8
1126 104.85
1127 104.9
1128 104.95
1129 105.05
1130 105.05
1131 105.15
1132 105.2
1133 105.35
1134 105.4
1135 105.45
1136 105.65
1137 105.65
1138 105.7
1139 105.75
1140 105.8
1141 105.8
1142 106.0
1143 106.1
1144 106.15
1145 106.2
1146 106.25
1147 106.25
1148 106.25
1149 106.25
1150 106.25
1151 106.25
1152 106.35
1153 106.4
1154 106.4
1155 106.45
1156 106.65
1157 106.65
1158 106.65
1159 106.8
1160 106.8
1161 106.8
1162 106.8
1163 106.9
1164 107.0
1165 107.1
1166 107.2
1167 107.25
1168 107.3
1169 107.3
1170 107.35
1171 107.4
1172 107.5
1173 107.55
1174 107.65
1175 107.7
1176 107.75
1177 107.75
1178 107.8
1179 107.8
1180 108.0
1181 108.1
1182 108.15
1183 108.2
1184 108.2
1185 108.2
1186 108.25
1187 108.3
1188 108.3
1189 108.35
1190 108.35
1191 108.4
1192 108.45
1193 108.55
1194 108.55
1195 108.65
1196 108.65
1197 108.85
1198 108.85
1199 108.9
1200 108.95
1201 109.0
1202 109.05
1203 109.05
1204 109.1
1205 109.1
1206 109.2
1207 109.3
1208 109.4
1209 109.45
1210 109.45
1211 109.5
1212 109.6
1213 109.7
1214 109.75
1215 109.75
1216 109.85
1217 109.9
1218 110.0
1219 110.0
1220 110.05
1221 110.15
1222 110.25
1223 110.25
1224 110.3
1225 110.3
1226 110.35
1227 110.35
1228 110.5
1229 110.55
1230 110.55
1231 110.7
1232 110.7
1233 110.7
1234 110.7
1235 110.95
1236 110.95
1237 111.05
1238 111.25
1239 111.5
1240 111.55
1241 111.55
1242 111.65
1243 111.65
1244 111.7
1245 111.75
1246 111.75
1247 111.75
1248 111.75
1249 112.0
1250 112.0
1251 112.0
1252 112.0
1253 112.1
1254 112.1
1255 112.1
1256 112.1
1257 112.1
1258 112.25
1259 112.25
1260 112.25
1261 112.25
1262 112.3
1263 112.3
1264 112.35
1265 112.35
1266 112.4
1267 112.4
1268 112.4
1269 112.5
1270 112.5
1271 112.65
1272 112.7
1273 112.9
1274 112.9
1275 113.0
1276 113.05
1277 113.05
1278 113.1
1279 113.15
1280 113.2
1281 113.2
1282 113.3
1283 113.3
1284 113.4
1285 113.4
1286 113.4
1287 113.4
1288 113.45
1289 113.45
1290 113.6
1291 113.65
1292 113.65
1293 113.8
1294 113.85
1295 113.85
1296 113.9
1297 113.95
1298 114.15
1299 114.3
1300 114.3
1301 114.3
1302 114.4
1303 114.4
1304 114.45
1305 114.45
1306 114.5
1307 114.55
1308 114.65
1309 114.8
1310 114.9
1311 114.9
1312 115.0
1313 115.15
1314 115.15
1315 115.25
1316 115.3
1317 115.3
1318 115.45
1319 115.5
1320 115.55
1321 115.65
1322 115.65
1323 115.8
1324 115.8
1325 115.85
1326 115.95
1327 115.95
1328 116.0
1329 116.15
1330 116.2
1331 116.2
1332 116.2
1333 116.2
1334 116.25
1335 116.3
1336 116.5
1337 116.55
1338 116.55
1339 116.7
1340 116.7
1341 116.7
1342 116.75
1343 116.8
1344 116.85
1345 116.85
1346 116.85
1347 116.95
1348 116.95
1349 117.0
1350 117.05
1351 117.1
1352 117.15
1353 117.2
1354 117.25
1355 117.3
1356 117.45
1357 117.5
1358 117.5
1359 117.55
1360 117.8
1361 117.8
1362 117.8
1363 117.8
1364 117.9
1365 118.0
1366 118.0
1367 118.0
1368 118.0
1369 118.0
1370 118.1
1371 118.1
1372 118.1
1373 118.15
1374 118.15
1375 118.15
1376 118.25
1377 118.3
1378 118.4
1379 118.5
1380 118.5
1381 118.5
1382 118.55
1383 118.55
1384 118.6
1385 118.65
1386 118.7
1387 118.7
1388 118.8
1389 118.8
1390 118.85
1391 118.9
1392 119.0
1393 119.15
1394 119.15
1395 119.15
1396 119.15
1397 119.25
1398 119.35
1399 119.35
1400 119.4
1401 119.4
1402 119.5
1403 119.65
1404 119.75
1405 119.75
1406 119.8
1407 119.8
1408 119.8
1409 119.8
1410 119.85
1411 119.85
1412 119.85
1413 119.95
1414 120.25
1415 120.25
1416 120.25
1417 120.45
1418 120.45
1419 120.45
1420 120.45
1421 120.45
1422 120.45
1423 120.45
1424 120.5
1425 120.55
1426 120.55
1427 120.6
1428 120.65
1429 120.65
1430 120.75
1431 120.75
1432 120.75
1433 120.85
1434 120.85
1435 120.85
1436 120.9
1437 120.9
1438 120.95
1439 121.0
1440 121.0
1441 121.0
1442 121.0
1443 121.05
1444 121.1
1445 121.15
1446 121.2
1447 121.25
1448 121.35
1449 121.4
1450 121.4
1451 121.45
1452 121.45
1453 121.5
1454 121.5
1455 121.55
1456 121.6
1457 121.6
1458 121.6
1459 121.6
1460 121.6
1461 121.8
1462 121.9
1463 122.05
1464 122.1
1465 122.2
1466 122.2
1467 122.2
1468 122.3
1469 122.3
1470 122.35
1471 122.35
1472 122.4
1473 122.4
1474 122.45
1475 122.5
1476 122.5
1477 122.7
1478 122.95
1479 122.95
1480 123.0
1481 123.2
1482 123.25
1483 123.25
1484 123.25
1485 123.3
1486 123.3
1487 123.4
1488 123.4
1489 123.4
1490 123.45
1491 123.45
1492 123.45
1493 123.45
1494 123.5
1495 123.5
1496 123.55
1497 123.55
1498 123.55
1499 123.55
1500 123.7
1501 123.75
1502 123.75
1503 123.8
1504 123.95
1505 124.15
1506 124.2
1507 124.3
1508 124.35
1509 124.4
1510 124.4
1511 124.45
1512 124.45
1513 124.5
1514 124.55
1515 124.6
1516 124.65
1517 124.65
1518 124.65
1519 124.7
1520 124.8
1521 124.85
1522 124.85
1523 124.85
1524 124.85
1525 124.85
1526 124.85
1527 124.9
1528 125.0
1529 125.0
1530 125.0
1531 125.0
1532 125.15
1533 125.15
1534 125.15
1535 125.15
1536 125.15
1537 125.15
1538 125.2
1539 125.2
1540 125.25
1541 125.3
1542 125.4
1543 125.45
1544 125.45
1545 125.65
1546 125.7
1547 125.7
1548 125.7
1549 125.75
1550 125.75
1551 125.8
1552 125.9
1553 125.95
1554 125.95
1555 126.0
1556 126.05
1557 126.1
1558 126.1
1559 126.2
1560 126.2
1561 126.25
1562 126.25
1563 126.4
1564 126.4
1565 126.4
1566 126.45
1567 126.45
1568 126.5
1569 126.55
1570 126.65
1571 126.65
1572 126.7
1573 126.7
1574 126.8
1575 126.85
1576 126.85
1577 126.9
1578 126.9
1579 126.95
1580 126.95
1581 126.95
1582 127.0
1583 127.0
1584 127.05
1585 127.05
1586 127.05
1587 127.05
1588 127.25
1589 127.3
1590 127.3
1591 127.3
1592 127.35
1593 127.35
1594 127.35
1595 127.35
1596 127.35
1597 127.35
1598 127.4
1599 127.4
1600 127.5
1601 127.55
1602 127.55
1603 127.55
1604 127.65
1605 127.7
1606 127.75
1607 127.75
1608 127.95
1609 128.05
1610 128.15
1611 128.15
1612 128.2
1613 128.3
1614 128.35
1615 128.4
1616 128.45
1617 128.45
1618 128.6
1619 128.8
1620 128.85
1621 128.85
1622 128.95
1623 128.95
1624 129.0
1625 129.0
1626 129.0
1627 129.0
1628 129.0
1629 129.1
1630 129.15
1631 129.15
1632 129.15
1633 129.25
1634 129.45
1635 129.45
1636 129.65
1637 129.75
1638 129.8
1639 129.8
1640 129.85
1641 129.85
1642 129.9
1643 129.9
1644 129.9
1645 129.95
1646 129.95
1647 130.0
1648 130.0
1649 130.15
1650 130.2
1651 130.2
1652 130.2
1653 130.25
1654 130.35
1655 130.45
1656 130.45
1657 130.45
1658 130.55
1659 130.7
1660 130.75
1661 130.75
1662 130.85
1663 130.9
1664 130.9
1665 130.9
1666 130.95
1667 130.95
1668 130.95
1669 131.05
1670 131.05
1671 131.05
1672 131.05
1673 131.05
1674 131.05
1675 131.05
1676 131.05
1677 131.2
1678 131.35
1679 131.4
1680 131.4
1681 131.5
1682 131.5
1683 131.5
1684 131.5
1685 131.6
1686 131.65
1687 131.7
1688 131.75
1689 131.75
1690 131.75
1691 132.0
1692 132.1
1693 132.1
1694 132.2
1695 132.25
1696 132.25
1697 132.3
1698 132.3
1699 132.3
1700 132.3
1701 132.35
1702 132.35
1703 132.35
1704 132.4
1705 132.45
1706 132.5
1707 132.65
1708 132.7
1709 132.7
1710 132.7
1711 132.7
1712 132.7
1713 132.75
1714 132.8
1715 132.8
1716 132.8
1717 132.85
1718 132.85
1719 132.85
1720 132.9
1721 133.0
1722 133.15
1723 133.25
1724 133.25
1725 133.3
1726 133.3
1727 133.35
1728 133.35
1729 133.35
1730 133.4
1731 133.45
1732 133.45
1733 133.45
1734 133.5
1735 133.5
1736 133.55
1737 133.65
1738 133.7
1739 133.7
1740 133.75
1741 133.8
1742 133.85
1743 133.85
1744 133.9
1745 133.9
1746 133.95
1747 134.0
1748 134.05
1749 134.05
1750 134.05
1751 134.15
1752 134.15
1753 134.2
1754 134.25
1755 134.25
1756 134.25
1757 134.25
1758 134.35
1759 134.35
1760 134.45
1761 134.45
1762 134.55
1763 134.55
1764 134.8
1765 134.85
1766 134.85
1767 134.85
1768 134.85
1769 134.85
1770 134.9
1771 134.9
1772 134.9
1773 134.9
1774 135.1
1775 135.1
1776 135.15
1777 135.25
1778 135.25
1779 135.25
1780 135.25
1781 135.25
1782 135.25
1783 135.25
1784 135.25
1785 135.25
1786 135.3
1787 135.4
1788 135.45
1789 135.45
1790 135.45
1791 135.45
1792 135.55
1793 135.55
1794 135.65
1795 135.75
1796 135.85
1797 135.85
1798 135.85
1799 135.9
1800 135.95
1801 135.95
1802 135.95
1803 136.0
1804 136.0
1805 136.2
1806 136.2
1807 136.3
1808 136.35
1809 136.35
1810 136.35
1811 136.35
1812 136.35
1813 136.35
1814 136.4
1815 136.4
1816 136.45
1817 136.45
1818 136.5
1819 136.5
1820 136.5
1821 136.6
1822 136.6
1823 136.6
1824 136.75
1825 136.8
1826 136.85
1827 136.85
1828 136.85
1829 136.85
1830 136.9
1831 137.05
1832 137.05
1833 137.05
1834 137.15
1835 137.15
1836 137.15
1837 137.15
1838 137.2
1839 137.3
1840 137.3
1841 137.35
1842 137.35
1843 137.4
1844 137.4
1845 137.55
1846 137.6
1847 137.6
1848 137.6
1849 137.6
1850 137.65
1851 137.7
1852 137.8
1853 137.85
1854 137.85
1855 137.85
1856 137.85
1857 137.85
1858 137.85
1859 137.85
1860 137.9
1861 137.95
1862 137.95
1863 138.0
1864 138.05
1865 138.05
1866 138.05
1867 138.05
1868 138.25
1869 138.25
1870 138.4
1871 138.6
1872 138.6
1873 138.6
1874 138.6
1875 138.6
1876 138.6
1877 138.6
1878 138.6
1879 138.65
1880 138.7
1881 138.7
1882 138.75
1883 138.8
1884 138.8
1885 138.85
1886 138.85
1887 138.9
1888 138.9
1889 138.95
1890 139.0
1891 139.0
1892 139.05
1893 139.1
1894 139.2
1895 139.45
1896 139.45
1897 139.45
1898 139.45
1899 139.45
1900 139.45
1901 139.7
1902 139.75
1903 139.75
1904 139.95
1905 140.0
1906 140.0
1907 140.05
1908 140.05
1909 140.05
1910 140.05
1911 140.05
1912 140.1
1913 140.1
1914 140.15
1915 140.15
1916 140.15
1917 140.15
1918 140.2
1919 140.3
1920 140.3
1921 140.3
1922 140.3
1923 140.3
1924 140.3
1925 140.4
1926 140.45
1927 140.45
1928 140.45
1929 140.7
1930 140.7
1931 140.8
1932 140.85
1933 140.85
1934 140.9
1935 141.0
1936 141.05
1937 141.05
1938 141.1
1939 141.2
1940 141.2
1941 141.2
1942 141.2
1943 141.25
1944 141.25
1945 141.25
1946 141.25
1947 141.25
1948 141.25
1949 141.35
1950 141.35
1951 141.35
1952 141.35
1953 141.35
1954 141.35
1955 141.4
1956 141.4
1957 141.45
1958 141.5
1959 141.5
1960 141.5
1961 141.5
1962 141.5
1963 141.6
1964 141.6
1965 141.65
1966 141.7
1967 141.8
1968 141.85
1969 141.9
1970 142.0
1971 142.05
1972 142.05
1973 142.05
1974 142.05
1975 142.05
1976 142.05
1977 142.1
1978 142.1
1979 142.2
1980 142.25
1981 142.3
1982 142.45
1983 142.5
1984 142.5
1985 142.55
1986 142.55
1987 142.55
1988 142.55
1989 142.6
1990 142.7
1991 142.7
1992 142.7
1993 142.75
1994 142.75
1995 142.75
1996 142.8
1997 142.8
1998 142.8
1999 142.95
2000 143.0
2001 143.0
2002 143.05
2003 143.05
2004 143.1
2005 143.15
2006 143.15
2007 143.15
2008 143.15
2009 143.15
2010 143.15
2011 143.35
2012 143.35
2013 143.45
2014 143.45
2015 143.45
2016 143.5
2017 143.6
2018 143.6
2019 143.65
2020 143.65
2021 143.7
2022 143.7
2023 143.7
2024 143.75
2025 143.85
2026 143.9
2027 143.95
2028 144.0
2029 144.0
2030 144.1
2031 144.15
2032 144.2
2033 144.3
2034 144.3
2035 144.3
2036 144.5
2037 144.5
2038 144.55
2039 144.6
2040 144.6
2041 144.6
2042 144.65
2043 144.65
2044 144.65
2045 144.7
2046 144.7
2047 144.75
2048 144.75
2049 144.8
2050 144.8
2051 144.8
2052 144.8
2053 144.8
2054 144.85
2055 144.95
2056 144.95
2057 144.95
2058 144.95
2059 145.05
2060 145.05
2061 145.05
2062 145.1
2063 145.1
2064 145.15
2065 145.15
2066 145.15
2067 145.3
2068 145.4
2069 145.4
2070 145.4
2071 145.4
2072 145.4
2073 145.4
2074 145.4
2075 145.4
2076 145.4
2077 145.5
2078 145.5
2079 145.5
2080 145.6
2081 145.6
2082 145.6
2083 145.6
2084 145.65
2085 145.75
2086 145.8
2087 145.9
2088 145.95
2089 145.95
2090 146.0
2091 146.05
2092 146.05
2093 146.05
2094 146.1
2095 146.2
2096 146.2
2097 146.2
2098 146.2
2099 146.25
2100 146.25
2101 146.35
2102 146.45
2103 146.55
2104 146.55
2105 146.55
2106 146.6
2107 146.6
2108 146.65
2109 146.65
2110 146.7
2111 146.7
2112 146.7
2113 146.8
2114 146.8
2115 146.8
2116 146.85
2117 146.9
2118 146.9
2119 147.0
2120 147.0
2121 147.15
2122 147.15
2123 147.15
2124 147.2
2125 147.25
2126 147.3
2127 147.35
2128 147.4
2129 147.4
2130 147.45
2131 147.45
2132 147.45
2133 147.45
2134 147.45
2135 147.5
2136 147.55
2137 147.55
2138 147.65
2139 147.65
2140 147.65
2141 147.7
2142 147.75
2143 147.75
2144 147.75
2145 147.75
2146 147.75
2147 147.95
2148 147.95
2149 147.95
2150 147.95
2151 148.0
2152 148.05
2153 148.05
2154 148.05
2155 148.05
2156 148.15
2157 148.25
2158 148.35
2159 148.35
2160 148.35
2161 148.45
2162 148.5
2163 148.55
2164 148.55
2165 148.6
2166 148.6
2167 148.65
2168 148.65
2169 148.7
2170 148.75
2171 148.8
2172 148.85
2173 148.85
2174 148.9
2175 148.9
2176 149.0
2177 149.0
2178 149.05
2179 149.05
2180 149.05
2181 149.05
2182 149.05
2183 149.15
2184 149.3
2185 149.35
2186 149.35
2187 149.35
2188 149.4
2189 149.45
2190 149.45
2191 149.45
2192 149.45
2193 149.45
2194 149.45
2195 149.55
2196 149.6
2197 149.7
2198 149.75
2199 149.8
2200 149.8
2201 149.8
2202 149.85
2203 149.85
2204 149.85
2205 149.9
2206 149.9
2207 149.95
2208 149.95
2209 149.95
2210 150.05
2211 150.1
2212 150.1
2213 150.1
2214 150.1
2215 150.15
2216 150.15
2217 150.15
2218 150.2
2219 150.2
2220 150.3
2221 150.3
2222 150.3
2223 150.4
2224 150.45
2225 150.45
2226 150.5
2227 150.55
2228 150.55
2229 150.6
2230 150.65
2231 150.65
2232 150.65
2233 150.7
2234 150.75
2235 150.75
2236 150.75
2237 150.75
2238 150.8
2239 150.8
2240 150.8
2241 150.8
2242 150.8
2243 150.8
2244 150.8
2245 150.8
2246 150.8
2247 150.8
2248 150.8
2249 150.85
2250 150.85
2251 150.85
2252 150.85
2253 150.9
2254 150.9
2255 150.9
2256 150.95
2257 150.95
2258 150.95
2259 150.95
2260 150.95
2261 151.0
2262 151.05
2263 151.15
2264 151.15
2265 151.2
2266 151.4
2267 151.55
2268 151.6
2269 151.6
2270 151.6
2271 151.6
2272 151.8
2273 151.8
2274 151.85
2275 151.85
2276 151.85
2277 151.85
2278 151.85
2279 151.85
2280 151.9
2281 151.95
2282 151.95
2283 152.05
2284 152.1
2285 152.2
2286 152.25
2287 152.35
2288 152.4
2289 152.4
2290 152.4
2291 152.45
2292 152.45
2293 152.45
2294 152.45
2295 152.5
2296 152.5
2297 152.5
2298 152.6
2299 152.6
2300 152.6
2301 152.6
2302 152.6
2303 152.6
2304 152.6
2305 152.6
2306 152.65
2307 152.75
2308 152.75
2309 152.85
2310 152.85
2311 152.9
2312 152.9
2313 152.9
2314 152.9
2315 152.9
2316 152.9
2317 152.9
2318 152.9
2319 152.9
2320 152.95
2321 153.0
2322 153.05
2323 153.1
2324 153.1
2325 153.2
2326 153.2
2327 153.2
2328 153.2
2329 153.25
2330 153.25
2331 153.3
2332 153.35
2333 153.35
2334 153.45
2335 153.45
2336 153.45
2337 153.45
2338 153.45
2339 153.45
2340 153.45
2341 153.5
2342 153.5
2343 153.55
2344 153.55
2345 153.55
2346 153.55
2347 153.55
2348 153.55
2349 153.55
2350 153.6
2351 153.65
2352 153.65
2353 153.7
2354 153.7
2355 153.7
2356 153.75
2357 153.75
2358 153.8
2359 153.8
2360 153.8
2361 153.8
2362 153.8
2363 153.8
2364 153.8
2365 153.85
2366 153.85
2367 153.9
2368 153.9
2369 153.95
2370 153.95
2371 153.95
2372 153.95
2373 154.1
2374 154.15
2375 154.2
2376 154.2
2377 154.35
2378 154.35
2379 154.45
2380 154.45
2381 154.45
2382 154.45
2383 154.5
2384 154.5
2385 154.5
2386 154.5
2387 154.55
2388 154.55
2389 154.65
2390 154.7
2391 154.7
2392 154.7
2393 154.8
2394 154.8
2395 154.8
2396 154.95
2397 155.0
2398 155.0
2399 155.05
2400 155.05
2401 155.05
2402 155.05
2403 155.05
2404 155.05
2405 155.05
2406 155.1
2407 155.1
2408 155.15
2409 155.15
2410 155.25
2411 155.25
2412 155.25
2413 155.25
2414 155.45
2415 155.55
2416 155.55
2417 155.6
2418 155.65
2419 155.7
2420 155.7
2421 155.7
2422 155.7
2423 155.7
2424 155.7
2425 155.7
2426 155.7
2427 155.75
2428 155.8
2429 155.9
2430 155.9
2431 155.9
2432 155.9
2433 155.9
2434 155.9
2435 155.95
2436 155.95
2437 155.95
2438 156.05
2439 156.1
2440 156.1
2441 156.1
2442 156.2
2443 156.2
2444 156.25
2445 156.3
2446 156.35
2447 156.45
2448 156.45
2449 156.45
2450 156.45
2451 156.55
2452 156.55
2453 156.6
2454 156.6
2455 156.7
2456 156.7
2457 156.75
2458 156.75
2459 156.75
2460 156.75
2461 156.75
2462 156.75
2463 156.75
2464 156.75
2465 156.75
2466 156.75
2467 156.75
2468 156.75
2469 156.8
2470 156.85
2471 156.85
2472 156.9
2473 156.9
2474 156.9
2475 157.0
2476 157.0
2477 157.0
2478 157.0
2479 157.0
2480 157.15
2481 157.25
2482 157.25
2483 157.3
2484 157.4
2485 157.4
2486 157.45
2487 157.45
2488 157.45
2489 157.5
2490 157.5
2491 157.5
2492 157.5
2493 157.5
2494 157.5
2495 157.5
2496 157.5
2497 157.5
2498 157.5
2499 157.5
2500 157.5
2501 157.5
2502 157.6
2503 157.6
2504 157.6
2505 157.6
2506 157.6
2507 157.65
2508 157.65
2509 157.65
2510 157.65
2511 157.75
2512 157.8
2513 157.8
2514 157.85
2515 157.95
2516 158.0
2517 158.05
2518 158.05
2519 158.05
2520 158.1
2521 158.15
2522 158.15
2523 158.2
2524 158.2
2525 158.2
2526 158.35
2527 158.35
2528 158.35
2529 158.35
2530 158.35
2531 158.35
2532 158.4
2533 158.4
2534 158.45
2535 158.5
2536 158.5
2537 158.5
2538 158.5
2539 158.5
2540 158.5
2541 158.5
2542 158.5
2543 158.55
2544 158.55
2545 158.6
2546 158.6
2547 158.6
2548 158.6
2549 158.7
2550 158.75
2551 158.85
2552 158.85
2553 158.85
2554 158.85
2555 158.85
2556 158.9
2557 159.0
2558 159.0
2559 159.05
2560 159.05
2561 159.1
2562 159.1
2563 159.1
2564 159.1
2565 159.1
2566 159.1
2567 159.15
2568 159.15
2569 159.25
2570 159.25
2571 159.3
2572 159.3
2573 159.3
2574 159.3
2575 159.3
2576 159.4
2577 159.4
2578 159.4
2579 159.45
2580 159.45
2581 159.45
2582 159.55
2583 159.55
2584 159.6
2585 159.65
2586 159.7
2587 159.75
2588 159.75
2589 159.8
2590 159.8
2591 159.8
2592 159.85
2593 159.9
2594 159.95
2595 159.95
2596 159.95
2597 159.95
2598 159.95
2599 159.95
2600 159.95
2601 160.0
2602 160.05
2603 160.15
2604 160.15
2605 160.15
2606 160.2
2607 160.25
2608 160.25
2609 160.35
2610 160.35
2611 160.4
2612 160.45
2613 160.45
2614 160.45
2615 160.45
2616 160.45
2617 160.5
2618 160.55
2619 160.6
2620 160.6
2621 160.6
2622 160.65
2623 160.75
2624 160.75
2625 160.75
2626 160.8
2627 160.8
2628 160.8
2629 160.8
2630 160.8
2631 160.8
2632 161.0
2633 161.05
2634 161.05
2635 161.15
2636 161.2
2637 161.2
2638 161.2
2639 161.2
2640 161.2
2641 161.2
2642 161.2
2643 161.2
2644 161.2
2645 161.3
2646 161.3
2647 161.3
2648 161.3
2649 161.3
2650 161.3
2651 161.35
2652 161.35
2653 161.35
2654 161.35
2655 161.4
2656 161.4
2657 161.45
2658 161.5
2659 161.5
2660 161.55
2661 161.55
2662 161.55
2663 161.6
2664 161.6
2665 161.6
2666 161.6
2667 161.65
2668 161.75
2669 161.8
2670 161.95
2671 161.95
2672 161.95
2673 162.0
2674 162.05
2675 162.15
2676 162.15
2677 162.15
2678 162.15
2679 162.15
2680 162.2
2681 162.25
2682 162.25
2683 162.25
2684 162.3
2685 162.3
2686 162.35
2687 162.35
2688 162.35
2689 162.35
2690 162.35
2691 162.4
2692 162.4
2693 162.4
2694 162.4
2695 162.4
2696 162.45
2697 162.45
2698 162.45
2699 162.45
2700 162.55
2701 162.6
2702 162.6
2703 162.6
2704 162.6
2705 162.7
2706 162.7
2707 162.7
2708 162.7
2709 162.7
2710 162.75
2711 162.75
2712 162.75
2713 162.8
2714 162.95
2715 162.95
2716 163.0
2717 163.0
2718 163.05
2719 163.1
2720 163.15
2721 163.2
2722 163.2
2723 163.2
2724 163.2
2725 163.2
2726 163.2
2727 163.25
2728 163.3
2729 163.3
2730 163.35
2731 163.35
2732 163.35
2733 163.35
2734 163.4
2735 163.5
2736 163.5
2737 163.5
2738 163.6
2739 163.6
2740 163.65
2741 163.65
2742 163.65
2743 163.65
2744 163.65
2745 163.7
2746 163.7
2747 163.7
2748 163.7
2749 163.7
2750 163.7
2751 163.7
2752 163.7
2753 163.7
2754 163.7
2755 163.7
2756 163.7
2757 163.7
2758 163.7
2759 163.7
2760 163.7
2761 163.75
2762 163.75
2763 163.75
2764 163.75
2765 163.8
2766 163.85
2767 163.85
2768 163.9
2769 163.9
2770 163.95
2771 163.95
2772 163.95
2773 164.0
2774 164.0
2775 164.1
2776 164.25
2777 164.25
2778 164.25
2779 164.3
2780 164.3
2781 164.3
2782 164.3
2783 164.3
2784 164.35
2785 164.35
2786 164.35
2787 164.35
2788 164.35
2789 164.4
2790 164.5
2791 164.5
2792 164.55
2793 164.6
2794 164.65
2795 164.7
2796 164.7
2797 164.7
2798 164.75
2799 164.8
2800 164.8
2801 164.85
2802 164.85
2803 164.85
2804 164.85
2805 164.95
2806 164.95
2807 164.95
2808 164.95
2809 164.95
2810 164.95
2811 165.0
2812 165.05
2813 165.05
2814 165.1
2815 165.15
2816 165.15
2817 165.15
2818 165.2
2819 165.25
2820 165.25
2821 165.25
2822 165.25
2823 165.3
2824 165.3
2825 165.3
2826 165.3
2827 165.3
2828 165.3
2829 165.3
2830 165.3
2831 165.3
2832 165.3
2833 165.35
2834 165.4
2835 165.45
2836 165.45
2837 165.55
2838 165.6
2839 165.6
2840 165.65
2841 165.65
2842 165.65
2843 165.65
2844 165.7
2845 165.8
2846 165.8
2847 165.8
2848 165.8
2849 165.85
2850 165.85
2851 165.85
2852 165.9
2853 165.9
2854 166.0
2855 166.0
2856 166.05
2857 166.1
2858 166.1
2859 166.1
2860 166.1
2861 166.1
2862 166.15
2863 166.2
2864 166.2
2865 166.2
2866 166.2
2867 166.25
2868 166.25
2869 166.3
2870 166.3
2871 166.3
2872 166.3
2873 166.3
2874 166.3
2875 166.4
2876 166.45
2877 166.45
2878 166.45
2879 166.45
2880 166.45
2881 166.5
2882 166.5
2883 166.5
2884 166.5
2885 166.55
2886 166.6
2887 166.6
2888 166.6
2889 166.6
2890 166.6
2891 166.65
2892 166.7
2893 166.7
2894 166.85
2895 166.85
2896 166.85
2897 166.85
2898 166.9
2899 166.9
2900 166.9
2901 166.9
2902 166.95
2903 166.95
2904 166.95
2905 166.95
2906 167.05
2907 167.05
2908 167.05
2909 167.05
2910 167.1
2911 167.1
2912 167.15
2913 167.15
2914 167.15
2915 167.15
2916 167.2
2917 167.2
2918 167.2
2919 167.25
2920 167.25
2921 167.25
2922 167.25
2923 167.25
2924 167.25
2925 167.25
2926 167.25
2927 167.25
2928 167.25
2929 167.25
2930 167.25
2931 167.3
2932 167.3
2933 167.3
2934 167.3
2935 167.3
2936 167.3
2937 167.35
2938 167.35
2939 167.35
2940 167.35
2941 167.35
2942 167.4
2943 167.4
2944 167.4
2945 167.45
2946 167.45
2947 167.45
2948 167.45
2949 167.5
2950 167.55
2951 167.6
2952 167.65
2953 167.65
2954 167.75
2955 167.75
2956 167.75
2957 167.75
2958 167.75
2959 167.75
2960 167.75
2961 167.75
2962 167.75
2963 167.75
2964 167.8
2965 167.8
2966 167.9
2967 167.9
2968 167.9
2969 167.95
2970 167.95
2971 167.95
2972 167.95
2973 167.95
2974 167.95
2975 168.0
2976 168.05
2977 168.05
2978 168.05
2979 168.1
2980 168.2
2981 168.2
2982 168.2
2983 168.2
2984 168.2
2985 168.25
2986 168.25
2987 168.25
2988 168.25
2989 168.25
2990 168.25
2991 168.25
2992 168.25
2993 168.25
2994 168.25
2995 168.25
2996 168.3
2997 168.3
2998 168.35
2999 168.4
3000 168.45
3001 168.5
3002 168.5
3003 168.5
3004 168.55
3005 168.65
3006 168.65
3007 168.65
3008 168.7
3009 168.7
3010 168.7
3011 168.7
3012 168.7
3013 168.7
3014 168.7
3015 168.8
3016 168.85
3017 168.85
3018 168.85
3019 168.85
3020 168.85
3021 168.9
3022 168.9
3023 168.9
3024 168.9
3025 168.9
3026 168.9
3027 168.95
3028 168.95
3029 168.95
3030 169.0
3031 169.0
3032 169.0
3033 169.0
3034 169.05
3035 169.05
3036 169.15
3037 169.2
3038 169.2
3039 169.2
3040 169.2
3041 169.2
3042 169.3
3043 169.3
3044 169.45
3045 169.55
3046 169.55
3047 169.55
3048 169.55
3049 169.6
3050 169.65
3051 169.65
3052 169.65
3053 169.65
3054 169.65
3055 169.65
3056 169.65
3057 169.65
3058 169.65
3059 169.65
3060 169.65
3061 169.65
3062 169.7
3063 169.75
3064 169.75
3065 169.75
3066 169.75
3067 169.8
3068 169.85
3069 169.85
3070 169.85
3071 169.85
3072 169.9
3073 169.9
3074 169.9
3075 169.9
3076 169.9
3077 169.9
3078 169.9
3079 169.9
3080 169.95
3081 169.95
3082 170.05
3083 170.05
3084 170.1
3085 170.15
3086 170.15
3087 170.2
3088 170.2
3089 170.3
3090 170.35
3091 170.35
3092 170.35
3093 170.35
3094 170.4
3095 170.4
3096 170.4
3097 170.45
3098 170.45
3099 170.55
3100 170.55
3101 170.6
3102 170.6
3103 170.65
3104 170.65
3105 170.65
3106 170.65
3107 170.7
3108 170.7
3109 170.7
3110 170.7
3111 170.7
3112 170.7
3113 170.7
3114 170.75
3115 170.75
3116 170.75
3117 170.75
3118 170.75
3119 170.75
3120 170.75
3121 170.75
3122 170.8
3123 170.8
3124 170.85
3125 170.85
3126 170.85
3127 170.9
3128 170.9
3129 170.95
3130 170.95
3131 170.95
3132 170.95
3133 171.0
3134 171.0
3135 171.05
3136 171.05
3137 171.1
3138 171.1
3139 171.1
3140 171.1
3141 171.1
3142 171.1
3143 171.1
3144 171.1
3145 171.15
3146 171.35
3147 171.35
3148 171.35
3149 171.35
3150 171.35
3151 171.35
3152 171.45
3153 171.45
3154 171.45
3155 171.45
3156 171.45
3157 171.55
3158 171.55
3159 171.6
3160 171.6
3161 171.7
3162 171.7
3163 171.7
3164 171.7
3165 171.75
3166 171.75
3167 171.75
3168 171.75
3169 171.75
3170 171.8
3171 171.8
3172 171.85
3173 171.85
3174 171.85
3175 171.85
3176 171.85
3177 171.85
3178 171.85
3179 171.85
3180 171.85
3181 171.85
3182 171.85
3183 171.85
3184 171.85
3185 171.85
3186 171.9
3187 171.9
3188 171.9
3189 171.9
3190 171.95
3191 172.0
3192 172.0
3193 172.05
3194 172.1
3195 172.1
3196 172.1
3197 172.1
3198 172.1
3199 172.1
3200 172.15
3201 172.15
3202 172.15
3203 172.15
3204 172.15
3205 172.15
3206 172.15
3207 172.15
3208 172.2
3209 172.2
3210 172.3
3211 172.35
3212 172.35
3213 172.4
3214 172.55
3215 172.55
3216 172.55
3217 172.55
3218 172.6
3219 172.6
3220 172.6
3221 172.6
3222 172.6
3223 172.6
3224 172.6
3225 172.6
3226 172.6
3227 172.65
3228 172.65
3229 172.65
3230 172.65
3231 172.65
3232 172.65
3233 172.65
3234 172.65
3235 172.7
3236 172.7
3237 172.7
3238 172.75
3239 172.8
3240 172.8
3241 172.85
3242 172.85
3243 172.9
3244 172.95
3245 173.0
3246 173.0
3247 173.0
3248 173.0
3249 173.1
3250 173.15
3251 173.15
3252 173.15
3253 173.15
3254 173.15
3255 173.2
3256 173.2
3257 173.2
3258 173.2
3259 173.2
3260 173.25
3261 173.25
3262 173.25
3263 173.25
3264 173.25
3265 173.25
3266 173.25
3267 173.3
3268 173.3
3269 173.3
3270 173.35
3271 173.4
3272 173.4
3273 173.4
3274 173.45
3275 173.45
3276 173.5
3277 173.55
3278 173.65
3279 173.65
3280 173.65
3281 173.65
3282 173.65
3283 173.65
3284 173.65
3285 173.65
3286 173.65
3287 173.7
3288 173.7
3289 173.7
3290 173.7
3291 173.7
3292 173.7
3293 173.7
3294 173.9
3295 173.9
3296 173.9
3297 173.9
3298 173.9
3299 173.9
3300 173.9
3301 173.9
3302 173.9
3303 173.9
3304 173.9
3305 173.9
3306 173.9
3307 173.9
3308 173.9
3309 173.9
3310 173.9
3311 173.95
3312 173.95
3313 173.95
3314 173.95
3315 173.95
3316 174.1
3317 174.1
3318 174.15
3319 174.15
3320 174.15
3321 174.15
3322 174.15
3323 174.2
3324 174.2
3325 174.25
3326 174.25
3327 174.25
3328 174.25
3329 174.25
3330 174.3
3331 174.3
3332 174.3
3333 174.3
3334 174.3
3335 174.3
3336 174.3
3337 174.35
3338 174.35
3339 174.35
3340 174.35
3341 174.35
3342 174.4
3343 174.4
3344 174.4
3345 174.4
3346 174.4
3347 174.4
3348 174.4
3349 174.4
3350 174.4
3351 174.4
3352 174.4
3353 174.4
3354 174.4
3355 174.4
3356 174.4
3357 174.4
3358 174.4
3359 174.45
3360 174.5
3361 174.55
3362 174.55
3363 174.55
3364 174.6
3365 174.6
3366 174.6
3367 174.6
3368 174.6
3369 174.6
3370 174.6
3371 174.65
3372 174.7
3373 174.75
3374 174.75
3375 174.75
3376 174.8
3377 174.8
3378 174.8
3379 174.8
3380 174.8
3381 174.85
3382 174.85
3383 174.85
3384 174.85
3385 174.85
3386 174.9
3387 174.9
3388 175.0
3389 175.0
3390 175.0
3391 175.05
3392 175.05
3393 175.05
3394 175.05
3395 175.05
3396 175.05
3397 175.05
3398 175.1
3399 175.1
3400 175.15
3401 175.2
3402 175.2
3403 175.2
3404 175.2
3405 175.2
3406 175.2
3407 175.2
3408 175.3
3409 175.3
3410 175.3
3411 175.4
3412 175.4
3413 175.45
3414 175.45
3415 175.45
3416 175.55
3417 175.55
3418 175.6
3419 175.6
3420 175.6
3421 175.6
3422 175.6
3423 175.6
3424 175.65
3425 175.65
3426 175.65
3427 175.7
3428 175.7
3429 175.75
3430 175.75
3431 175.75
3432 175.85
3433 175.85
3434 175.85
3435 175.85
3436 175.85
3437 175.9
3438 175.9
3439 175.9
3440 175.9
3441 175.9
3442 175.9
3443 175.9
3444 175.95
3445 175.95
3446 176.0
3447 176.0
3448 176.05
3449 176.1
3450 176.1
3451 176.15
3452 176.15
3453 176.15
3454 176.15
3455 176.15
3456 176.15
3457 176.15
3458 176.15
3459 176.15
3460 176.15
3461 176.15
3462 176.15
3463 176.15
3464 176.15
3465 176.2
3466 176.2
3467 176.2
3468 176.2
3469 176.2
3470 176.2
3471 176.2
3472 176.2
3473 176.2
3474 176.25
3475 176.3
3476 176.3
3477 176.3
3478 176.3
3479 176.4
3480 176.4
3481 176.4
3482 176.4
3483 176.4
3484 176.4
3485 176.4
3486 176.4
3487 176.4
3488 176.45
3489 176.45
3490 176.45
3491 176.45
3492 176.45
3493 176.45
3494 176.45
3495 176.5
3496 176.5
3497 176.5
3498 176.55
3499 176.6
3500 176.6
3501 176.6
3502 176.65
3503 176.65
3504 176.7
3505 176.7
3506 176.7
3507 176.7
3508 176.7
3509 176.75
3510 176.75
3511 176.75
3512 176.75
3513 176.8
3514 176.8
3515 176.8
3516 176.85
3517 176.85
3518 176.85
3519 176.85
3520 176.9
3521 176.9
3522 177.0
3523 177.05
3524 177.05
3525 177.1
3526 177.15
3527 177.15
3528 177.15
3529 177.2
3530 177.2
3531 177.4
3532 177.4
3533 177.4
3534 177.4
3535 177.5
3536 177.55
3537 177.55
3538 177.55
3539 177.55
3540 177.55
3541 177.55
3542 177.55
3543 177.55
3544 177.55
3545 177.55
3546 177.55
3547 177.55
3548 177.55
3549 177.55
3550 177.55
3551 177.6
3552 177.6
3553 177.6
3554 177.6
3555 177.6
3556 177.6
3557 177.6
3558 177.6
3559 177.75
3560 177.75
3561 177.75
3562 177.8
3563 177.8
3564 177.8
3565 177.85
3566 177.85
3567 177.9
3568 177.9
3569 177.9
3570 177.95
3571 177.95
3572 178.0
3573 178.05
3574 178.05
3575 178.05
3576 178.05
3577 178.05
3578 178.05
3579 178.05
3580 178.05
3581 178.05
3582 178.05
3583 178.05
3584 178.05
3585 178.05
3586 178.05
3587 178.2
3588 178.2
3589 178.25
3590 178.25
3591 178.25
3592 178.25
3593 178.25
3594 178.25
3595 178.25
3596 178.25
3597 178.25
3598 178.25
3599 178.25
3600 178.25
3601 178.25
3602 178.25
3603 178.3
3604 178.3
3605 178.35
3606 178.35
3607 178.35
3608 178.4
3609 178.4
3610 178.4
3611 178.4
3612 178.4
3613 178.4
3614 178.4
3615 178.5
3616 178.5
3617 178.5
3618 178.5
3619 178.5
3620 178.5
3621 178.55
3622 178.55
3623 178.55
3624 178.55
3625 178.6
3626 178.6
3627 178.6
3628 178.6
3629 178.6
3630 178.6
3631 178.6
3632 178.65
3633 178.7
3634 178.7
3635 178.7
3636 178.7
3637 178.7
3638 178.7
3639 178.7
3640 178.7
3641 178.7
3642 178.7
3643 178.75
3644 178.75
3645 178.85
3646 178.9
3647 178.95
3648 179.05
3649 179.05
3650 179.05
3651 179.05
3652 179.1
3653 179.1
3654 179.1
3655 179.1
3656 179.15
3657 179.15
3658 179.15
3659 179.15
3660 179.15
3661 179.15
3662 179.15
3663 179.15
3664 179.15
3665 179.2
3666 179.2
3667 179.2
3668 179.2
3669 179.2
3670 179.2
3671 179.2
3672 179.3
3673 179.3
3674 179.3
3675 179.3
3676 179.3
3677 179.3
3678 179.35
3679 179.35
3680 179.45
3681 179.45
3682 179.45
3683 179.5
3684 179.6
3685 179.6
3686 179.6
3687 179.6
3688 179.6
3689 179.65
3690 179.65
3691 179.65
3692 179.7
3693 179.7
3694 179.7
3695 179.75
3696 179.75
3697 179.75
3698 179.75
3699 179.75
3700 179.75
3701 179.75
3702 179.75
3703 179.75
3704 179.8
3705 179.85
3706 179.85
3707 179.85
3708 179.85
3709 179.9
3710 179.9
3711 179.9
3712 179.9
3713 179.95
3714 179.95
3715 179.95
3716 179.95
3717 179.95
3718 180.0
3719 180.0
3720 180.0
3721 180.0
3722 180.05
3723 180.05
3724 180.05
3725 180.05
3726 180.1
3727 180.1
3728 180.1
3729 180.2
3730 180.2
3731 180.2
3732 180.2
3733 180.25
3734 180.25
3735 180.25
3736 180.25
3737 180.25
3738 180.25
3739 180.25
3740 180.25
3741 180.25
3742 180.25
3743 180.35
3744 180.4
3745 180.4
3746 180.4
3747 180.4
3748 180.45
3749 180.45
3750 180.5
3751 180.55
3752 180.55
3753 180.55
3754 180.55
3755 180.55
3756 180.55
3757 180.6
3758 180.6
3759 180.65
3760 180.65
3761 180.7
3762 180.8
3763 180.8
3764 180.85
3765 180.85
3766 180.9
3767 180.9
3768 180.95
3769 180.95
3770 180.95
3771 180.95
3772 180.95
3773 180.95
3774 180.95
3775 180.95
3776 180.95
3777 180.95
3778 181.0
3779 181.0
3780 181.05
3781 181.05
3782 181.05
3783 181.05
3784 181.05
3785 181.05
3786 181.05
3787 181.05
3788 181.1
3789 181.1
3790 181.1
3791 181.1
3792 181.1
3793 181.1
3794 181.1
3795 181.1
3796 181.1
3797 181.15
3798 181.15
3799 181.15
3800 181.2
3801 181.2
3802 181.2
3803 181.2
3804 181.2
3805 181.2
3806 181.25
3807 181.25
3808 181.3
3809 181.3
3810 181.3
3811 181.3
3812 181.3
3813 181.35
3814 181.35
3815 181.4
3816 181.4
3817 181.45
3818 181.45
3819 181.45
3820 181.45
3821 181.45
3822 181.45
3823 181.45
3824 181.45
3825 181.45
3826 181.45
3827 181.45
3828 181.45
3829 181.45
3830 181.45
3831 181.5
3832 181.5
3833 181.5
3834 181.5
3835 181.5
3836 181.55
3837 181.55
3838 181.65
3839 181.65
3840 181.65
3841 181.65
3842 181.7
3843 181.75
3844 181.75
3845 181.75
3846 181.75
3847 181.75
3848 181.75
3849 181.75
3850 181.8
3851 181.8
3852 181.8
3853 181.8
3854 181.8
3855 181.8
3856 181.8
3857 181.8
3858 181.8
3859 181.8
3860 181.8
3861 181.8
3862 181.8
3863 181.8
3864 181.8
3865 181.8
3866 181.85
3867 181.85
3868 181.85
3869 181.85
3870 181.85
3871 181.85
3872 181.85
3873 181.85
3874 181.85
3875 181.9
3876 181.9
3877 181.9
3878 181.9
3879 181.9
3880 181.9
3881 181.9
3882 181.9
3883 181.9
3884 181.9
3885 181.9
3886 181.95
3887 181.95
3888 181.95
3889 181.95
3890 181.95
3891 182.0
3892 182.0
3893 182.05
3894 182.05
3895 182.05
3896 182.1
3897 182.1
3898 182.1
3899 182.15
3900 182.15
3901 182.2
3902 182.25
3903 182.3
3904 182.3
3905 182.3
3906 182.3
3907 182.3
3908 182.3
3909 182.35
3910 182.35
3911 182.35
3912 182.4
3913 182.45
3914 182.45
3915 182.5
3916 182.5
3917 182.5
3918 182.5
3919 182.55
3920 182.55
3921 182.55
3922 182.55
3923 182.6
3924 182.6
3925 182.6
3926 182.65
3927 182.7
3928 182.75
3929 182.75
3930 182.75
3931 182.8
3932 182.85
3933 182.85
3934 182.85
3935 182.9
3936 182.95
3937 182.95
3938 182.95
3939 183.0
3940 183.0
3941 183.0
3942 183.0
3943 183.05
3944 183.05
3945 183.1
3946 183.1
3947 183.1
3948 183.1
3949 183.1
3950 183.1
3951 183.1
3952 183.1
3953 183.1
3954 183.1
3955 183.1
3956 183.1
3957 183.15
3958 183.15
3959 183.2
3960 183.2
3961 183.2
3962 183.2
3963 183.2
3964 183.2
3965 183.2
3966 183.2
3967 183.2
3968 183.25
3969 183.25
3970 183.25
3971 183.25
3972 183.35
3973 183.35
3974 183.35
3975 183.35
3976 183.35
3977 183.35
3978 183.4
3979 183.4
3980 183.4
3981 183.45
3982 183.45
3983 183.45
3984 183.45
3985 183.45
3986 183.45
3987 183.5
3988 183.5
3989 183.5
3990 183.5
3991 183.5
3992 183.6
3993 183.6
3994 183.65
3995 183.65
3996 183.7
3997 183.7
3998 183.75
3999 183.75
4000 183.8
4001 183.8
4002 183.8
4003 183.8
4004 183.85
4005 183.9
4006 183.9
4007 183.9
4008 183.95
4009 183.95
4010 184.0
4011 184.0
4012 184.0
4013 184.0
4014 184.0
4015 184.0
4016 184.0
4017 184.0
4018 184.05
4019 184.05
4020 184.1
4021 184.15
4022 184.15
4023 184.15
4024 184.15
4025 184.2
4026 184.25
4027 184.25
4028 184.25
4029 184.3
4030 184.3
4031 184.3
4032 184.3
4033 184.3
4034 184.3
4035 184.3
4036 184.3
4037 184.3
4038 184.3
4039 184.3
4040 184.3
4041 184.3
4042 184.3
4043 184.3
4044 184.3
4045 184.3
4046 184.35
4047 184.35
4048 184.35
4049 184.35
4050 184.35
4051 184.35
4052 184.35
4053 184.35
4054 184.4
4055 184.4
4056 184.4
4057 184.4
4058 184.4
4059 184.4
4060 184.45
4061 184.45
4062 184.45
4063 184.45
4064 184.5
4065 184.5
4066 184.5
4067 184.5
4068 184.5
4069 184.5
4070 184.5
4071 184.5
4072 184.5
4073 184.5
4074 184.5
4075 184.5
4076 184.55
4077 184.55
4078 184.55
4079 184.55
4080 184.55
4081 184.55
4082 184.55
4083 184.6
4084 184.6
4085 184.6
4086 184.6
4087 184.65
4088 184.65
4089 184.65
4090 184.7
4091 184.7
4092 184.75
4093 184.75
4094 184.75
4095 184.75
4096 184.75
4097 184.75
4098 184.75
4099 184.8
4100 184.8
4101 184.8
4102 184.8
4103 184.8
4104 184.85
4105 184.85
4106 184.85
4107 184.85
4108 184.85
4109 184.85
4110 184.85
4111 184.85
4112 184.85
4113 184.85
4114 184.85
4115 184.9
4116 184.9
4117 184.9
4118 184.9
4119 184.9
4120 184.9
4121 184.9
4122 184.9
4123 184.9
4124 184.9
4125 184.9
4126 184.9
4127 184.9
4128 184.9
4129 184.9
4130 184.95
4131 184.95
4132 184.95
4133 184.95
4134 185.0
4135 185.0
4136 185.0
4137 185.0
4138 185.0
4139 185.0
4140 185.05
4141 185.05
4142 185.05
4143 185.05
4144 185.1
4145 185.1
4146 185.1
4147 185.1
4148 185.15
4149 185.25
4150 185.25
4151 185.25
4152 185.25
4153 185.25
4154 185.25
4155 185.25
4156 185.25
4157 185.3
4158 185.3
4159 185.3
4160 185.3
4161 185.3
4162 185.3
4163 185.3
4164 185.3
4165 185.3
4166 185.35
4167 185.35
4168 185.35
4169 185.35
4170 185.35
4171 185.35
4172 185.4
4173 185.4
4174 185.4
4175 185.4
4176 185.4
4177 185.4
4178 185.45
4179 185.45
4180 185.45
4181 185.45
4182 185.45
4183 185.45
4184 185.45
4185 185.45
4186 185.45
4187 185.5
4188 185.5
4189 185.6
4190 185.65
4191 185.7
4192 185.7
4193 185.7
4194 185.7
4195 185.7
4196 185.7
4197 185.7
4198 185.7
4199 185.7
4200 185.7
4201 185.7
4202 185.7
4203 185.75
4204 185.75
4205 185.8
4206 185.8
4207 185.8
4208 185.8
4209 185.8
4210 185.8
4211 185.8
4212 185.8
4213 185.8
4214 185.8
4215 185.9
4216 185.9
4217 185.9
4218 185.9
4219 185.9
4220 185.9
4221 185.95
4222 185.95
4223 186.0
4224 186.0
4225 186.0
4226 186.0
4227 186.0
4228 186.0
4229 186.0
4230 186.05
4231 186.1
4232 186.15
4233 186.15
4234 186.15
4235 186.15
4236 186.2
4237 186.2
4238 186.2
4239 186.2
4240 186.2
4241 186.2
4242 186.25
4243 186.3
4244 186.3
4245 186.3
4246 186.3
4247 186.3
4248 186.3
4249 186.35
4250 186.35
4251 186.4
4252 186.4
4253 186.4
4254 186.45
4255 186.45
4256 186.45
4257 186.45
4258 186.45
4259 186.45
4260 186.45
4261 186.45
4262 186.45
4263 186.45
4264 186.45
4265 186.45
4266 186.45
4267 186.45
4268 186.55
4269 186.55
4270 186.55
4271 186.6
4272 186.6
4273 186.6
4274 186.7
4275 186.7
4276 186.7
4277 186.8
4278 186.9
4279 186.95
4280 187.0
4281 187.05
4282 187.05
4283 187.1
4284 187.1
4285 187.15
4286 187.15
4287 187.15
4288 187.2
4289 187.2
4290 187.2
4291 187.2
4292 187.2
4293 187.2
4294 187.2
4295 187.2
4296 187.25
4297 187.25
4298 187.25
4299 187.3
4300 187.35
4301 187.4
4302 187.4
4303 187.4
4304 187.4
4305 187.4
4306 187.4
4307 187.4
4308 187.4
4309 187.4
4310 187.4
4311 187.4
4312 187.4
4313 187.4
4314 187.4
4315 187.4
4316 187.4
4317 187.4
4318 187.4
4319 187.4
4320 187.4
4321 187.4
4322 187.4
4323 187.4
4324 187.4
4325 187.4
4326 187.45
4327 187.45
4328 187.45
4329 187.5
4330 187.5
4331 187.5
4332 187.5
4333 187.5
4334 187.5
4335 187.5
4336 187.5
4337 187.5
4338 187.5
4339 187.5
4340 187.5
4341 187.5
4342 187.5
4343 187.5
4344 187.5
4345 187.5
4346 187.5
4347 187.5
4348 187.55
4349 187.55
4350 187.55
4351 187.55
4352 187.55
4353 187.55
4354 187.6
4355 187.6
4356 187.6
4357 187.6
4358 187.6
4359 187.6
4360 187.75
4361 187.75
4362 187.75
4363 187.75
4364 187.75
4365 187.75
4366 187.75
4367 187.75
4368 187.75
4369 187.75
4370 187.75
4371 187.75
4372 187.75
4373 187.8
4374 187.85
4375 187.85
4376 187.85
4377 187.85
4378 187.85
4379 187.85
4380 187.85
4381 187.85
4382 187.85
4383 187.85
4384 187.95
4385 187.95
4386 188.05
4387 188.05
4388 188.05
4389 188.05
4390 188.05
4391 188.05
4392 188.1
4393 188.1
4394 188.1
4395 188.1
4396 188.1
4397 188.1
4398 188.15
4399 188.15
4400 188.15
4401 188.15
4402 188.15
4403 188.2
4404 188.25
4405 188.25
4406 188.25
4407 188.25
4408 188.25
4409 188.25
4410 188.25
4411 188.3
4412 188.3
4413 188.3
4414 188.35
4415 188.35
4416 188.35
4417 188.35
4418 188.35
4419 188.35
4420 188.35
4421 188.35
4422 188.4
4423 188.4
4424 188.4
4425 188.45
4426 188.45
4427 188.5
4428 188.5
4429 188.5
4430 188.5
4431 188.55
4432 188.55
4433 188.55
4434 188.55
4435 188.6
4436 188.6
4437 188.6
4438 188.6
4439 188.6
4440 188.6
4441 188.65
4442 188.65
4443 188.65
4444 188.65
4445 188.65
4446 188.65
4447 188.7
4448 188.7
4449 188.7
4450 188.7
4451 188.7
4452 188.7
4453 188.7
4454 188.7
4455 188.75
4456 188.75
4457 188.75
4458 188.75
4459 188.75
4460 188.8
4461 188.85
4462 188.85
4463 188.85
4464 188.85
4465 188.85
4466 188.9
4467 188.95
4468 188.95
4469 188.95
4470 188.95
4471 188.95
4472 189.0
4473 189.0
4474 189.0
4475 189.0
4476 189.0
4477 189.0
4478 189.05
4479 189.05
4480 189.05
4481 189.05
4482 189.05
4483 189.05
4484 189.05
4485 189.05
4486 189.05
4487 189.05
4488 189.05
4489 189.05
4490 189.05
4491 189.05
4492 189.05
4493 189.05
4494 189.05
4495 189.1
4496 189.1
4497 189.1
4498 189.1
4499 189.1
4500 189.1
4501 189.1
4502 189.1
4503 189.1
4504 189.1
4505 189.15
4506 189.15
4507 189.15
4508 189.2
4509 189.2
4510 189.25
4511 189.25
4512 189.25
4513 189.25
4514 189.25
4515 189.25
4516 189.25
4517 189.25
4518 189.25
4519 189.25
4520 189.25
4521 189.25
4522 189.25
4523 189.25
4524 189.25
4525 189.3
4526 189.3
4527 189.3
4528 189.3
4529 189.3
4530 189.3
4531 189.35
4532 189.4
4533 189.4
4534 189.4
4535 189.4
4536 189.4
4537 189.4
4538 189.4
4539 189.4
4540 189.4
4541 189.4
4542 189.4
4543 189.4
4544 189.45
4545 189.45
4546 189.55
4547 189.55
4548 189.55
4549 189.6
4550 189.6
4551 189.6
4552 189.6
4553 189.65
4554 189.65
4555 189.65
4556 189.65
4557 189.65
4558 189.65
4559 189.65
4560 189.65
4561 189.65
4562 189.65
4563 189.65
4564 189.7
4565 189.7
4566 189.7
4567 189.7
4568 189.7
4569 189.7
4570 189.7
4571 189.7
4572 189.7
4573 189.7
4574 189.7
4575 189.7
4576 189.75
4577 189.75
4578 189.8
4579 189.8
4580 189.85
4581 189.85
4582 189.9
4583 189.95
4584 189.95
4585 190.0
4586 190.05
4587 190.05
4588 190.05
4589 190.05
4590 190.05
4591 190.05
4592 190.05
4593 190.05
4594 190.05
4595 190.05
4596 190.05
4597 190.05
4598 190.05
4599 190.05
4600 190.05
4601 190.05
4602 190.05
4603 190.05
4604 190.1
4605 190.1
4606 190.1
4607 190.1
4608 190.1
4609 190.1
4610 190.1
4611 190.1
4612 190.1
4613 190.1
4614 190.15
4615 190.15
4616 190.15
4617 190.15
4618 190.15
4619 190.15
4620 190.15
4621 190.15
4622 190.15
4623 190.15
4624 190.15
4625 190.15
4626 190.15
4627 190.15
4628 190.15
4629 190.15
4630 190.2
4631 190.2
4632 190.2
4633 190.2
4634 190.2
4635 190.2
4636 190.2
4637 190.25
4638 190.25
4639 190.25
4640 190.25
4641 190.25
4642 190.3
4643 190.3
4644 190.3
4645 190.3
4646 190.3
4647 190.3
4648 190.35
4649 190.35
4650 190.4
4651 190.4
4652 190.4
4653 190.4
4654 190.4
4655 190.5
4656 190.55
4657 190.55
4658 190.55
4659 190.55
4660 190.55
4661 190.55
4662 190.65
4663 190.65
4664 190.65
4665 190.65
4666 190.65
4667 190.65
4668 190.65
4669 190.65
4670 190.65
4671 190.65
4672 190.7
4673 190.7
4674 190.7
4675 190.7
4676 190.7
4677 190.7
4678 190.7
4679 190.7
4680 190.7
4681 190.7
4682 190.75
4683 190.75
4684 190.75
4685 190.75
4686 190.75
4687 190.75
4688 190.75
4689 190.75
4690 190.75
4691 190.75
4692 190.75
4693 190.75
4694 190.75
4695 190.75
4696 190.75
4697 190.75
4698 190.75
4699 190.75
4700 190.75
4701 190.75
4702 190.75
4703 190.8
4704 190.8
4705 190.8
4706 190.8
4707 190.8
4708 190.8
4709 190.8
4710 190.8
4711 190.85
4712 190.85
4713 190.9
4714 190.9
4715 190.9
4716 190.9
4717 190.9
4718 190.95
4719 190.95
4720 190.95
4721 190.95
4722 190.95
4723 191.0
4724 191.0
4725 191.0
4726 191.0
4727 191.0
4728 191.0
4729 191.0
4730 191.0
4731 191.0
4732 191.0
4733 191.0
4734 191.0
4735 191.0
4736 191.0
4737 191.0
4738 191.0
4739 191.0
4740 191.05
4741 191.05
4742 191.1
4743 191.1
4744 191.1
4745 191.1
4746 191.1
4747 191.1
4748 191.1
4749 191.1
4750 191.1
4751 191.1
4752 191.1
4753 191.1
4754 191.15
4755 191.15
4756 191.2
4757 191.2
4758 191.2
4759 191.2
4760 191.2
4761 191.2
4762 191.25
4763 191.25
4764 191.25
4765 191.25
4766 191.3
4767 191.3
4768 191.3
4769 191.3
4770 191.35
4771 191.4
4772 191.4
4773 191.4
4774 191.4
4775 191.4
4776 191.4
4777 191.4
4778 191.4
4779 191.4
4780 191.4
4781 191.45
4782 191.45
4783 191.45
4784 191.45
4785 191.45
4786 191.45
4787 191.45
4788 191.45
4789 191.45
4790 191.45
4791 191.45
4792 191.45
4793 191.5
4794 191.5
4795 191.55
4796 191.55
4797 191.6
4798 191.6
4799 191.6
4800 191.6
4801 191.6
4802 191.6
4803 191.6
4804 191.6
4805 191.6
4806 191.6
4807 191.6
4808 191.6
4809 191.6
4810 191.6
4811 191.6
4812 191.6
4813 191.6
4814 191.65
4815 191.65
4816 191.65
4817 191.65
4818 191.7
4819 191.7
4820 191.7
4821 191.75
4822 191.75
4823 191.75
4824 191.75
4825 191.8
4826 191.8
4827 191.8
4828 191.8
4829 191.8
4830 191.8
4831 191.8
4832 191.8
4833 191.85
4834 191.85
4835 191.85
4836 191.85
4837 191.85
4838 191.9
4839 191.9
4840 191.9
4841 191.9
4842 191.9
4843 191.9
4844 191.95
4845 191.95
4846 191.95
4847 191.95
4848 191.95
4849 191.95
4850 191.95
4851 191.95
4852 192.0
4853 192.0
4854 192.0
4855 192.0
4856 192.05
4857 192.05
4858 192.05
4859 192.1
4860 192.1
4861 192.1
4862 192.15
4863 192.15
4864 192.15
4865 192.15
4866 192.15
4867 192.15
4868 192.15
4869 192.2
4870 192.2
4871 192.25
4872 192.25
4873 192.25
4874 192.25
4875 192.25
4876 192.25
4877 192.25
4878 192.25
4879 192.25
4880 192.25
4881 192.25
4882 192.3
4883 192.3
4884 192.35
4885 192.35
4886 192.35
4887 192.35
4888 192.35
4889 192.35
4890 192.35
4891 192.35
4892 192.35
4893 192.35
4894 192.35
4895 192.35
4896 192.35
4897 192.35
4898 192.4
4899 192.4
4900 192.4
4901 192.4
4902 192.4
4903 192.4
4904 192.4
4905 192.4
4906 192.4
4907 192.45
4908 192.45
4909 192.45
4910 192.45
4911 192.45
4912 192.45
4913 192.45
4914 192.45
4915 192.45
4916 192.45
4917 192.45
4918 192.45
4919 192.45
4920 192.45
4921 192.45
4922 192.5
4923 192.5
4924 192.5
4925 192.55
4926 192.55
4927 192.55
4928 192.55
4929 192.55
4930 192.55
4931 192.6
4932 192.6
4933 192.6
4934 192.6
4935 192.6
4936 192.6
4937 192.6
4938 192.65
4939 192.65
4940 192.65
4941 192.65
4942 192.65
4943 192.65
4944 192.65
4945 192.65
4946 192.65
4947 192.65
4948 192.65
4949 192.65
4950 192.65
4951 192.65
4952 192.65
4953 192.65
4954 192.65
4955 192.65
4956 192.65
4957 192.65
4958 192.65
4959 192.65
4960 192.65
4961 192.65
4962 192.65
4963 192.65
4964 192.65
4965 192.65
4966 192.65
4967 192.65
4968 192.65
4969 192.65
4970 192.65
4971 192.65
4972 192.65
4973 192.7
4974 192.7
4975 192.7
4976 192.7
4977 192.7
4978 192.75
4979 192.75
4980 192.75
4981 192.75
4982 192.75
4983 192.75
4984 192.75
4985 192.8
4986 192.8
4987 192.8
4988 192.8
4989 192.8
4990 192.8
4991 192.8
4992 192.8
4993 192.8
4994 192.85
4995 192.9
4996 192.95
4997 192.95
4998 193.0
4999 193.0
5000 193.0
5001 193.0
5002 193.0
5003 193.0
5004 193.0
5005 193.0
5006 193.0
5007 193.0
5008 193.0
5009 193.0
5010 193.0
5011 193.05
5012 193.05
5013 193.05
5014 193.05
5015 193.05
5016 193.05
5017 193.05
5018 193.1
5019 193.1
5020 193.15
5021 193.15
5022 193.15
5023 193.15
5024 193.15
5025 193.2
5026 193.2
5027 193.2
5028 193.2
5029 193.2
5030 193.25
5031 193.25
5032 193.25
5033 193.25
5034 193.25
5035 193.3
5036 193.3
5037 193.3
5038 193.3
5039 193.3
5040 193.3
5041 193.3
5042 193.3
5043 193.3
5044 193.3
5045 193.3
5046 193.3
5047 193.35
5048 193.35
5049 193.35
5050 193.35
5051 193.35
5052 193.35
5053 193.35
5054 193.35
5055 193.35
5056 193.35
5057 193.35
5058 193.35
5059 193.4
5060 193.4
5061 193.4
5062 193.4
5063 193.4
5064 193.4
5065 193.4
5066 193.4
5067 193.4
5068 193.4
5069 193.4
5070 193.4
5071 193.4
5072 193.4
5073 193.4
5074 193.4
5075 193.4
5076 193.4
5077 193.4
5078 193.4
5079 193.4
5080 193.4
5081 193.45
5082 193.45
5083 193.45
5084 193.45
5085 193.5
5086 193.5
5087 193.5
5088 193.5
5089 193.5
5090 193.5
5091 193.5
5092 193.5
5093 193.5
5094 193.5
5095 193.5
5096 193.5
5097 193.5
5098 193.5
5099 193.5
5100 193.5
5101 193.5
5102 193.5
5103 193.5
5104 193.55
5105 193.55
5106 193.55
5107 193.6
5108 193.65
5109 193.65
5110 193.65
5111 193.65
5112 193.65
5113 193.65
5114 193.65
5115 193.65
5116 193.65
5117 193.7
5118 193.7
5119 193.7
5120 193.7
5121 193.7
5122 193.7
5123 193.7
5124 193.75
5125 193.75
5126 193.8
5127 193.8
5128 193.8
5129 193.8
5130 193.8
5131 193.8
5132 193.8
5133 193.8
5134 193.8
5135 193.9
5136 193.9
5137 193.9
5138 193.9
5139 193.9
5140 193.9
5141 193.9
5142 193.95
5143 193.95
5144 193.95
5145 193.95
5146 194.0
5147 194.05
5148 194.05
5149 194.05
5150 194.1
5151 194.1
5152 194.1
5153 194.2
5154 194.2
5155 194.2
5156 194.2
5157 194.2
5158 194.2
5159 194.2
5160 194.2
5161 194.2
5162 194.2
5163 194.2
5164 194.2
5165 194.25
5166 194.25
5167 194.25
5168 194.25
5169 194.25
5170 194.25
5171 194.25
5172 194.25
5173 194.25
5174 194.25
5175 194.25
5176 194.3
5177 194.3
5178 194.3
5179 194.3
5180 194.3
5181 194.3
5182 194.3
5183 194.3
5184 194.3
5185 194.3
5186 194.3
5187 194.3
5188 194.35
5189 194.35
5190 194.35
5191 194.35
5192 194.35
5193 194.35
5194 194.35
5195 194.4
5196 194.4
5197 194.4
5198 194.45
5199 194.45
5200 194.45
5201 194.45
5202 194.45
5203 194.45
5204 194.45
5205 194.45
5206 194.45
5207 194.45
5208 194.5
5209 194.5
5210 194.5
5211 194.5
5212 194.5
5213 194.5
5214 194.5
5215 194.5
5216 194.5
5217 194.5
5218 194.5
5219 194.55
5220 194.55
5221 194.55
5222 194.55
5223 194.55
5224 194.55
5225 194.55
5226 194.55
5227 194.55
5228 194.55
5229 194.6
5230 194.6
5231 194.6
5232 194.6
5233 194.6
5234 194.6
5235 194.6
5236 194.6
5237 194.6
5238 194.6
5239 194.6
5240 194.6
5241 194.6
5242 194.6
5243 194.6
5244 194.6
5245 194.6
5246 194.6
5247 194.6
5248 194.6
5249 194.6
5250 194.6
5251 194.6
5252 194.6
5253 194.6
5254 194.6
5255 194.6
5256 194.6
5257 194.6
5258 194.6
5259 194.65
5260 194.65
5261 194.65
5262 194.65
5263 194.65
5264 194.65
5265 194.65
5266 194.65
5267 194.65
5268 194.65
5269 194.65
5270 194.65
5271 194.65
5272 194.7
5273 194.7
5274 194.7
5275 194.7
5276 194.7
5277 194.7
5278 194.7
5279 194.7
5280 194.7
5281 194.7
5282 194.7
5283 194.7
5284 194.7
5285 194.7
5286 194.7
5287 194.7
5288 194.7
5289 194.7
5290 194.7
5291 194.7
5292 194.7
5293 194.7
5294 194.7
5295 194.7
5296 194.7
5297 194.7
5298 194.7
5299 194.75
5300 194.75
5301 194.75
5302 194.75
5303 194.75
5304 194.75
5305 194.75
5306 194.75
5307 194.75
5308 194.75
5309 194.8
5310 194.8
5311 194.8
5312 194.8
5313 194.8
5314 194.8
5315 194.8
5316 194.8
5317 194.8
5318 194.8
5319 194.8
5320 194.8
5321 194.8
5322 194.8
5323 194.9
5324 194.9
5325 194.95
5326 195.0
5327 195.0
5328 195.0
5329 195.0
5330 195.0
5331 195.0
5332 195.0
5333 195.0
5334 195.0
5335 195.0
5336 195.0
5337 195.0
5338 195.0
5339 195.0
5340 195.0
5341 195.1
5342 195.1
5343 195.1
5344 195.1
5345 195.1
5346 195.1
5347 195.1
5348 195.1
5349 195.1
5350 195.1
5351 195.1
5352 195.1
5353 195.1
5354 195.1
5355 195.1
5356 195.1
5357 195.15
5358 195.15
5359 195.15
5360 195.15
5361 195.2
5362 195.2
5363 195.2
5364 195.25
5365 195.25
5366 195.25
5367 195.25
5368 195.25
5369 195.25
5370 195.25
5371 195.25
5372 195.25
5373 195.25
5374 195.25
5375 195.25
5376 195.25
5377 195.25
5378 195.3
5379 195.3
5380 195.3
5381 195.3
5382 195.3
5383 195.3
5384 195.35
5385 195.35
5386 195.35
5387 195.35
5388 195.4
5389 195.4
5390 195.4
5391 195.4
5392 195.4
5393 195.4
5394 195.4
5395 195.4
5396 195.4
5397 195.4
5398 195.45
5399 195.45
5400 195.45
5401 195.45
5402 195.45
5403 195.45
5404 195.45
5405 195.45
5406 195.45
5407 195.45
5408 195.45
5409 195.45
5410 195.45
5411 195.45
5412 195.45
5413 195.45
5414 195.45
5415 195.45
5416 195.45
5417 195.45
5418 195.45
5419 195.45
5420 195.45
5421 195.45
5422 195.45
5423 195.45
5424 195.45
5425 195.45
5426 195.45
5427 195.45
5428 195.45
5429 195.45
5430 195.55
5431 195.55
5432 195.6
5433 195.6
5434 195.6
5435 195.6
5436 195.65
5437 195.65
5438 195.65
5439 195.65
5440 195.65
5441 195.65
5442 195.65
5443 195.7
5444 195.7
5445 195.7
5446 195.8
5447 195.8
5448 195.8
5449 195.8
5450 195.8
5451 195.8
5452 195.8
5453 195.85
5454 195.85
5455 195.85
5456 195.85
5457 195.85
5458 195.85
5459 195.85
5460 195.85
5461 195.85
5462 195.85
5463 195.9
5464 195.9
5465 195.9
5466 195.9
5467 195.95
5468 195.95
5469 195.95
5470 195.95
5471 195.95
5472 195.95
5473 195.95
5474 195.95
5475 196.0
5476 196.0
5477 196.0
5478 196.05
5479 196.05
5480 196.05
5481 196.05
5482 196.05
5483 196.05
5484 196.05
5485 196.05
5486 196.15
5487 196.15
5488 196.15
5489 196.15
5490 196.2
5491 196.2
5492 196.2
5493 196.2
5494 196.2
5495 196.2
5496 196.2
5497 196.25
5498 196.25
5499 196.25
5500 196.25
5501 196.25
5502 196.25
5503 196.25
5504 196.25
5505 196.25
5506 196.25
5507 196.25
5508 196.25
5509 196.25
5510 196.25
5511 196.3
5512 196.35
5513 196.35
5514 196.4
5515 196.4
5516 196.4
5517 196.4
5518 196.4
5519 196.4
5520 196.4
5521 196.4
5522 196.4
5523 196.4
5524 196.4
5525 196.4
5526 196.4
5527 196.45
5528 196.45
5529 196.45
5530 196.45
5531 196.45
5532 196.45
5533 196.45
5534 196.45
5535 196.45
5536 196.45
5537 196.45
5538 196.45
5539 196.45
5540 196.5
5541 196.5
5542 196.5
5543 196.5
5544 196.5
5545 196.5
5546 196.5
5547 196.5
5548 196.5
5549 196.5
5550 196.5
5551 196.5
5552 196.5
5553 196.5
5554 196.5
5555 196.5
5556 196.5
5557 196.5
5558 196.5
5559 196.5
5560 196.5
5561 196.5
5562 196.5
5563 196.5
5564 196.5
5565 196.5
5566 196.5
5567 196.5
5568 196.5
5569 196.5
5570 196.5
5571 196.5
5572 196.5
5573 196.5
5574 196.5
5575 196.55
5576 196.55
5577 196.55
5578 196.55
5579 196.55
5580 196.55
5581 196.55
5582 196.55
5583 196.55
5584 196.55
5585 196.55
5586 196.55
5587 196.55
5588 196.55
5589 196.55
5590 196.55
5591 196.55
5592 196.55
5593 196.55
5594 196.6
5595 196.6
5596 196.6
5597 196.6
5598 196.6
5599 196.6
5600 196.6
5601 196.6
5602 196.6
5603 196.6
5604 196.6
5605 196.6
5606 196.6
5607 196.6
5608 196.6
5609 196.6
5610 196.6
5611 196.6
5612 196.6
5613 196.6
5614 196.6
5615 196.6
5616 196.6
5617 196.7
5618 196.7
5619 196.7
5620 196.75
5621 196.75
5622 196.75
5623 196.75
5624 196.75
5625 196.75
5626 196.75
5627 196.75
5628 196.75
5629 196.75
5630 196.75
5631 196.75
5632 196.75
5633 196.75
5634 196.75
5635 196.75
5636 196.75
5637 196.75
5638 196.75
5639 196.75
5640 196.75
5641 196.75
5642 196.75
5643 196.8
5644 196.8
5645 196.8
5646 196.8
5647 196.8
5648 196.8
5649 196.8
5650 196.8
5651 196.8
5652 196.8
5653 196.85
5654 196.85
5655 196.85
5656 196.85
5657 196.9
5658 196.9
5659 196.95
5660 196.95
5661 196.95
5662 196.95
5663 196.95
5664 196.95
5665 196.95
5666 197.0
5667 197.0
5668 197.05
5669 197.05
5670 197.05
5671 197.05
5672 197.05
5673 197.05
5674 197.05
5675 197.1
5676 197.1
5677 197.1
5678 197.1
5679 197.1
5680 197.1
5681 197.1
5682 197.1
5683 197.1
5684 197.1
5685 197.1
5686 197.1
5687 197.1
5688 197.1
5689 197.1
5690 197.1
5691 197.15
5692 197.15
5693 197.15
5694 197.15
5695 197.15
5696 197.15
5697 197.15
5698 197.15
5699 197.15
5700 197.15
5701 197.15
5702 197.15
5703 197.15
5704 197.15
5705 197.15
5706 197.15
5707 197.15
5708 197.15
5709 197.15
5710 197.15
5711 197.15
5712 197.15
5713 197.2
5714 197.2
5715 197.2
5716 197.2
5717 197.2
5718 197.2
5719 197.2
5720 197.2
5721 197.2
5722 197.2
5723 197.2
5724 197.2
5725 197.2
5726 197.2
5727 197.2
5728 197.2
5729 197.25
5730 197.25
5731 197.25
5732 197.25
5733 197.25
5734 197.3
5735 197.3
5736 197.3
5737 197.3
5738 197.3
5739 197.3
5740 197.35
5741 197.35
5742 197.35
5743 197.35
5744 197.35
5745 197.35
5746 197.35
5747 197.35
5748 197.35
5749 197.35
5750 197.35
5751 197.35
5752 197.35
5753 197.35
5754 197.35
5755 197.35
5756 197.35
5757 197.4
5758 197.4
5759 197.4
5760 197.4
5761 197.4
5762 197.4
5763 197.4
5764 197.4
5765 197.4
5766 197.4
5767 197.4
5768 197.4
5769 197.4
5770 197.4
5771 197.4
5772 197.4
5773 197.4
5774 197.4
5775 197.4
5776 197.4
5777 197.45
5778 197.45
5779 197.45
5780 197.45
5781 197.45
5782 197.45
5783 197.45
5784 197.45
5785 197.45
5786 197.45
5787 197.45
5788 197.45
5789 197.45
5790 197.45
5791 197.45
5792 197.5
5793 197.5
5794 197.55
5795 197.6
5796 197.6
5797 197.6
5798 197.6
5799 197.6
5800 197.6
5801 197.6
5802 197.6
5803 197.6
5804 197.6
5805 197.6
5806 197.6
5807 197.6
5808 197.6
5809 197.6
5810 197.6
5811 197.6
5812 197.6
5813 197.6
5814 197.6
5815 197.6
5816 197.6
5817 197.6
5818 197.6
5819 197.6
5820 197.6
5821 197.6
5822 197.6
5823 197.6
5824 197.6
5825 197.6
5826 197.6
5827 197.6
5828 197.65
5829 197.65
5830 197.65
5831 197.65
5832 197.65
5833 197.65
5834 197.65
5835 197.65
5836 197.7
5837 197.7
5838 197.7
5839 197.7
5840 197.7
5841 197.75
5842 197.75
5843 197.75
5844 197.75
5845 197.75
5846 197.75
5847 197.75
5848 197.75
5849 197.8
5850 197.8
5851 197.8
5852 197.8
5853 197.8
5854 197.8
5855 197.85
5856 197.85
5857 197.85
5858 197.85
5859 197.85
5860 197.85
5861 197.85
5862 197.85
5863 197.85
5864 197.85
5865 197.85
5866 197.85
5867 197.85
5868 197.85
5869 197.85
5870 197.85
5871 197.85
5872 197.85
5873 197.85
5874 197.85
5875 197.85
5876 197.9
5877 197.9
5878 197.9
5879 197.9
5880 197.9
5881 197.9
5882 197.9
5883 197.9
5884 197.9
5885 197.95
5886 197.95
5887 197.95
5888 197.95
5889 197.95
5890 197.95
5891 197.95
5892 197.95
5893 197.95
5894 197.95
5895 197.95
5896 197.95
5897 197.95
5898 197.95
5899 197.95
5900 197.95
5901 197.95
5902 198.0
5903 198.0
5904 198.0
5905 198.0
5906 198.0
5907 198.0
5908 198.0
5909 198.0
5910 198.0
5911 198.0
5912 198.0
5913 198.0
5914 198.0
5915 198.0
5916 198.05
5917 198.05
5918 198.05
5919 198.05
5920 198.05
5921 198.05
5922 198.05
5923 198.05
5924 198.05
5925 198.05
5926 198.05
5927 198.05
5928 198.05
5929 198.05
5930 198.05
5931 198.1
5932 198.1
5933 198.1
5934 198.1
5935 198.1
5936 198.1
5937 198.15
5938 198.15
5939 198.15
5940 198.15
5941 198.15
5942 198.15
5943 198.15
5944 198.15
5945 198.15
5946 198.15
5947 198.15
5948 198.15
5949 198.15
5950 198.15
5951 198.15
5952 198.15
5953 198.15
5954 198.15
5955 198.15
5956 198.15
5957 198.15
5958 198.15
5959 198.15
5960 198.2
5961 198.2
5962 198.2
5963 198.2
5964 198.2
5965 198.2
5966 198.2
5967 198.2
5968 198.2
5969 198.2
5970 198.2
5971 198.2
5972 198.2
5973 198.25
5974 198.25
5975 198.25
5976 198.25
5977 198.25
5978 198.25
5979 198.3
5980 198.3
5981 198.3
5982 198.3
5983 198.3
5984 198.3
5985 198.3
5986 198.3
5987 198.3
5988 198.3
5989 198.3
5990 198.3
5991 198.3
5992 198.3
5993 198.3
5994 198.3
5995 198.3
5996 198.3
5997 198.3
5998 198.3
5999 198.3
