#iterations fitness
0 0.0
1 0.55
2 0.7
3 0.85
4 0.9
5 0.9
6 1.05
7 1.05
8 1.05
9 1.15
10 1.3
11 1.35
12 1.5
13 1.65
14 1.75
15 1.9
16 2.0
17 2.0
18 2.05
19 2.05
20 2.1
21 2.15
22 2.15
23 2.15
24 2.15
25 2.2
26 2.2
27 2.3
28 2.4
29 2.4
30 2.4
31 2.5
32 2.55
33 2.6
34 2.6
35 2.7
36 2.75
37 2.75
38 2.8
39 2.85
40 2.85
41 2.85
42 2.85
43 2.95
44 3.0
45 3.1
46 3.2
47 3.2
48 3.3
49 3.3
50 3.35
51 3.45
52 3.5
53 3.55
54 3.55
55 3.55
56 3.55
57 3.55
58 3.6
59 3.6
60 3.6
61 3.6
62 3.75
63 3.75
64 3.8
65 3.8
66 3.8
67 3.8
68 3.8
69 3.95
70 3.95
71 3.95
72 4.2
73 4.25
74 4.25
75 4.25
76 4.3
77 4.4
78 4.45
79 4.55
80 4.8
81 4.8
82 4.9
83 5.05
84 5.35
85 5.35
86 5.55
87 5.55
88 5.55
89 5.7
90 5.8
91 5.85
92 6.0
93 6.0
94 6.0
95 6.0
96 6.0
97 6.0
98 6.0
99 6.0
100 6.0
101 6.0
102 6.1
103 6.1
104 6.1
105 6.1
106 6.15
107 6.15
108 6.15
109 6.15
110 6.15
111 6.2
112 6.2
113 6.3
114 6.3
115 6.3
116 6.35
117 6.35
118 6.45
119 6.5
120 6.7
121 6.7
122 6.75
123 6.75
124 6.75
125 7.0
126 7.0
127 7.05
128 7.05
129 7.05
130 7.05
131 7.1
132 7.1
133 7.1
134 7.1
135 7.1
136 7.15
137 7.3
138 7.45
139 7.55
140 7.55
141 7.6
142 7.65
143 7.7
144 7.7
145 7.7
146 7.7
147 7.7
148 7.8
149 7.8
150 7.8
151 7.8
152 7.85
153 7.9
154 7.9
155 7.9
156 7.95
157 8.0
158 8.0
159 8.0
160 8.05
161 8.05
162 8.05
163 8.15
164 8.2
165 8.3
166 8.45
167 8.55
168 8.65
169 8.65
170 8.7
171 8.7
172 8.7
173 8.75
174 8.75
175 8.75
176 8.8
177 8.8
178 8.85
179 8.85
180 8.85
181 8.85
182 8.9
183 9.05
184 9.05
185 9.1
186 9.15
187 9.15
188 9.15
189 9.2
190 9.3
191 9.3
192 9.3
193 9.35
194 9.35
195 9.55
196 9.6
197 9.6
198 9.6
199 9.65
200 9.65
201 9.65
202 9.65
203 9.65
204 9.65
205 9.75
206 9.75
207 9.75
208 9.8
209 9.8
210 9.8
211 9.85
212 9.95
213 10.0
214 10.0
215 10.0
216 10.0
217 10.05
218 10.3
219 10.35
220 10.4
221 10.4
222 10.45
223 10.55
224 10.65
225 10.65
226 10.65
227 10.7
228 10.95
229 10.95
230 11.0
231 11.0
232 11.05
233 11.05
234 11.1
235 11.2
236 11.2
237 11.25
238 11.25
239 11.3
240 11.3
241 11.3
242 11.3
243 11.3
244 11.45
245 11.45
246 11.55
247 11.6
248 11.7
249 11.85
250 11.85
251 11.95
252 11.95
253 12.05
254 12.05
255 12.15
256 12.15
257 12.2
258 12.3
259 12.35
260 12.35
261 12.35
262 12.35
263 12.35
264 12.45
265 12.45
266 12.45
267 12.5
268 12.5
269 12.5
270 12.5
271 12.5
272 12.55
273 12.6
274 12.6
275 12.75
276 12.95
277 12.95
278 13.15
279 13.25
280 13.35
281 13.35
282 13.4
283 13.5
284 13.7
285 13.8
286 13.8
287 13.85
288 13.9
289 13.9
290 13.9
291 13.9
292 13.95
293 13.95
294 13.95
295 14.1
296 14.1
297 14.1
298 14.1
299 14.1
300 14.1
301 14.2
302 14.2
303 14.2
304 14.2
305 14.2
306 14.2
307 14.2
308 14.2
309 14.3
310 14.45
311 14.45
312 14.55
313 14.55
314 14.55
315 14.55
316 14.55
317 14.55
318 14.65
319 14.65
320 14.75
321 14.75
322 14.75
323 14.75
324 14.75
325 14.8
326 14.85
327 15.0
328 15.05
329 15.05
330 15.05
331 15.1
332 15.1
333 15.15
334 15.15
335 15.15
336 15.15
337 15.25
338 15.25
339 15.35
340 15.35
341 15.5
342 15.5
343 15.5
344 15.55
345 15.7
346 15.75
347 15.75
348 15.85
349 15.85
350 15.85
351 15.85
352 15.85
353 15.95
354 15.95
355 15.95
356 15.95
357 15.95
358 16.0
359 16.0
360 16.0
361 16.1
362 16.1
363 16.1
364 16.1
365 16.1
366 16.15
367 16.15
368 16.2
369 16.2
370 16.25
371 16.3
372 16.3
373 16.3
374 16.3
375 16.4
376 16.4
377 16.4
378 16.5
379 16.5
380 16.5
381 16.7
382 16.7
383 16.85
384 16.85
385 16.85
386 16.85
387 16.85
388 16.85
389 16.85
390 16.9
391 16.95
392 17.0
393 17.0
394 17.0
395 17.0
396 17.0
397 17.15
398 17.15
399 17.15
400 17.3
401 17.3
402 17.45
403 17.45
404 17.45
405 17.45
406 17.45
407 17.45
408 17.45
409 17.55
410 17.65
411 17.7
412 17.75
413 17.85
414 17.85
415 17.9
416 17.9
417 17.95
418 18.05
419 18.05
420 18.05
421 18.05
422 18.05
423 18.05
424 18.1
425 18.15
426 18.2
427 18.2
428 18.2
429 18.2
430 18.2
431 18.2
432 18.2
433 18.25
434 18.35
435 18.35
436 18.35
437 18.35
438 18.4
439 18.45
440 18.45
441 18.45
442 18.5
443 18.55
444 18.55
445 18.6
446 18.6
447 18.6
448 18.65
449 18.75
450 18.8
451 18.85
452 18.9
453 18.9
454 18.9
455 18.9
456 18.95
457 18.95
458 18.95
459 18.95
460 19.1
461 19.15
462 19.25
463 19.3
464 19.3
465 19.4
466 19.5
467 19.5
468 19.5
469 19.5
470 19.5
471 19.5
472 19.5
473 19.55
474 19.65
475 19.65
476 19.65
477 19.65
478 19.75
479 19.8
480 19.9
481 19.9
482 19.9
483 19.9
484 20.05
485 20.05
486 20.15
487 20.2
488 20.2
489 20.35
490 20.35
491 20.45
492 20.45
493 20.45
494 20.5
495 20.5
496 20.5
497 20.5
498 20.5
499 20.55
500 20.55
501 20.6
502 20.6
503 20.65
504 20.65
505 20.7
506 20.7
507 20.8
508 20.85
509 20.9
510 20.95
511 21.0
512 21.05
513 21.05
514 21.2
515 21.25
516 21.3
517 21.3
518 21.3
519 21.45
520 21.45
521 21.55
522 21.6
523 21.6
524 21.6
525 21.65
526 21.7
527 21.75
528 21.8
529 22.0
530 22.1
531 22.1
532 22.1
533 22.1
534 22.2
535 22.25
536 22.25
537 22.25
538 22.3
539 22.3
540 22.3
541 22.35
542 22.35
543 22.45
544 22.45
545 22.45
546 22.45
547 22.55
548 22.55
549 22.6
550 22.6
551 22.6
552 22.6
553 22.6
554 22.6
555 22.65
556 22.75
557 22.75
558 22.75
559 23.0
560 23.05
561 23.2
562 23.2
563 23.4
564 23.4
565 23.4
566 23.55
567 23.6
568 23.7
569 23.7
570 23.7
571 23.7
572 23.7
573 23.7
574 23.7
575 23.7
576 23.7
577 23.75
578 24.0
579 24.0
580 24.05
581 24.1
582 24.1
583 24.15
584 24.35
585 24.4
586 24.4
587 24.4
588 24.4
589 24.4
590 24.4
591 24.4
592 24.4
593 24.4
594 24.4
595 24.55
596 24.55
597 24.55
598 24.65
599 24.75
600 25.0
601 25.3
602 25.4
603 25.4
604 25.4
605 25.4
606 25.5
607 25.55
608 25.65
609 25.65
610 25.65
611 25.8
612 25.85
613 25.9
614 26.15
615 26.15
616 26.15
617 26.15
618 26.15
619 26.15
620 26.15
621 26.25
622 26.25
623 26.25
624 26.3
625 26.3
626 26.3
627 26.3
628 26.3
629 26.3
630 26.35
631 26.35
632 26.55
633 26.55
634 26.65
635 26.65
636 26.65
637 26.65
638 26.65
639 26.7
640 26.7
641 26.9
642 26.95
643 27.0
644 27.0
645 27.0
646 27.0
647 27.05
648 27.05
649 27.05
650 27.05
651 27.05
652 27.05
653 27.05
654 27.15
655 27.25
656 27.25
657 27.25
658 27.25
659 27.4
660 27.45
661 27.45
662 27.45
663 27.45
664 27.45
665 27.45
666 27.55
667 27.55
668 27.6
669 27.6
670 27.7
671 27.7
672 27.7
673 27.7
674 27.75
675 27.75
676 27.75
677 27.75
678 27.8
679 27.8
680 27.95
681 27.95
682 27.95
683 28.05
684 28.15
685 28.25
686 28.25
687 28.25
688 28.25
689 28.3
690 28.3
691 28.3
692 28.4
693 28.4
694 28.4
695 28.4
696 28.65
697 28.65
698 28.8
699 28.85
700 28.9
701 28.9
702 28.95
703 28.95
704 28.95
705 29.0
706 29.0
707 29.05
708 29.05
709 29.05
710 29.05
711 29.05
712 29.05
713 29.1
714 29.1
715 29.15
716 29.15
717 29.25
718 29.3
719 29.35
720 29.35
721 29.35
722 29.4
723 29.5
724 29.5
725 29.65
726 29.65
727 29.65
728 29.65
729 29.65
730 29.65
731 29.75
732 29.75
733 29.75
734 30.0
735 30.0
736 30.0
737 30.0
738 30.0
739 30.1
740 30.1
741 30.15
742 30.2
743 30.2
744 30.3
745 30.35
746 30.35
747 30.45
748 30.45
749 30.5
750 30.55
751 30.55
752 30.6
753 30.6
754 30.7
755 30.75
756 30.9
757 31.0
758 31.0
759 31.0
760 31.0
761 31.0
762 31.15
763 31.2
764 31.25
765 31.3
766 31.3
767 31.3
768 31.45
769 31.45
770 31.5
771 31.55
772 31.65
773 31.7
774 31.7
775 31.7
776 31.75
777 31.75
778 31.8
779 31.8
780 31.8
781 31.85
782 31.9
783 31.95
784 31.95
785 31.95
786 32.05
787 32.15
788 32.15
789 32.35
790 32.35
791 32.35
792 32.35
793 32.45
794 32.45
795 32.5
796 32.5
797 32.5
798 32.5
799 32.5
800 32.6
801 32.6
802 32.6
803 32.6
804 32.65
805 32.7
806 32.7
807 32.75
808 32.75
809 32.75
810 32.75
811 32.75
812 32.8
813 32.8
814 32.9
815 32.9
816 33.0
817 33.0
818 33.15
819 33.15
820 33.15
821 33.25
822 33.35
823 33.45
824 33.5
825 33.5
826 33.55
827 33.55
828 33.55
829 33.55
830 33.55
831 33.55
832 33.55
833 33.55
834 33.55
835 33.6
836 33.65
837 33.7
838 33.7
839 33.75
840 33.75
841 33.75
842 33.8
843 33.85
844 33.85
845 33.85
846 33.9
847 34.0
848 34.05
849 34.1
850 34.2
851 34.3
852 34.3
853 34.4
854 34.4
855 34.4
856 34.4
857 34.45
858 34.45
859 34.45
860 34.45
861 34.5
862 34.6
863 34.6
864 34.65
865 34.65
866 34.65
867 34.75
868 34.85
869 34.85
870 34.85
871 34.95
872 34.95
873 34.95
874 34.95
875 35.05
876 35.05
877 35.05
878 35.2
879 35.25
880 35.3
881 35.3
882 35.3
883 35.3
884 35.55
885 35.65
886 35.75
887 35.75
888 35.75
889 35.75
890 35.8
891 35.8
892 35.8
893 35.85
894 35.9
895 35.9
896 35.9
897 35.9
898 36.0
899 36.15
900 36.15
901 36.2
902 36.3
903 36.3
904 36.3
905 36.3
906 36.35
907 36.45
908 36.5
909 36.5
910 36.6
911 36.9
912 36.9
913 37.0
914 37.0
915 37.0
916 37.05
917 37.05
918 37.15
919 37.15
920 37.2
921 37.2
922 37.25
923 37.25
924 37.25
925 37.35
926 37.45
927 37.45
928 37.5
929 37.5
930 37.5
931 37.5
932 37.75
933 37.9
934 37.9
935 37.9
936 37.9
937 37.9
938 38.0
939 38.0
940 38.0
941 38.0
942 38.0
943 38.0
944 38.0
945 38.0
946 38.05
947 38.05
948 38.05
949 38.1
950 38.1
951 38.1
952 38.1
953 38.1
954 38.15
955 38.2
956 38.3
957 38.3
958 38.3
959 38.3
960 38.3
961 38.35
962 38.5
963 38.5
964 38.65
965 38.65
966 38.65
967 38.7
968 38.75
969 38.85
970 38.85
971 38.9
972 38.9
973 38.9
974 39.0
975 39.0
976 39.05
977 39.1
978 39.1
979 39.15
980 39.15
981 39.25
982 39.3
983 39.3
984 39.4
985 39.45
986 39.5
987 39.5
988 39.5
989 39.5
990 39.55
991 39.55
992 39.6
993 39.75
994 39.8
995 39.8
996 39.8
997 39.85
998 39.9
999 39.9
1000 39.9
1001 40.0
1002 40.15
1003 40.15
1004 40.2
1005 40.2
1006 40.2
1007 40.3
1008 40.3
1009 40.3
1010 40.35
1011 40.45
1012 40.45
1013 40.45
1014 40.5
1015 40.5
1016 40.5
1017 40.55
1018 40.6
1019 40.6
1020 40.6
1021 40.6
1022 40.6
1023 40.6
1024 40.6
1025 40.6
1026 40.6
1027 40.6
1028 40.65
1029 40.65
1030 40.65
1031 40.65
1032 40.65
1033 40.65
1034 40.65
1035 40.7
1036 40.7
1037 40.8
1038 41.05
1039 41.15
1040 41.15
1041 41.15
1042 41.2
1043 41.2
1044 41.2
1045 41.3
1046 41.3
1047 41.3
1048 41.35
1049 41.45
1050 41.6
1051 41.6
1052 41.6
1053 41.7
1054 41.7
1055 41.7
1056 41.7
1057 41.7
1058 41.7
1059 41.7
1060 41.7
1061 42.0
1062 42.0
1063 42.05
1064 42.05
1065 42.05
1066 42.05
1067 42.1
1068 42.1
1069 42.1
1070 42.15
1071 42.15
1072 42.15
1073 42.15
1074 42.25
1075 42.25
1076 42.25
1077 42.25
1078 42.35
1079 42.35
1080 42.35
1081 42.35
1082 42.35
1083 42.35
1084 42.45
1085 42.5
1086 42.5
1087 42.5
1088 42.7
1089 42.8
1090 42.8
1091 42.8
1092 42.95
1093 43.0
1094 43.15
1095 43.15
1096 43.15
1097 43.2
1098 43.2
1099 43.25
1100 43.25
1101 43.3
1102 43.35
1103 43.35
1104 43.35
1105 43.4
1106 43.4
1107 43.45
1108 43.55
1109 43.55
1110 43.55
1111 43.55
1112 43.55
1113 43.55
1114 43.65
1115 43.8
1116 43.9
1117 43.9
1118 44.1
1119 44.15
1120 44.15
1121 44.15
1122 44.15
1123 44.2
1124 44.25
1125 44.25
1126 44.25
1127 44.25
1128 44.4
1129 44.45
1130 44.55
1131 44.6
1132 44.7
1133 44.75
1134 44.75
1135 44.75
1136 44.85
1137 44.95
1138 45.05
1139 45.15
1140 45.15
1141 45.25
1142 45.25
1143 45.3
1144 45.3
1145 45.3
1146 45.4
1147 45.45
1148 45.45
1149 45.45
1150 45.45
1151 45.45
1152 45.45
1153 45.55
1154 45.6
1155 45.75
1156 45.75
1157 45.75
1158 45.75
1159 45.95
1160 45.95
1161 45.95
1162 46.0
1163 46.0
1164 46.0
1165 46.0
1166 46.1
1167 46.2
1168 46.2
1169 46.2
1170 46.25
1171 46.25
1172 46.25
1173 46.25
1174 46.4
1175 46.4
1176 46.5
1177 46.55
1178 46.6
1179 46.6
1180 46.9
1181 46.9
1182 46.95
1183 46.95
1184 46.95
1185 46.95
1186 46.95
1187 46.95
1188 46.95
1189 46.95
1190 46.95
1191 46.95
1192 46.95
1193 46.95
1194 46.95
1195 46.95
1196 47.05
1197 47.15
1198 47.15
1199 47.15
1200 47.25
1201 47.25
1202 47.25
1203 47.35
1204 47.4
1205 47.45
1206 47.45
1207 47.45
1208 47.45
1209 47.5
1210 47.55
1211 47.65
1212 47.65
1213 47.65
1214 47.7
1215 47.7
1216 47.8
1217 47.8
1218 47.85
1219 47.95
1220 47.95
1221 47.95
1222 47.95
1223 48.0
1224 48.0
1225 48.0
1226 48.1
1227 48.1
1228 48.1
1229 48.1
1230 48.15
1231 48.2
1232 48.2
1233 48.25
1234 48.25
1235 48.35
1236 48.35
1237 48.35
1238 48.4
1239 48.4
1240 48.45
1241 48.45
1242 48.45
1243 48.5
1244 48.75
1245 48.75
1246 48.8
1247 48.95
1248 48.95
1249 48.95
1250 49.0
1251 49.0
1252 49.0
1253 49.1
1254 49.1
1255 49.1
1256 49.1
1257 49.1
1258 49.1
1259 49.1
1260 49.1
1261 49.15
1262 49.15
1263 49.15
1264 49.15
1265 49.2
1266 49.2
1267 49.2
1268 49.2
1269 49.25
1270 49.3
1271 49.3
1272 49.3
1273 49.3
1274 49.3
1275 49.35
1276 49.4
1277 49.4
1278 49.4
1279 49.45
1280 49.5
1281 49.55
1282 49.55
1283 49.65
1284 49.65
1285 49.75
1286 49.85
1287 49.85
1288 49.9
1289 49.95
1290 50.05
1291 50.05
1292 50.2
1293 50.25
1294 50.25
1295 50.25
1296 50.25
1297 50.25
1298 50.25
1299 50.3
1300 50.4
1301 50.45
1302 50.45
1303 50.45
1304 50.5
1305 50.5
1306 50.5
1307 50.5
1308 50.55
1309 50.55
1310 50.55
1311 50.55
1312 50.55
1313 50.55
1314 50.55
1315 50.55
1316 50.6
1317 50.6
1318 50.6
1319 50.6
1320 50.6
1321 50.6
1322 50.6
1323 50.6
1324 50.6
1325 50.65
1326 50.9
1327 50.95
1328 51.0
1329 51.1
1330 51.1
1331 51.1
1332 51.2
1333 51.25
1334 51.25
1335 51.3
1336 51.4
1337 51.4
1338 51.4
1339 51.4
1340 51.45
1341 51.55
1342 51.65
1343 51.7
1344 51.8
1345 51.85
1346 51.9
1347 51.9
1348 52.0
1349 52.0
1350 52.0
1351 52.0
1352 52.05
1353 52.15
1354 52.15
1355 52.15
1356 52.15
1357 52.15
1358 52.25
1359 52.5
1360 52.5
1361 52.5
1362 52.5
1363 52.5
1364 52.5
1365 52.5
1366 52.55
1367 52.55
1368 52.55
1369 52.55
1370 52.55
1371 52.55
1372 52.55
1373 52.6
1374 52.65
1375 52.65
1376 52.65
1377 52.65
1378 52.7
1379 52.7
1380 52.7
1381 52.7
1382 52.7
1383 52.75
1384 52.75
1385 52.8
1386 52.85
1387 52.9
1388 52.9
1389 52.9
1390 52.9
1391 52.9
1392 52.95
1393 53.0
1394 53.05
1395 53.15
1396 53.15
1397 53.15
1398 53.15
1399 53.15
1400 53.2
1401 53.2
1402 53.2
1403 53.2
1404 53.2
1405 53.2
1406 53.35
1407 53.35
1408 53.4
1409 53.4
1410 53.5
1411 53.7
1412 53.7
1413 53.7
1414 53.75
1415 53.75
1416 53.75
1417 53.75
1418 53.8
1419 53.8
1420 53.8
1421 53.95
1422 54.05
1423 54.1
1424 54.1
1425 54.25
1426 54.25
1427 54.4
1428 54.4
1429 54.4
1430 54.45
1431 54.45
1432 54.45
1433 54.5
1434 54.5
1435 54.55
1436 54.55
1437 54.55
1438 54.7
1439 54.7
1440 54.7
1441 54.85
1442 54.85
1443 54.85
1444 54.95
1445 54.95
1446 54.95
1447 55.0
1448 55.0
1449 55.05
1450 55.05
1451 55.1
1452 55.1
1453 55.1
1454 55.1
1455 55.1
1456 55.15
1457 55.15
1458 55.25
1459 55.35
1460 55.4
1461 55.45
1462 55.45
1463 55.55
1464 55.55
1465 55.55
1466 55.55
1467 55.55
1468 55.55
1469 55.55
1470 55.55
1471 55.55
1472 55.75
1473 55.75
1474 55.75
1475 55.8
1476 55.85
1477 55.95
1478 55.95
1479 55.95
1480 56.1
1481 56.1
1482 56.15
1483 56.2
1484 56.2
1485 56.2
1486 56.2
1487 56.2
1488 56.3
1489 56.3
1490 56.3
1491 56.3
1492 56.3
1493 56.35
1494 56.35
1495 56.35
1496 56.5
1497 56.5
1498 56.5
1499 56.5
1500 56.5
1501 56.7
1502 56.8
1503 56.8
1504 56.8
1505 56.8
1506 56.8
1507 56.9
1508 57.0
1509 57.0
1510 57.0
1511 57.0
1512 57.0
1513 57.0
1514 57.05
1515 57.1
1516 57.25
1517 57.25
1518 57.3
1519 57.3
1520 57.3
1521 57.3
1522 57.3
1523 57.4
1524 57.45
1525 57.45
1526 57.45
1527 57.45
1528 57.5
1529 57.5
1530 57.5
1531 57.5
1532 57.55
1533 57.65
1534 57.65
1535 57.65
1536 57.65
1537 57.85
1538 57.9
1539 57.95
1540 57.95
1541 58.0
1542 58.0
1543 58.05
1544 58.05
1545 58.1
1546 58.1
1547 58.1
1548 58.15
1549 58.25
1550 58.25
1551 58.35
1552 58.35
1553 58.4
1554 58.4
1555 58.4
1556 58.4
1557 58.5
1558 58.55
1559 58.7
1560 58.7
1561 58.7
1562 58.7
1563 58.7
1564 58.85
1565 58.85
1566 58.85
1567 58.85
1568 58.85
1569 58.85
1570 58.85
1571 58.9
1572 58.95
1573 59.0
1574 59.05
1575 59.05
1576 59.1
1577 59.1
1578 59.15
1579 59.2
1580 59.2
1581 59.2
1582 59.2
1583 59.2
1584 59.25
1585 59.25
1586 59.25
1587 59.25
1588 59.25
1589 59.25
1590 59.35
1591 59.35
1592 59.35
1593 59.45
1594 59.5
1595 59.5
1596 59.5
1597 59.5
1598 59.5
1599 59.55
1600 59.55
1601 59.55
1602 59.55
1603 59.55
1604 59.55
1605 59.6
1606 59.6
1607 59.6
1608 59.7
1609 59.7
1610 59.7
1611 59.8
1612 59.85
1613 59.95
1614 59.95
1615 59.95
1616 59.95
1617 59.95
1618 60.0
1619 60.05
1620 60.05
1621 60.05
1622 60.05
1623 60.05
1624 60.1
1625 60.15
1626 60.25
1627 60.25
1628 60.25
1629 60.3
1630 60.35
1631 60.35
1632 60.55
1633 60.55
1634 60.55
1635 60.55
1636 60.55
1637 60.6
1638 60.65
1639 60.65
1640 60.7
1641 60.75
1642 60.75
1643 60.9
1644 60.95
1645 60.95
1646 60.95
1647 61.0
1648 61.0
1649 61.15
1650 61.25
1651 61.4
1652 61.4
1653 61.4
1654 61.6
1655 61.6
1656 61.6
1657 61.6
1658 61.65
1659 61.65
1660 61.65
1661 61.65
1662 61.65
1663 61.65
1664 61.65
1665 61.65
1666 61.65
1667 61.65
1668 61.65
1669 61.65
1670 61.65
1671 61.65
1672 61.65
1673 61.7
1674 61.7
1675 61.7
1676 61.7
1677 61.75
1678 61.8
1679 61.8
1680 61.8
1681 61.8
1682 61.9
1683 61.9
1684 61.9
1685 61.9
1686 61.95
1687 61.95
1688 61.95
1689 61.95
1690 62.0
1691 62.1
1692 62.1
1693 62.25
1694 62.25
1695 62.35
1696 62.35
1697 62.4
1698 62.4
1699 62.4
1700 62.45
1701 62.45
1702 62.55
1703 62.65
1704 62.65
1705 62.7
1706 62.75
1707 62.75
1708 62.8
1709 62.8
1710 62.95
1711 63.0
1712 63.0
1713 63.0
1714 63.0
1715 63.1
1716 63.1
1717 63.1
1718 63.1
1719 63.1
1720 63.15
1721 63.15
1722 63.15
1723 63.15
1724 63.25
1725 63.4
1726 63.45
1727 63.55
1728 63.55
1729 63.55
1730 63.7
1731 63.7
1732 63.7
1733 63.75
1734 63.75
1735 63.75
1736 63.85
1737 63.9
1738 63.9
1739 63.9
1740 63.9
1741 63.9
1742 64.0
1743 64.0
1744 64.0
1745 64.0
1746 64.05
1747 64.05
1748 64.05
1749 64.15
1750 64.15
1751 64.15
1752 64.2
1753 64.2
1754 64.2
1755 64.2
1756 64.3
1757 64.3
1758 64.35
1759 64.35
1760 64.35
1761 64.5
1762 64.5
1763 64.5
1764 64.5
1765 64.5
1766 64.5
1767 64.5
1768 64.55
1769 64.55
1770 64.6
1771 64.6
1772 64.6
1773 64.65
1774 64.75
1775 64.85
1776 64.85
1777 64.85
1778 64.95
1779 64.95
1780 64.95
1781 64.95
1782 64.95
1783 65.0
1784 65.0
1785 65.0
1786 65.0
1787 65.0
1788 65.0
1789 65.0
1790 65.1
1791 65.1
1792 65.15
1793 65.3
1794 65.3
1795 65.3
1796 65.45
1797 65.45
1798 65.45
1799 65.45
1800 65.45
1801 65.55
1802 65.6
1803 65.6
1804 65.7
1805 65.7
1806 65.8
1807 65.8
1808 65.8
1809 65.8
1810 65.8
1811 65.85
1812 65.9
1813 65.9
1814 65.9
1815 66.05
1816 66.05
1817 66.05
1818 66.05
1819 66.1
1820 66.1
1821 66.1
1822 66.1
1823 66.1
1824 66.1
1825 66.1
1826 66.2
1827 66.2
1828 66.25
1829 66.25
1830 66.25
1831 66.25
1832 66.4
1833 66.4
1834 66.45
1835 66.55
1836 66.65
1837 66.65
1838 66.7
1839 66.7
1840 66.7
1841 66.7
1842 66.7
1843 66.7
1844 66.85
1845 66.9
1846 66.9
1847 66.9
1848 66.95
1849 67.05
1850 67.05
1851 67.1
1852 67.25
1853 67.25
1854 67.25
1855 67.25
1856 67.25
1857 67.25
1858 67.25
1859 67.25
1860 67.25
1861 67.25
1862 67.25
1863 67.45
1864 67.45
1865 67.45
1866 67.45
1867 67.45
1868 67.45
1869 67.6
1870 67.6
1871 67.6
1872 67.6
1873 67.6
1874 67.6
1875 67.65
1876 67.65
1877 67.7
1878 67.85
1879 67.85
1880 67.85
1881 67.95
1882 67.95
1883 68.05
1884 68.05
1885 68.1
1886 68.1
1887 68.1
1888 68.15
1889 68.15
1890 68.15
1891 68.15
1892 68.15
1893 68.25
1894 68.25
1895 68.25
1896 68.25
1897 68.35
1898 68.4
1899 68.4
1900 68.5
1901 68.55
1902 68.55
1903 68.55
1904 68.55
1905 68.55
1906 68.55
1907 68.65
1908 68.75
1909 68.8
1910 68.8
1911 68.8
1912 68.8
1913 68.8
1914 68.85
1915 68.85
1916 68.85
1917 68.95
1918 69.0
1919 69.05
1920 69.05
1921 69.1
1922 69.1
1923 69.1
1924 69.15
1925 69.15
1926 69.15
1927 69.15
1928 69.2
1929 69.2
1930 69.2
1931 69.25
1932 69.35
1933 69.35
1934 69.5
1935 69.65
1936 69.7
1937 69.7
1938 69.7
1939 69.75
1940 69.75
1941 69.75
1942 69.75
1943 69.9
1944 69.9
1945 69.9
1946 69.9
1947 69.9
1948 69.95
1949 70.0
1950 70.0
1951 70.0
1952 70.0
1953 70.0
1954 70.0
1955 70.0
1956 70.05
1957 70.05
1958 70.05
1959 70.05
1960 70.05
1961 70.05
1962 70.05
1963 70.15
1964 70.2
1965 70.25
1966 70.25
1967 70.3
1968 70.3
1969 70.3
1970 70.3
1971 70.3
1972 70.35
1973 70.35
1974 70.4
1975 70.4
1976 70.4
1977 70.4
1978 70.4
1979 70.4
1980 70.4
1981 70.5
1982 70.5
1983 70.5
1984 70.6
1985 70.7
1986 70.7
1987 70.7
1988 70.7
1989 70.7
1990 70.75
1991 70.75
1992 70.85
1993 70.95
1994 70.95
1995 70.95
1996 70.95
1997 70.95
1998 71.05
1999 71.1
2000 71.1
2001 71.1
2002 71.1
2003 71.1
2004 71.35
2005 71.35
2006 71.4
2007 71.45
2008 71.45
2009 71.55
2010 71.55
2011 71.6
2012 71.6
2013 71.6
2014 71.6
2015 71.6
2016 71.6
2017 71.6
2018 71.6
2019 71.65
2020 71.65
2021 71.7
2022 71.7
2023 71.75
2024 71.8
2025 71.9
2026 71.95
2027 72.0
2028 72.05
2029 72.2
2030 72.3
2031 72.3
2032 72.4
2033 72.4
2034 72.6
2035 72.65
2036 72.75
2037 72.75
2038 72.75
2039 72.75
2040 72.8
2041 72.8
2042 72.8
2043 72.8
2044 72.8
2045 72.8
2046 72.85
2047 72.85
2048 72.85
2049 72.85
2050 72.85
2051 72.85
2052 72.9
2053 72.9
2054 72.9
2055 73.0
2056 73.0
2057 73.0
2058 73.0
2059 73.0
2060 73.05
2061 73.05
2062 73.05
2063 73.05
2064 73.05
2065 73.05
2066 73.1
2067 73.1
2068 73.1
2069 73.15
2070 73.15
2071 73.15
2072 73.15
2073 73.15
2074 73.25
2075 73.3
2076 73.3
2077 73.35
2078 73.4
2079 73.4
2080 73.5
2081 73.55
2082 73.6
2083 73.6
2084 73.6
2085 73.6
2086 73.7
2087 73.7
2088 73.7
2089 73.7
2090 73.7
2091 73.75
2092 73.75
2093 73.75
2094 73.8
2095 73.8
2096 73.85
2097 73.85
2098 73.85
2099 73.9
2100 74.05
2101 74.05
2102 74.05
2103 74.05
2104 74.05
2105 74.15
2106 74.25
2107 74.25
2108 74.25
2109 74.25
2110 74.25
2111 74.25
2112 74.25
2113 74.3
2114 74.3
2115 74.3
2116 74.3
2117 74.3
2118 74.3
2119 74.4
2120 74.7
2121 74.7
2122 74.7
2123 74.75
2124 74.75
2125 74.75
2126 74.75
2127 74.8
2128 74.8
2129 74.8
2130 74.8
2131 74.8
2132 74.8
2133 74.8
2134 74.8
2135 74.8
2136 74.8
2137 74.8
2138 74.8
2139 74.8
2140 74.8
2141 74.9
2142 74.9
2143 74.9
2144 74.9
2145 74.9
2146 74.9
2147 75.0
2148 75.0
2149 75.0
2150 75.0
2151 75.0
2152 75.0
2153 75.0
2154 75.05
2155 75.1
2156 75.15
2157 75.15
2158 75.2
2159 75.25
2160 75.3
2161 75.35
2162 75.35
2163 75.55
2164 75.65
2165 75.7
2166 75.7
2167 75.7
2168 75.7
2169 75.8
2170 75.95
2171 75.95
2172 75.95
2173 75.95
2174 75.95
2175 75.95
2176 75.95
2177 75.95
2178 75.95
2179 76.05
2180 76.05
2181 76.05
2182 76.05
2183 76.05
2184 76.05
2185 76.05
2186 76.05
2187 76.05
2188 76.05
2189 76.05
2190 76.05
2191 76.05
2192 76.05
2193 76.1
2194 76.1
2195 76.1
2196 76.1
2197 76.1
2198 76.1
2199 76.15
2200 76.3
2201 76.3
2202 76.35
2203 76.4
2204 76.4
2205 76.45
2206 76.45
2207 76.5
2208 76.6
2209 76.6
2210 76.6
2211 76.65
2212 76.65
2213 76.7
2214 76.75
2215 76.75
2216 76.75
2217 76.8
2218 76.8
2219 76.85
2220 76.9
2221 76.9
2222 76.9
2223 76.9
2224 76.9
2225 76.95
2226 77.2
2227 77.25
2228 77.3
2229 77.3
2230 77.3
2231 77.3
2232 77.3
2233 77.4
2234 77.45
2235 77.55
2236 77.7
2237 77.7
2238 77.75
2239 77.75
2240 77.75
2241 77.8
2242 77.85
2243 77.85
2244 77.9
2245 77.9
2246 77.95
2247 77.95
2248 77.95
2249 77.95
2250 77.95
2251 77.95
2252 77.95
2253 77.95
2254 77.95
2255 78.0
2256 78.0
2257 78.0
2258 78.05
2259 78.05
2260 78.05
2261 78.05
2262 78.2
2263 78.2
2264 78.2
2265 78.2
2266 78.4
2267 78.4
2268 78.4
2269 78.45
2270 78.45
2271 78.55
2272 78.6
2273 78.65
2274 78.65
2275 78.65
2276 78.65
2277 78.75
2278 78.8
2279 78.8
2280 78.8
2281 78.8
2282 78.85
2283 78.85
2284 78.95
2285 78.95
2286 78.95
2287 79.0
2288 79.0
2289 79.05
2290 79.1
2291 79.1
2292 79.1
2293 79.1
2294 79.2
2295 79.2
2296 79.2
2297 79.2
2298 79.25
2299 79.25
2300 79.25
2301 79.25
2302 79.25
2303 79.25
2304 79.3
2305 79.4
2306 79.5
2307 79.5
2308 79.5
2309 79.55
2310 79.6
2311 79.6
2312 79.6
2313 79.6
2314 79.65
2315 79.7
2316 79.7
2317 79.7
2318 79.7
2319 79.85
2320 79.85
2321 79.85
2322 80.0
2323 80.0
2324 80.0
2325 80.0
2326 80.0
2327 80.0
2328 80.0
2329 80.0
2330 80.1
2331 80.15
2332 80.15
2333 80.25
2334 80.25
2335 80.25
2336 80.3
2337 80.3
2338 80.3
2339 80.3
2340 80.35
2341 80.4
2342 80.4
2343 80.4
2344 80.4
2345 80.4
2346 80.4
2347 80.45
2348 80.45
2349 80.7
2350 80.7
2351 80.75
2352 80.8
2353 80.8
2354 80.85
2355 80.85
2356 80.85
2357 80.85
2358 81.0
2359 81.1
2360 81.1
2361 81.1
2362 81.2
2363 81.2
2364 81.2
2365 81.2
2366 81.25
2367 81.25
2368 81.35
2369 81.35
2370 81.35
2371 81.4
2372 81.4
2373 81.4
2374 81.4
2375 81.5
2376 81.5
2377 81.5
2378 81.5
2379 81.5
2380 81.5
2381 81.6
2382 81.7
2383 81.75
2384 81.75
2385 81.75
2386 81.75
2387 81.75
2388 81.8
2389 81.8
2390 81.85
2391 81.85
2392 81.85
2393 81.85
2394 81.85
2395 81.85
2396 81.9
2397 81.9
2398 82.0
2399 82.1
2400 82.1
2401 82.15
2402 82.3
2403 82.3
2404 82.3
2405 82.35
2406 82.45
2407 82.45
2408 82.5
2409 82.5
2410 82.5
2411 82.5
2412 82.5
2413 82.55
2414 82.55
2415 82.55
2416 82.55
2417 82.6
2418 82.6
2419 82.6
2420 82.6
2421 82.6
2422 82.6
2423 82.6
2424 82.6
2425 82.6
2426 82.75
2427 82.75
2428 82.75
2429 82.75
2430 82.75
2431 82.75
2432 82.75
2433 82.8
2434 82.85
2435 82.85
2436 82.85
2437 82.85
2438 82.85
2439 82.95
2440 83.0
2441 83.05
2442 83.1
2443 83.1
2444 83.15
2445 83.15
2446 83.15
2447 83.15
2448 83.15
2449 83.25
2450 83.25
2451 83.3
2452 83.35
2453 83.35
2454 83.35
2455 83.45
2456 83.45
2457 83.45
2458 83.6
2459 83.65
2460 83.65
2461 83.65
2462 83.65
2463 83.65
2464 83.65
2465 83.65
2466 83.75
2467 83.75
2468 83.75
2469 83.75
2470 83.9
2471 83.9
2472 83.9
2473 83.9
2474 83.9
2475 84.0
2476 84.0
2477 84.05
2478 84.05
2479 84.1
2480 84.1
2481 84.1
2482 84.1
2483 84.1
2484 84.1
2485 84.1
2486 84.1
2487 84.1
2488 84.1
2489 84.1
2490 84.2
2491 84.2
2492 84.25
2493 84.4
2494 84.4
2495 84.4
2496 84.4
2497 84.4
2498 84.4
2499 84.45
2500 84.45
2501 84.55
2502 84.55
2503 84.55
2504 84.55
2505 84.55
2506 84.55
2507 84.55
2508 84.65
2509 84.7
2510 84.75
2511 84.75
2512 84.75
2513 84.75
2514 84.8
2515 84.8
2516 84.8
2517 84.9
2518 84.9
2519 84.95
2520 84.95
2521 84.95
2522 84.95
2523 84.95
2524 84.95
2525 84.95
2526 84.95
2527 84.95
2528 84.95
2529 84.95
2530 85.05
2531 85.05
2532 85.05
2533 85.25
2534 85.3
2535 85.3
2536 85.3
2537 85.45
2538 85.6
2539 85.6
2540 85.65
2541 85.65
2542 85.65
2543 85.65
2544 85.7
2545 85.7
2546 85.7
2547 85.7
2548 85.7
2549 85.85
2550 85.85
2551 85.85
2552 85.85
2553 85.85
2554 85.9
2555 85.9
2556 85.95
2557 85.95
2558 86.05
2559 86.1
2560 86.1
2561 86.1
2562 86.1
2563 86.1
2564 86.1
2565 86.1
2566 86.1
2567 86.3
2568 86.35
2569 86.4
2570 86.4
2571 86.4
2572 86.4
2573 86.4
2574 86.4
2575 86.45
2576 86.5
2577 86.5
2578 86.5
2579 86.5
2580 86.5
2581 86.55
2582 86.55
2583 86.55
2584 86.55
2585 86.55
2586 86.55
2587 86.6
2588 86.9
2589 86.9
2590 87.0
2591 87.0
2592 87.0
2593 87.0
2594 87.0
2595 87.0
2596 87.05
2597 87.05
2598 87.05
2599 87.1
2600 87.1
2601 87.15
2602 87.2
2603 87.2
2604 87.2
2605 87.2
2606 87.2
2607 87.2
2608 87.2
2609 87.2
2610 87.2
2611 87.2
2612 87.2
2613 87.25
2614 87.25
2615 87.25
2616 87.25
2617 87.25
2618 87.25
2619 87.25
2620 87.25
2621 87.25
2622 87.25
2623 87.25
2624 87.3
2625 87.3
2626 87.35
2627 87.35
2628 87.35
2629 87.45
2630 87.45
2631 87.45
2632 87.5
2633 87.55
2634 87.55
2635 87.55
2636 87.55
2637 87.55
2638 87.55
2639 87.55
2640 87.55
2641 87.55
2642 87.55
2643 87.6
2644 87.6
2645 87.7
2646 87.7
2647 87.9
2648 87.95
2649 87.95
2650 87.95
2651 87.95
2652 88.05
2653 88.15
2654 88.2
2655 88.2
2656 88.2
2657 88.2
2658 88.2
2659 88.2
2660 88.2
2661 88.3
2662 88.3
2663 88.3
2664 88.3
2665 88.3
2666 88.35
2667 88.35
2668 88.35
2669 88.4
2670 88.4
2671 88.4
2672 88.5
2673 88.55
2674 88.6
2675 88.6
2676 88.6
2677 88.6
2678 88.6
2679 88.6
2680 88.7
2681 88.7
2682 88.75
2683 88.85
2684 88.85
2685 88.85
2686 88.9
2687 88.9
2688 89.1
2689 89.1
2690 89.1
2691 89.1
2692 89.1
2693 89.1
2694 89.1
2695 89.1
2696 89.1
2697 89.1
2698 89.1
2699 89.1
2700 89.1
2701 89.1
2702 89.2
2703 89.2
2704 89.2
2705 89.35
2706 89.35
2707 89.4
2708 89.55
2709 89.6
2710 89.65
2711 89.7
2712 89.7
2713 89.7
2714 89.7
2715 89.75
2716 89.75
2717 89.75
2718 89.75
2719 89.8
2720 89.9
2721 89.9
2722 89.9
2723 89.9
2724 89.9
2725 90.0
2726 90.0
2727 90.15
2728 90.15
2729 90.15
2730 90.2
2731 90.2
2732 90.2
2733 90.25
2734 90.25
2735 90.25
2736 90.3
2737 90.3
2738 90.3
2739 90.3
2740 90.35
2741 90.35
2742 90.45
2743 90.5
2744 90.5
2745 90.5
2746 90.5
2747 90.5
2748 90.5
2749 90.6
2750 90.7
2751 90.9
2752 90.9
2753 90.9
2754 90.9
2755 90.9
2756 90.95
2757 90.95
2758 91.0
2759 91.0
2760 91.05
2761 91.1
2762 91.1
2763 91.1
2764 91.1
2765 91.1
2766 91.1
2767 91.1
2768 91.1
2769 91.1
2770 91.15
2771 91.2
2772 91.2
2773 91.2
2774 91.2
2775 91.35
2776 91.35
2777 91.35
2778 91.35
2779 91.45
2780 91.45
2781 91.65
2782 91.65
2783 91.65
2784 91.65
2785 91.65
2786 91.7
2787 91.7
2788 91.7
2789 91.7
2790 91.7
2791 91.7
2792 91.7
2793 91.75
2794 91.8
2795 91.95
2796 91.95
2797 91.95
2798 91.95
2799 91.95
2800 92.1
2801 92.1
2802 92.1
2803 92.1
2804 92.1
2805 92.1
2806 92.1
2807 92.15
2808 92.15
2809 92.2
2810 92.2
2811 92.2
2812 92.2
2813 92.2
2814 92.2
2815 92.2
2816 92.2
2817 92.2
2818 92.2
2819 92.25
2820 92.25
2821 92.25
2822 92.25
2823 92.25
2824 92.25
2825 92.25
2826 92.3
2827 92.3
2828 92.35
2829 92.45
2830 92.45
2831 92.6
2832 92.6
2833 92.6
2834 92.6
2835 92.6
2836 92.65
2837 92.7
2838 92.7
2839 92.7
2840 92.7
2841 92.8
2842 92.85
2843 92.85
2844 92.85
2845 92.85
2846 92.85
2847 92.85
2848 92.85
2849 92.85
2850 92.85
2851 92.9
2852 93.0
2853 93.0
2854 93.05
2855 93.05
2856 93.05
2857 93.05
2858 93.05
2859 93.2
2860 93.3
2861 93.3
2862 93.3
2863 93.3
2864 93.3
2865 93.4
2866 93.45
2867 93.45
2868 93.45
2869 93.55
2870 93.55
2871 93.55
2872 93.55
2873 93.6
2874 93.6
2875 93.6
2876 93.65
2877 93.75
2878 93.75
2879 93.75
2880 93.8
2881 93.8
2882 93.8
2883 93.8
2884 93.8
2885 93.8
2886 93.8
2887 93.85
2888 93.9
2889 93.9
2890 93.9
2891 93.9
2892 93.9
2893 93.9
2894 93.9
2895 93.9
2896 93.9
2897 93.95
2898 94.0
2899 94.0
2900 94.0
2901 94.0
2902 94.0
2903 94.0
2904 94.0
2905 94.0
2906 94.0
2907 94.0
2908 94.1
2909 94.1
2910 94.1
2911 94.1
2912 94.15
2913 94.2
2914 94.2
2915 94.2
2916 94.2
2917 94.2
2918 94.2
2919 94.2
2920 94.35
2921 94.45
2922 94.45
2923 94.45
2924 94.5
2925 94.55
2926 94.6
2927 94.6
2928 94.6
2929 94.8
2930 94.8
2931 94.85
2932 94.85
2933 94.9
2934 94.9
2935 94.9
2936 94.9
2937 94.9
2938 94.95
2939 95.0
2940 95.0
2941 95.0
2942 95.0
2943 95.0
2944 95.0
2945 95.0
2946 95.05
2947 95.1
2948 95.1
2949 95.1
2950 95.15
2951 95.15
2952 95.15
2953 95.15
2954 95.2
2955 95.2
2956 95.35
2957 95.35
2958 95.4
2959 95.45
2960 95.45
2961 95.45
2962 95.45
2963 95.5
2964 95.5
2965 95.65
2966 95.7
2967 95.7
2968 95.7
2969 95.7
2970 95.7
2971 95.75
2972 95.85
2973 95.85
2974 95.9
2975 95.9
2976 95.9
2977 95.9
2978 95.9
2979 95.9
2980 95.9
2981 95.9
2982 95.9
2983 95.9
2984 96.0
2985 96.0
2986 96.0
2987 96.1
2988 96.1
2989 96.1
2990 96.1
2991 96.1
2992 96.1
2993 96.1
2994 96.1
2995 96.15
2996 96.15
2997 96.2
2998 96.3
2999 96.35
3000 96.4
3001 96.4
3002 96.4
3003 96.4
3004 96.4
3005 96.4
3006 96.4
3007 96.45
3008 96.45
3009 96.45
3010 96.55
3011 96.55
3012 96.55
3013 96.55
3014 96.6
3015 96.6
3016 96.65
3017 96.65
3018 96.7
3019 96.75
3020 96.9
3021 97.05
3022 97.05
3023 97.05
3024 97.15
3025 97.15
3026 97.2
3027 97.2
3028 97.2
3029 97.2
3030 97.2
3031 97.2
3032 97.2
3033 97.25
3034 97.25
3035 97.25
3036 97.3
3037 97.3
3038 97.3
3039 97.3
3040 97.3
3041 97.35
3042 97.35
3043 97.35
3044 97.35
3045 97.35
3046 97.35
3047 97.45
3048 97.45
3049 97.45
3050 97.45
3051 97.45
3052 97.45
3053 97.45
3054 97.45
3055 97.45
3056 97.55
3057 97.6
3058 97.65
3059 97.65
3060 97.65
3061 97.65
3062 97.7
3063 97.7
3064 97.7
3065 97.85
3066 97.9
3067 97.95
3068 97.95
3069 97.95
3070 98.0
3071 98.0
3072 98.0
3073 98.0
3074 98.0
3075 98.0
3076 98.0
3077 98.0
3078 98.05
3079 98.05
3080 98.05
3081 98.05
3082 98.05
3083 98.1
3084 98.2
3085 98.2
3086 98.25
3087 98.25
3088 98.25
3089 98.3
3090 98.35
3091 98.4
3092 98.4
3093 98.45
3094 98.45
3095 98.5
3096 98.5
3097 98.55
3098 98.55
3099 98.55
3100 98.55
3101 98.55
3102 98.55
3103 98.55
3104 98.55
3105 98.55
3106 98.55
3107 98.6
3108 98.6
3109 98.6
3110 98.65
3111 98.65
3112 98.7
3113 98.7
3114 98.75
3115 98.85
3116 98.85
3117 98.85
3118 98.9
3119 99.05
3120 99.05
3121 99.15
3122 99.15
3123 99.2
3124 99.2
3125 99.2
3126 99.2
3127 99.3
3128 99.45
3129 99.45
3130 99.5
3131 99.55
3132 99.55
3133 99.55
3134 99.55
3135 99.55
3136 99.55
3137 99.55
3138 99.6
3139 99.6
3140 99.65
3141 99.7
3142 99.7
3143 99.75
3144 99.75
3145 99.75
3146 99.8
3147 99.8
3148 99.9
3149 99.9
3150 99.9
3151 99.95
3152 99.95
3153 100.0
3154 100.0
3155 100.0
3156 100.0
3157 100.0
3158 100.0
3159 100.0
3160 100.1
3161 100.1
3162 100.1
3163 100.15
3164 100.15
3165 100.25
3166 100.25
3167 100.25
3168 100.25
3169 100.3
3170 100.3
3171 100.35
3172 100.35
3173 100.35
3174 100.35
3175 100.35
3176 100.35
3177 100.35
3178 100.35
3179 100.35
3180 100.35
3181 100.35
3182 100.4
3183 100.4
3184 100.6
3185 100.6
3186 100.6
3187 100.6
3188 100.6
3189 100.6
3190 100.6
3191 100.65
3192 100.65
3193 100.65
3194 100.65
3195 100.65
3196 100.75
3197 100.75
3198 100.75
3199 100.75
3200 100.75
3201 100.75
3202 100.75
3203 100.85
3204 100.95
3205 101.0
3206 101.0
3207 101.05
3208 101.05
3209 101.1
3210 101.1
3211 101.2
3212 101.2
3213 101.2
3214 101.3
3215 101.3
3216 101.3
3217 101.3
3218 101.3
3219 101.35
3220 101.35
3221 101.35
3222 101.35
3223 101.4
3224 101.45
3225 101.45
3226 101.5
3227 101.5
3228 101.7
3229 101.7
3230 101.7
3231 101.7
3232 101.75
3233 101.75
3234 101.75
3235 101.75
3236 101.75
3237 101.75
3238 101.75
3239 101.75
3240 101.75
3241 101.75
3242 101.75
3243 101.75
3244 101.75
3245 101.75
3246 101.75
3247 101.8
3248 101.85
3249 101.85
3250 101.9
3251 101.95
3252 101.95
3253 101.95
3254 101.95
3255 102.05
3256 102.05
3257 102.05
3258 102.05
3259 102.1
3260 102.1
3261 102.1
3262 102.1
3263 102.1
3264 102.1
3265 102.1
3266 102.1
3267 102.1
3268 102.2
3269 102.2
3270 102.2
3271 102.3
3272 102.3
3273 102.3
3274 102.3
3275 102.3
3276 102.35
3277 102.35
3278 102.35
3279 102.4
3280 102.4
3281 102.45
3282 102.45
3283 102.45
3284 102.5
3285 102.5
3286 102.5
3287 102.5
3288 102.65
3289 102.75
3290 102.8
3291 102.8
3292 102.85
3293 102.85
3294 102.85
3295 102.85
3296 103.0
3297 103.0
3298 103.0
3299 103.0
3300 103.1
3301 103.15
3302 103.15
3303 103.2
3304 103.2
3305 103.2
3306 103.2
3307 103.2
3308 103.2
3309 103.2
3310 103.2
3311 103.2
3312 103.25
3313 103.25
3314 103.25
3315 103.25
3316 103.3
3317 103.3
3318 103.35
3319 103.4
3320 103.4
3321 103.65
3322 103.7
3323 103.7
3324 103.8
3325 103.8
3326 103.8
3327 103.8
3328 103.8
3329 103.9
3330 103.95
3331 103.95
3332 103.95
3333 103.95
3334 103.95
3335 104.0
3336 104.0
3337 104.05
3338 104.05
3339 104.05
3340 104.05
3341 104.05
3342 104.05
3343 104.05
3344 104.1
3345 104.1
3346 104.1
3347 104.1
3348 104.1
3349 104.1
3350 104.1
3351 104.1
3352 104.1
3353 104.1
3354 104.1
3355 104.1
3356 104.1
3357 104.1
3358 104.15
3359 104.15
3360 104.15
3361 104.15
3362 104.15
3363 104.25
3364 104.3
3365 104.3
3366 104.3
3367 104.3
3368 104.3
3369 104.3
3370 104.35
3371 104.35
3372 104.35
3373 104.35
3374 104.45
3375 104.5
3376 104.6
3377 104.6
3378 104.6
3379 104.65
3380 104.7
3381 104.7
3382 104.75
3383 104.75
3384 104.75
3385 104.75
3386 104.75
3387 104.8
3388 104.8
3389 104.8
3390 104.85
3391 104.85
3392 104.85
3393 104.9
3394 104.9
3395 104.9
3396 104.9
3397 104.9
3398 104.95
3399 104.95
3400 104.95
3401 105.05
3402 105.05
3403 105.05
3404 105.05
3405 105.05
3406 105.15
3407 105.15
3408 105.15
3409 105.2
3410 105.25
3411 105.25
3412 105.3
3413 105.3
3414 105.4
3415 105.4
3416 105.45
3417 105.45
3418 105.45
3419 105.45
3420 105.45
3421 105.45
3422 105.45
3423 105.45
3424 105.45
3425 105.45
3426 105.45
3427 105.45
3428 105.45
3429 105.45
3430 105.45
3431 105.45
3432 105.45
3433 105.45
3434 105.45
3435 105.45
3436 105.5
3437 105.5
3438 105.5
3439 105.5
3440 105.5
3441 105.55
3442 105.55
3443 105.6
3444 105.6
3445 105.6
3446 105.65
3447 105.75
3448 105.75
3449 105.75
3450 105.75
3451 105.75
3452 105.8
3453 105.9
3454 105.9
3455 105.9
3456 106.05
3457 106.05
3458 106.15
3459 106.15
3460 106.15
3461 106.15
3462 106.2
3463 106.25
3464 106.3
3465 106.35
3466 106.4
3467 106.5
3468 106.5
3469 106.5
3470 106.5
3471 106.5
3472 106.5
3473 106.5
3474 106.5
3475 106.5
3476 106.55
3477 106.55
3478 106.55
3479 106.55
3480 106.65
3481 106.7
3482 106.75
3483 106.8
3484 106.8
3485 106.8
3486 106.8
3487 106.8
3488 106.85
3489 106.85
3490 106.85
3491 106.85
3492 106.85
3493 106.9
3494 106.9
3495 106.95
3496 107.0
3497 107.0
3498 107.0
3499 107.0
3500 107.0
3501 107.0
3502 107.0
3503 107.0
3504 107.1
3505 107.15
3506 107.15
3507 107.15
3508 107.15
3509 107.2
3510 107.2
3511 107.2
3512 107.2
3513 107.3
3514 107.3
3515 107.3
3516 107.3
3517 107.35
3518 107.4
3519 107.5
3520 107.5
3521 107.65
3522 107.75
3523 107.75
3524 107.8
3525 107.85
3526 107.9
3527 107.9
3528 107.9
3529 107.9
3530 107.9
3531 107.95
3532 107.95
3533 108.0
3534 108.0
3535 108.0
3536 108.0
3537 108.0
3538 108.0
3539 108.0
3540 108.0
3541 108.0
3542 108.0
3543 108.0
3544 108.0
3545 108.0
3546 108.0
3547 108.05
3548 108.05
3549 108.1
3550 108.15
3551 108.2
3552 108.25
3553 108.25
3554 108.25
3555 108.3
3556 108.3
3557 108.3
3558 108.3
3559 108.4
3560 108.45
3561 108.45
3562 108.45
3563 108.45
3564 108.5
3565 108.55
3566 108.55
3567 108.7
3568 108.7
3569 108.7
3570 108.7
3571 108.7
3572 108.7
3573 108.7
3574 108.7
3575 108.7
3576 108.7
3577 108.7
3578 108.75
3579 108.75
3580 108.75
3581 108.75
3582 108.75
3583 108.75
3584 108.8
3585 108.8
3586 108.8
3587 108.8
3588 108.85
3589 108.9
3590 108.9
3591 109.0
3592 109.1
3593 109.25
3594 109.25
3595 109.35
3596 109.35
3597 109.4
3598 109.4
3599 109.4
3600 109.4
3601 109.4
3602 109.4
3603 109.4
3604 109.45
3605 109.45
3606 109.5
3607 109.5
3608 109.5
3609 109.5
3610 109.5
3611 109.5
3612 109.5
3613 109.5
3614 109.5
3615 109.55
3616 109.55
3617 109.55
3618 109.55
3619 109.55
3620 109.55
3621 109.55
3622 109.55
3623 109.55
3624 109.55
3625 109.55
3626 109.55
3627 109.6
3628 109.65
3629 109.65
3630 109.65
3631 109.7
3632 109.75
3633 109.75
3634 109.75
3635 109.9
3636 109.9
3637 109.95
3638 109.95
3639 109.95
3640 109.95
3641 109.95
3642 110.0
3643 110.0
3644 110.05
3645 110.05
3646 110.1
3647 110.1
3648 110.1
3649 110.1
3650 110.3
3651 110.3
3652 110.35
3653 110.35
3654 110.35
3655 110.35
3656 110.5
3657 110.5
3658 110.55
3659 110.55
3660 110.55
3661 110.55
3662 110.55
3663 110.6
3664 110.6
3665 110.6
3666 110.65
3667 110.65
3668 110.7
3669 110.7
3670 110.75
3671 110.75
3672 110.75
3673 110.8
3674 110.8
3675 110.8
3676 110.9
3677 110.9
3678 110.9
3679 111.05
3680 111.05
3681 111.05
3682 111.05
3683 111.1
3684 111.1
3685 111.1
3686 111.15
3687 111.2
3688 111.2
3689 111.25
3690 111.25
3691 111.25
3692 111.25
3693 111.25
3694 111.3
3695 111.3
3696 111.35
3697 111.35
3698 111.35
3699 111.35
3700 111.35
3701 111.35
3702 111.35
3703 111.35
3704 111.35
3705 111.35
3706 111.35
3707 111.45
3708 111.45
3709 111.55
3710 111.65
3711 111.7
3712 111.7
3713 111.7
3714 111.7
3715 111.75
3716 111.8
3717 111.8
3718 111.85
3719 111.85
3720 111.85
3721 111.85
3722 111.9
3723 111.9
3724 111.9
3725 111.9
3726 111.95
3727 111.95
3728 111.95
3729 111.95
3730 111.95
3731 111.95
3732 111.95
3733 112.0
3734 112.1
3735 112.2
3736 112.2
3737 112.2
3738 112.25
3739 112.25
3740 112.25
3741 112.35
3742 112.35
3743 112.4
3744 112.4
3745 112.5
3746 112.55
3747 112.55
3748 112.55
3749 112.55
3750 112.6
3751 112.6
3752 112.6
3753 112.6
3754 112.6
3755 112.7
3756 112.7
3757 112.7
3758 112.7
3759 112.7
3760 112.75
3761 112.75
3762 112.75
3763 112.75
3764 112.75
3765 112.75
3766 112.9
3767 112.9
3768 112.9
3769 112.9
3770 112.95
3771 113.0
3772 113.0
3773 113.05
3774 113.05
3775 113.05
3776 113.1
3777 113.1
3778 113.1
3779 113.1
3780 113.15
3781 113.15
3782 113.15
3783 113.15
3784 113.15
3785 113.25
3786 113.25
3787 113.25
3788 113.25
3789 113.3
3790 113.3
3791 113.3
3792 113.3
3793 113.3
3794 113.3
3795 113.3
3796 113.3
3797 113.35
3798 113.35
3799 113.35
3800 113.4
3801 113.45
3802 113.45
3803 113.45
3804 113.45
3805 113.5
3806 113.5
3807 113.5
3808 113.5
3809 113.6
3810 113.6
3811 113.6
3812 113.7
3813 113.7
3814 113.75
3815 113.75
3816 113.75
3817 113.8
3818 113.85
3819 113.85
3820 113.95
3821 113.95
3822 113.95
3823 113.95
3824 114.0
3825 114.05
3826 114.05
3827 114.05
3828 114.05
3829 114.05
3830 114.05
3831 114.05
3832 114.2
3833 114.2
3834 114.25
3835 114.25
3836 114.25
3837 114.25
3838 114.25
3839 114.25
3840 114.25
3841 114.25
3842 114.25
3843 114.25
3844 114.25
3845 114.25
3846 114.25
3847 114.25
3848 114.25
3849 114.3
3850 114.35
3851 114.45
3852 114.5
3853 114.5
3854 114.5
3855 114.5
3856 114.8
3857 114.8
3858 114.8
3859 114.8
3860 114.85
3861 114.85
3862 114.9
3863 114.9
3864 114.95
3865 115.0
3866 115.0
3867 115.05
3868 115.05
3869 115.05
3870 115.05
3871 115.1
3872 115.15
3873 115.15
3874 115.25
3875 115.25
3876 115.25
3877 115.25
3878 115.25
3879 115.25
3880 115.25
3881 115.25
3882 115.25
3883 115.3
3884 115.3
3885 115.35
3886 115.35
3887 115.45
3888 115.45
3889 115.45
3890 115.5
3891 115.5
3892 115.55
3893 115.6
3894 115.6
3895 115.6
3896 115.6
3897 115.65
3898 115.65
3899 115.7
3900 115.7
3901 115.7
3902 115.7
3903 115.75
3904 115.75
3905 115.75
3906 115.75
3907 115.8
3908 115.8
3909 115.8
3910 115.8
3911 115.8
3912 115.85
3913 115.85
3914 115.85
3915 115.9
3916 115.95
3917 116.0
3918 116.0
3919 116.0
3920 116.0
3921 116.0
3922 116.0
3923 116.0
3924 116.05
3925 116.05
3926 116.05
3927 116.05
3928 116.05
3929 116.05
3930 116.05
3931 116.05
3932 116.1
3933 116.1
3934 116.1
3935 116.1
3936 116.1
3937 116.1
3938 116.1
3939 116.15
3940 116.2
3941 116.2
3942 116.2
3943 116.2
3944 116.25
3945 116.25
3946 116.35
3947 116.45
3948 116.45
3949 116.45
3950 116.45
3951 116.45
3952 116.45
3953 116.5
3954 116.6
3955 116.6
3956 116.6
3957 116.6
3958 116.6
3959 116.7
3960 116.75
3961 116.75
3962 116.75
3963 116.75
3964 116.75
3965 116.75
3966 116.85
3967 116.9
3968 116.9
3969 116.9
3970 116.95
3971 117.1
3972 117.1
3973 117.1
3974 117.1
3975 117.1
3976 117.1
3977 117.1
3978 117.1
3979 117.15
3980 117.15
3981 117.15
3982 117.2
3983 117.2
3984 117.3
3985 117.3
3986 117.3
3987 117.45
3988 117.45
3989 117.45
3990 117.55
3991 117.55
3992 117.55
3993 117.8
3994 117.8
3995 117.8
3996 117.8
3997 117.8
3998 117.8
3999 117.8
4000 117.8
4001 117.8
4002 117.8
4003 117.8
4004 117.8
4005 117.8
4006 117.8
4007 117.85
4008 117.85
4009 117.95
4010 117.95
4011 117.95
4012 117.95
4013 118.0
4014 118.0
4015 118.0
4016 118.05
4017 118.05
4018 118.05
4019 118.1
4020 118.1
4021 118.1
4022 118.1
4023 118.1
4024 118.1
4025 118.1
4026 118.15
4027 118.15
4028 118.15
4029 118.2
4030 118.2
4031 118.2
4032 118.2
4033 118.35
4034 118.35
4035 118.35
4036 118.35
4037 118.4
4038 118.4
4039 118.45
4040 118.45
4041 118.5
4042 118.5
4043 118.55
4044 118.55
4045 118.6
4046 118.6
4047 118.75
4048 118.75
4049 118.75
4050 118.75
4051 118.8
4052 118.85
4053 118.85
4054 118.85
4055 118.85
4056 118.85
4057 118.85
4058 118.9
4059 118.9
4060 118.95
4061 118.95
4062 118.95
4063 118.95
4064 119.05
4065 119.15
4066 119.2
4067 119.2
4068 119.2
4069 119.25
4070 119.25
4071 119.3
4072 119.3
4073 119.3
4074 119.3
4075 119.35
4076 119.35
4077 119.35
4078 119.4
4079 119.4
4080 119.45
4081 119.45
4082 119.45
4083 119.45
4084 119.45
4085 119.45
4086 119.55
4087 119.55
4088 119.55
4089 119.55
4090 119.6
4091 119.6
4092 119.6
4093 119.65
4094 119.7
4095 119.7
4096 119.75
4097 119.9
4098 119.9
4099 119.9
4100 119.9
4101 119.9
4102 119.95
4103 120.0
4104 120.05
4105 120.05
4106 120.1
4107 120.1
4108 120.15
4109 120.15
4110 120.15
4111 120.15
4112 120.15
4113 120.15
4114 120.15
4115 120.15
4116 120.15
4117 120.25
4118 120.25
4119 120.3
4120 120.3
4121 120.3
4122 120.35
4123 120.4
4124 120.4
4125 120.4
4126 120.45
4127 120.5
4128 120.5
4129 120.55
4130 120.55
4131 120.55
4132 120.55
4133 120.55
4134 120.55
4135 120.55
4136 120.55
4137 120.55
4138 120.6
4139 120.7
4140 120.7
4141 120.7
4142 120.7
4143 120.8
4144 120.85
4145 120.85
4146 120.85
4147 121.0
4148 121.05
4149 121.05
4150 121.05
4151 121.05
4152 121.05
4153 121.05
4154 121.1
4155 121.1
4156 121.1
4157 121.1
4158 121.1
4159 121.1
4160 121.1
4161 121.1
4162 121.1
4163 121.1
4164 121.25
4165 121.25
4166 121.25
4167 121.35
4168 121.35
4169 121.4
4170 121.4
4171 121.4
4172 121.4
4173 121.4
4174 121.4
4175 121.4
4176 121.5
4177 121.5
4178 121.5
4179 121.5
4180 121.5
4181 121.55
4182 121.55
4183 121.6
4184 121.65
4185 121.65
4186 121.7
4187 121.7
4188 121.7
4189 121.7
4190 121.7
4191 121.7
4192 121.7
4193 121.7
4194 121.7
4195 121.75
4196 121.75
4197 121.75
4198 121.75
4199 121.75
4200 121.8
4201 121.85
4202 121.85
4203 121.85
4204 121.85
4205 121.85
4206 121.85
4207 121.85
4208 121.85
4209 121.85
4210 121.85
4211 121.85
4212 121.85
4213 121.85
4214 121.9
4215 121.9
4216 121.9
4217 121.95
4218 121.95
4219 121.95
4220 122.0
4221 122.0
4222 122.1
4223 122.1
4224 122.1
4225 122.2
4226 122.25
4227 122.3
4228 122.3
4229 122.3
4230 122.35
4231 122.35
4232 122.35
4233 122.35
4234 122.35
4235 122.35
4236 122.35
4237 122.35
4238 122.4
4239 122.4
4240 122.4
4241 122.4
4242 122.45
4243 122.45
4244 122.45
4245 122.5
4246 122.5
4247 122.5
4248 122.55
4249 122.55
4250 122.55
4251 122.6
4252 122.6
4253 122.6
4254 122.6
4255 122.6
4256 122.6
4257 122.6
4258 122.6
4259 122.65
4260 122.75
4261 122.8
4262 122.9
4263 122.9
4264 122.9
4265 122.9
4266 122.9
4267 122.9
4268 122.9
4269 122.9
4270 122.9
4271 122.9
4272 122.9
4273 122.9
4274 122.95
4275 122.95
4276 122.95
4277 122.95
4278 122.95
4279 122.95
4280 123.1
4281 123.1
4282 123.1
4283 123.1
4284 123.2
4285 123.2
4286 123.2
4287 123.2
4288 123.2
4289 123.2
4290 123.2
4291 123.2
4292 123.35
4293 123.45
4294 123.45
4295 123.45
4296 123.45
4297 123.45
4298 123.45
4299 123.45
4300 123.45
4301 123.45
4302 123.45
4303 123.5
4304 123.5
4305 123.5
4306 123.55
4307 123.55
4308 123.55
4309 123.55
4310 123.55
4311 123.55
4312 123.55
4313 123.55
4314 123.6
4315 123.75
4316 123.75
4317 123.75
4318 123.75
4319 123.75
4320 123.9
4321 124.0
4322 124.0
4323 124.1
4324 124.1
4325 124.1
4326 124.1
4327 124.1
4328 124.1
4329 124.1
4330 124.1
4331 124.1
4332 124.1
4333 124.1
4334 124.1
4335 124.1
4336 124.1
4337 124.1
4338 124.1
4339 124.1
4340 124.1
4341 124.1
4342 124.15
4343 124.2
4344 124.2
4345 124.2
4346 124.2
4347 124.2
4348 124.2
4349 124.3
4350 124.3
4351 124.3
4352 124.3
4353 124.3
4354 124.3
4355 124.35
4356 124.35
4357 124.35
4358 124.4
4359 124.5
4360 124.55
4361 124.6
4362 124.6
4363 124.6
4364 124.6
4365 124.6
4366 124.6
4367 124.65
4368 124.65
4369 124.7
4370 124.75
4371 124.75
4372 124.75
4373 124.75
4374 124.8
4375 124.8
4376 124.85
4377 124.85
4378 124.85
4379 124.85
4380 124.85
4381 124.9
4382 124.95
4383 124.95
4384 125.0
4385 125.0
4386 125.0
4387 125.1
4388 125.1
4389 125.1
4390 125.1
4391 125.1
4392 125.15
4393 125.15
4394 125.2
4395 125.25
4396 125.3
4397 125.35
4398 125.35
4399 125.35
4400 125.45
4401 125.65
4402 125.65
4403 125.65
4404 125.65
4405 125.65
4406 125.75
4407 125.8
4408 125.8
4409 125.8
4410 125.8
4411 125.8
4412 125.8
4413 125.8
4414 125.8
4415 125.8
4416 125.8
4417 125.8
4418 125.8
4419 125.85
4420 125.85
4421 125.85
4422 125.85
4423 125.85
4424 125.85
4425 125.85
4426 125.85
4427 125.85
4428 125.85
4429 125.85
4430 125.9
4431 125.9
4432 126.0
4433 126.0
4434 126.0
4435 126.0
4436 126.0
4437 126.05
4438 126.05
4439 126.1
4440 126.1
4441 126.1
4442 126.1
4443 126.1
4444 126.1
4445 126.1
4446 126.1
4447 126.1
4448 126.1
4449 126.1
4450 126.1
4451 126.15
4452 126.15
4453 126.15
4454 126.25
4455 126.25
4456 126.25
4457 126.25
4458 126.25
4459 126.35
4460 126.35
4461 126.35
4462 126.35
4463 126.4
4464 126.4
4465 126.4
4466 126.4
4467 126.4
4468 126.4
4469 126.4
4470 126.4
4471 126.45
4472 126.45
4473 126.45
4474 126.45
4475 126.5
4476 126.5
4477 126.5
4478 126.5
4479 126.5
4480 126.55
4481 126.55
4482 126.55
4483 126.6
4484 126.6
4485 126.65
4486 126.65
4487 126.65
4488 126.7
4489 126.7
4490 126.7
4491 126.8
4492 126.8
4493 126.8
4494 126.8
4495 126.8
4496 126.8
4497 126.8
4498 126.8
4499 126.8
4500 126.85
4501 126.85
4502 126.85
4503 126.85
4504 126.85
4505 126.9
4506 126.9
4507 126.9
4508 126.9
4509 126.9
4510 126.95
4511 126.95
4512 127.0
4513 127.0
4514 127.0
4515 127.0
4516 127.0
4517 127.0
4518 127.0
4519 127.0
4520 127.0
4521 127.05
4522 127.05
4523 127.05
4524 127.05
4525 127.05
4526 127.05
4527 127.15
4528 127.2
4529 127.2
4530 127.3
4531 127.3
4532 127.3
4533 127.3
4534 127.3
4535 127.4
4536 127.4
4537 127.45
4538 127.45
4539 127.45
4540 127.55
4541 127.55
4542 127.55
4543 127.6
4544 127.6
4545 127.65
4546 127.75
4547 127.8
4548 127.85
4549 127.85
4550 127.9
4551 127.9
4552 127.9
4553 127.9
4554 127.9
4555 127.9
4556 127.9
4557 127.9
4558 127.9
4559 127.9
4560 127.9
4561 127.9
4562 127.95
4563 127.95
4564 127.95
4565 127.95
4566 128.05
4567 128.05
4568 128.05
4569 128.05
4570 128.15
4571 128.15
4572 128.15
4573 128.2
4574 128.2
4575 128.2
4576 128.2
4577 128.3
4578 128.3
4579 128.3
4580 128.3
4581 128.3
4582 128.35
4583 128.35
4584 128.4
4585 128.45
4586 128.5
4587 128.65
4588 128.65
4589 128.7
4590 128.75
4591 128.85
4592 128.9
4593 128.9
4594 128.95
4595 128.95
4596 128.95
4597 129.0
4598 129.0
4599 129.0
4600 129.0
4601 129.0
4602 129.0
4603 129.0
4604 129.0
4605 129.0
4606 129.0
4607 129.0
4608 129.25
4609 129.25
4610 129.25
4611 129.25
4612 129.25
4613 129.35
4614 129.4
4615 129.4
4616 129.4
4617 129.4
4618 129.4
4619 129.45
4620 129.5
4621 129.5
4622 129.5
4623 129.5
4624 129.55
4625 129.55
4626 129.55
4627 129.55
4628 129.55
4629 129.55
4630 129.55
4631 129.55
4632 129.55
4633 129.65
4634 129.65
4635 129.65
4636 129.7
4637 129.7
4638 129.7
4639 129.7
4640 129.7
4641 129.7
4642 129.7
4643 129.75
4644 129.85
4645 129.85
4646 129.85
4647 129.85
4648 129.85
4649 129.85
4650 129.85
4651 129.85
4652 129.9
4653 129.9
4654 129.9
4655 129.95
4656 129.95
4657 130.0
4658 130.0
4659 130.0
4660 130.0
4661 130.0
4662 130.1
4663 130.1
4664 130.1
4665 130.1
4666 130.15
4667 130.15
4668 130.15
4669 130.15
4670 130.15
4671 130.15
4672 130.15
4673 130.15
4674 130.15
4675 130.2
4676 130.2
4677 130.2
4678 130.2
4679 130.25
4680 130.25
4681 130.25
4682 130.25
4683 130.25
4684 130.25
4685 130.25
4686 130.35
4687 130.45
4688 130.45
4689 130.45
4690 130.45
4691 130.45
4692 130.45
4693 130.45
4694 130.5
4695 130.65
4696 130.65
4697 130.65
4698 130.65
4699 130.65
4700 130.7
4701 130.7
4702 130.7
4703 130.75
4704 130.75
4705 130.75
4706 130.75
4707 130.75
4708 130.75
4709 130.75
4710 130.75
4711 130.85
4712 130.85
4713 130.85
4714 130.9
4715 130.9
4716 130.95
4717 130.95
4718 131.0
4719 131.0
4720 131.0
4721 131.0
4722 131.0
4723 131.0
4724 131.0
4725 131.15
4726 131.15
4727 131.15
4728 131.15
4729 131.15
4730 131.15
4731 131.2
4732 131.2
4733 131.2
4734 131.2
4735 131.2
4736 131.2
4737 131.2
4738 131.2
4739 131.2
4740 131.2
4741 131.2
4742 131.2
4743 131.2
4744 131.25
4745 131.3
4746 131.3
4747 131.35
4748 131.4
4749 131.4
4750 131.4
4751 131.4
4752 131.5
4753 131.5
4754 131.5
4755 131.5
4756 131.5
4757 131.5
4758 131.55
4759 131.6
4760 131.6
4761 131.6
4762 131.6
4763 131.6
4764 131.6
4765 131.6
4766 131.6
4767 131.6
4768 131.6
4769 131.6
4770 131.6
4771 131.6
4772 131.6
4773 131.6
4774 131.65
4775 131.65
4776 131.7
4777 131.7
4778 131.75
4779 131.75
4780 131.85
4781 131.9
4782 131.9
4783 131.9
4784 131.9
4785 131.95
4786 131.95
4787 131.95
4788 131.95
4789 131.95
4790 132.0
4791 132.0
4792 132.05
4793 132.05
4794 132.05
4795 132.05
4796 132.05
4797 132.05
4798 132.05
4799 132.05
4800 132.1
4801 132.1
4802 132.25
4803 132.25
4804 132.25
4805 132.3
4806 132.3
4807 132.3
4808 132.35
4809 132.35
4810 132.35
4811 132.35
4812 132.35
4813 132.35
4814 132.4
4815 132.4
4816 132.4
4817 132.4
4818 132.4
4819 132.4
4820 132.4
4821 132.5
4822 132.5
4823 132.55
4824 132.55
4825 132.55
4826 132.55
4827 132.55
4828 132.55
4829 132.55
4830 132.55
4831 132.55
4832 132.55
4833 132.55
4834 132.55
4835 132.6
4836 132.6
4837 132.65
4838 132.65
4839 132.7
4840 132.7
4841 132.7
4842 132.7
4843 132.7
4844 132.75
4845 132.75
4846 132.75
4847 132.75
4848 132.75
4849 132.85
4850 132.9
4851 132.9
4852 132.9
4853 132.95
4854 133.05
4855 133.05
4856 133.05
4857 133.05
4858 133.05
4859 133.1
4860 133.15
4861 133.15
4862 133.15
4863 133.15
4864 133.15
4865 133.15
4866 133.3
4867 133.35
4868 133.35
4869 133.35
4870 133.4
4871 133.4
4872 133.45
4873 133.45
4874 133.5
4875 133.5
4876 133.5
4877 133.5
4878 133.55
4879 133.55
4880 133.6
4881 133.65
4882 133.65
4883 133.7
4884 133.7
4885 133.7
4886 133.7
4887 133.75
4888 133.75
4889 133.75
4890 133.8
4891 133.8
4892 133.8
4893 133.8
4894 133.8
4895 133.85
4896 133.85
4897 133.85
4898 133.85
4899 133.85
4900 133.85
4901 133.85
4902 133.85
4903 133.85
4904 134.0
4905 134.0
4906 134.0
4907 134.0
4908 134.0
4909 134.0
4910 134.0
4911 134.0
4912 134.0
4913 134.0
4914 134.0
4915 134.0
4916 134.0
4917 134.05
4918 134.05
4919 134.1
4920 134.1
4921 134.1
4922 134.1
4923 134.15
4924 134.2
4925 134.2
4926 134.2
4927 134.2
4928 134.3
4929 134.3
4930 134.3
4931 134.35
4932 134.35
4933 134.35
4934 134.4
4935 134.5
4936 134.5
4937 134.5
4938 134.5
4939 134.5
4940 134.5
4941 134.5
4942 134.5
4943 134.55
4944 134.55
4945 134.55
4946 134.55
4947 134.55
4948 134.55
4949 134.55
4950 134.6
4951 134.6
4952 134.65
4953 134.65
4954 134.65
4955 134.65
4956 134.65
4957 134.65
4958 134.65
4959 134.65
4960 134.65
4961 134.65
4962 134.7
4963 134.7
4964 134.7
4965 134.7
4966 134.7
4967 134.7
4968 134.75
4969 134.75
4970 134.75
4971 134.8
4972 134.85
4973 134.85
4974 134.9
4975 134.95
4976 134.95
4977 134.95
4978 135.0
4979 135.0
4980 135.15
4981 135.25
4982 135.25
4983 135.3
4984 135.3
4985 135.3
4986 135.4
4987 135.4
4988 135.4
4989 135.4
4990 135.4
4991 135.4
4992 135.4
4993 135.45
4994 135.45
4995 135.45
4996 135.5
4997 135.5
4998 135.5
4999 135.5
5000 135.5
5001 135.5
5002 135.5
5003 135.5
5004 135.55
5005 135.65
5006 135.7
5007 135.75
5008 135.75
5009 135.75
5010 135.75
5011 135.75
5012 135.75
5013 135.75
5014 135.75
5015 135.75
5016 135.85
5017 135.9
5018 135.9
5019 135.95
5020 135.95
5021 136.0
5022 136.05
5023 136.05
5024 136.05
5025 136.05
5026 136.05
5027 136.1
5028 136.1
5029 136.1
5030 136.1
5031 136.1
5032 136.1
5033 136.1
5034 136.1
5035 136.1
5036 136.1
5037 136.15
5038 136.2
5039 136.25
5040 136.25
5041 136.3
5042 136.35
5043 136.35
5044 136.35
5045 136.35
5046 136.35
5047 136.35
5048 136.35
5049 136.35
5050 136.35
5051 136.35
5052 136.35
5053 136.35
5054 136.4
5055 136.45
5056 136.45
5057 136.45
5058 136.45
5059 136.45
5060 136.45
5061 136.45
5062 136.45
5063 136.45
5064 136.45
5065 136.45
5066 136.45
5067 136.45
5068 136.45
5069 136.45
5070 136.45
5071 136.45
5072 136.45
5073 136.45
5074 136.45
5075 136.45
5076 136.45
5077 136.5
5078 136.5
5079 136.5
5080 136.5
5081 136.5
5082 136.5
5083 136.5
5084 136.5
5085 136.5
5086 136.55
5087 136.6
5088 136.6
5089 136.65
5090 136.65
5091 136.65
5092 136.65
5093 136.65
5094 136.65
5095 136.65
5096 136.65
5097 136.65
5098 136.65
5099 136.65
5100 136.7
5101 136.7
5102 136.7
5103 136.7
5104 136.8
5105 136.8
5106 136.8
5107 136.85
5108 136.85
5109 136.85
5110 136.95
5111 136.95
5112 136.95
5113 137.0
5114 137.1
5115 137.1
5116 137.1
5117 137.1
5118 137.1
5119 137.1
5120 137.1
5121 137.1
5122 137.1
5123 137.15
5124 137.15
5125 137.15
5126 137.15
5127 137.15
5128 137.15
5129 137.2
5130 137.2
5131 137.25
5132 137.25
5133 137.25
5134 137.25
5135 137.25
5136 137.3
5137 137.3
5138 137.3
5139 137.3
5140 137.3
5141 137.4
5142 137.4
5143 137.4
5144 137.4
5145 137.4
5146 137.4
5147 137.4
5148 137.4
5149 137.4
5150 137.4
5151 137.4
5152 137.4
5153 137.4
5154 137.4
5155 137.45
5156 137.45
5157 137.55
5158 137.65
5159 137.65
5160 137.7
5161 137.8
5162 137.8
5163 137.8
5164 137.85
5165 137.9
5166 137.9
5167 137.9
5168 137.95
5169 138.0
5170 138.0
5171 138.0
5172 138.0
5173 138.0
5174 138.0
5175 138.0
5176 138.0
5177 138.0
5178 138.0
5179 138.0
5180 138.05
5181 138.05
5182 138.1
5183 138.15
5184 138.15
5185 138.25
5186 138.35
5187 138.35
5188 138.35
5189 138.35
5190 138.35
5191 138.35
5192 138.35
5193 138.35
5194 138.35
5195 138.35
5196 138.35
5197 138.35
5198 138.4
5199 138.4
5200 138.4
5201 138.55
5202 138.55
5203 138.55
5204 138.55
5205 138.6
5206 138.6
5207 138.6
5208 138.6
5209 138.65
5210 138.7
5211 138.7
5212 138.7
5213 138.7
5214 138.7
5215 138.7
5216 138.75
5217 138.75
5218 138.75
5219 138.8
5220 138.8
5221 138.8
5222 138.8
5223 138.85
5224 138.85
5225 138.85
5226 138.85
5227 138.85
5228 138.9
5229 138.9
5230 138.9
5231 138.95
5232 139.0
5233 139.0
5234 139.0
5235 139.0
5236 139.0
5237 139.0
5238 139.05
5239 139.05
5240 139.05
5241 139.05
5242 139.05
5243 139.2
5244 139.25
5245 139.25
5246 139.25
5247 139.25
5248 139.3
5249 139.3
5250 139.3
5251 139.3
5252 139.3
5253 139.35
5254 139.35
5255 139.35
5256 139.45
5257 139.45
5258 139.5
5259 139.5
5260 139.5
5261 139.5
5262 139.5
5263 139.5
5264 139.5
5265 139.6
5266 139.6
5267 139.65
5268 139.65
5269 139.65
5270 139.65
5271 139.65
5272 139.65
5273 139.7
5274 139.7
5275 139.7
5276 139.7
5277 139.7
5278 139.75
5279 139.75
5280 139.75
5281 139.75
5282 139.8
5283 139.8
5284 139.8
5285 139.8
5286 139.8
5287 139.8
5288 139.8
5289 139.8
5290 139.8
5291 139.85
5292 139.85
5293 139.85
5294 139.85
5295 139.85
5296 139.85
5297 139.85
5298 139.85
5299 139.85
5300 139.9
5301 139.9
5302 139.9
5303 139.95
5304 139.95
5305 139.95
5306 139.95
5307 139.95
5308 139.95
5309 140.0
5310 140.0
5311 140.05
5312 140.05
5313 140.05
5314 140.05
5315 140.05
5316 140.05
5317 140.05
5318 140.05
5319 140.05
5320 140.05
5321 140.1
5322 140.1
5323 140.15
5324 140.15
5325 140.15
5326 140.15
5327 140.15
5328 140.2
5329 140.2
5330 140.2
5331 140.25
5332 140.25
5333 140.25
5334 140.3
5335 140.3
5336 140.35
5337 140.35
5338 140.35
5339 140.35
5340 140.35
5341 140.35
5342 140.35
5343 140.35
5344 140.35
5345 140.35
5346 140.35
5347 140.35
5348 140.35
5349 140.35
5350 140.35
5351 140.45
5352 140.45
5353 140.45
5354 140.45
5355 140.5
5356 140.5
5357 140.5
5358 140.55
5359 140.6
5360 140.6
5361 140.6
5362 140.6
5363 140.6
5364 140.6
5365 140.6
5366 140.65
5367 140.65
5368 140.65
5369 140.65
5370 140.65
5371 140.65
5372 140.65
5373 140.65
5374 140.65
5375 140.7
5376 140.7
5377 140.75
5378 140.8
5379 140.85
5380 140.85
5381 140.85
5382 140.9
5383 140.9
5384 140.9
5385 140.9
5386 141.0
5387 141.0
5388 141.0
5389 141.0
5390 141.0
5391 141.0
5392 141.0
5393 141.0
5394 141.05
5395 141.05
5396 141.15
5397 141.2
5398 141.2
5399 141.2
5400 141.35
5401 141.35
5402 141.35
5403 141.35
5404 141.4
5405 141.45
5406 141.45
5407 141.55
5408 141.55
5409 141.55
5410 141.55
5411 141.65
5412 141.65
5413 141.65
5414 141.7
5415 141.7
5416 141.7
5417 141.7
5418 141.7
5419 141.7
5420 141.7
5421 141.7
5422 141.75
5423 141.75
5424 141.8
5425 141.85
5426 141.85
5427 141.85
5428 141.85
5429 141.85
5430 141.85
5431 141.85
5432 141.85
5433 141.85
5434 141.85
5435 141.85
5436 141.9
5437 142.05
5438 142.1
5439 142.1
5440 142.2
5441 142.2
5442 142.25
5443 142.25
5444 142.3
5445 142.3
5446 142.3
5447 142.3
5448 142.3
5449 142.3
5450 142.3
5451 142.3
5452 142.3
5453 142.3
5454 142.3
5455 142.35
5456 142.35
5457 142.35
5458 142.35
5459 142.35
5460 142.35
5461 142.35
5462 142.45
5463 142.45
5464 142.5
5465 142.5
5466 142.5
5467 142.5
5468 142.5
5469 142.5
5470 142.5
5471 142.5
5472 142.7
5473 142.75
5474 142.75
5475 142.75
5476 142.75
5477 142.75
5478 142.75
5479 142.85
5480 143.0
5481 143.0
5482 143.0
5483 143.0
5484 143.0
5485 143.0
5486 143.0
5487 143.0
5488 143.0
5489 143.0
5490 143.0
5491 143.0
5492 143.05
5493 143.1
5494 143.1
5495 143.1
5496 143.1
5497 143.2
5498 143.2
5499 143.2
5500 143.25
5501 143.25
5502 143.25
5503 143.3
5504 143.35
5505 143.35
5506 143.35
5507 143.4
5508 143.4
5509 143.45
5510 143.45
5511 143.45
5512 143.5
5513 143.5
5514 143.5
5515 143.5
5516 143.5
5517 143.55
5518 143.55
5519 143.55
5520 143.55
5521 143.55
5522 143.6
5523 143.6
5524 143.6
5525 143.6
5526 143.6
5527 143.6
5528 143.6
5529 143.6
5530 143.6
5531 143.6
5532 143.6
5533 143.6
5534 143.6
5535 143.6
5536 143.6
5537 143.6
5538 143.6
5539 143.6
5540 143.6
5541 143.6
5542 143.65
5543 143.65
5544 143.65
5545 143.7
5546 143.7
5547 143.75
5548 143.75
5549 143.75
5550 143.75
5551 143.75
5552 143.8
5553 143.8
5554 143.8
5555 143.85
5556 143.9
5557 143.9
5558 143.95
5559 143.95
5560 143.95
5561 143.95
5562 143.95
5563 143.95
5564 144.0
5565 144.05
5566 144.05
5567 144.1
5568 144.1
5569 144.1
5570 144.1
5571 144.1
5572 144.1
5573 144.15
5574 144.2
5575 144.2
5576 144.2
5577 144.2
5578 144.25
5579 144.25
5580 144.25
5581 144.3
5582 144.3
5583 144.3
5584 144.35
5585 144.4
5586 144.45
5587 144.5
5588 144.5
5589 144.5
5590 144.5
5591 144.55
5592 144.55
5593 144.55
5594 144.6
5595 144.6
5596 144.6
5597 144.6
5598 144.6
5599 144.6
5600 144.6
5601 144.6
5602 144.6
5603 144.6
5604 144.6
5605 144.6
5606 144.6
5607 144.6
5608 144.65
5609 144.65
5610 144.65
5611 144.7
5612 144.7
5613 144.7
5614 144.7
5615 144.7
5616 144.7
5617 144.7
5618 144.7
5619 144.7
5620 144.7
5621 144.7
5622 144.7
5623 144.7
5624 144.7
5625 144.7
5626 144.7
5627 144.7
5628 144.7
5629 144.75
5630 144.8
5631 144.8
5632 144.8
5633 144.8
5634 144.8
5635 144.8
5636 144.8
5637 144.8
5638 144.8
5639 144.8
5640 144.8
5641 144.8
5642 144.8
5643 144.85
5644 144.85
5645 144.9
5646 144.9
5647 144.9
5648 144.9
5649 144.95
5650 145.0
5651 145.0
5652 145.05
5653 145.05
5654 145.05
5655 145.1
5656 145.1
5657 145.15
5658 145.15
5659 145.15
5660 145.15
5661 145.15
5662 145.15
5663 145.15
5664 145.2
5665 145.2
5666 145.2
5667 145.25
5668 145.25
5669 145.3
5670 145.3
5671 145.3
5672 145.35
5673 145.4
5674 145.4
5675 145.4
5676 145.45
5677 145.45
5678 145.5
5679 145.5
5680 145.5
5681 145.5
5682 145.5
5683 145.5
5684 145.5
5685 145.5
5686 145.55
5687 145.55
5688 145.55
5689 145.55
5690 145.6
5691 145.65
5692 145.65
5693 145.65
5694 145.65
5695 145.65
5696 145.65
5697 145.7
5698 145.7
5699 145.7
5700 145.75
5701 145.8
5702 145.8
5703 145.8
5704 145.8
5705 145.8
5706 145.8
5707 145.8
5708 145.8
5709 145.8
5710 145.85
5711 145.95
5712 145.95
5713 145.95
5714 145.95
5715 146.0
5716 146.0
5717 146.0
5718 146.05
5719 146.05
5720 146.05
5721 146.1
5722 146.1
5723 146.1
5724 146.15
5725 146.15
5726 146.15
5727 146.15
5728 146.2
5729 146.2
5730 146.2
5731 146.2
5732 146.2
5733 146.2
5734 146.25
5735 146.3
5736 146.3
5737 146.3
5738 146.3
5739 146.3
5740 146.3
5741 146.3
5742 146.3
5743 146.3
5744 146.3
5745 146.3
5746 146.4
5747 146.45
5748 146.45
5749 146.45
5750 146.45
5751 146.45
5752 146.45
5753 146.45
5754 146.5
5755 146.5
5756 146.5
5757 146.5
5758 146.5
5759 146.5
5760 146.5
5761 146.55
5762 146.55
5763 146.65
5764 146.7
5765 146.7
5766 146.7
5767 146.75
5768 146.75
5769 146.8
5770 146.8
5771 146.8
5772 146.8
5773 146.8
5774 146.8
5775 146.8
5776 146.8
5777 146.8
5778 146.85
5779 146.85
5780 146.9
5781 146.9
5782 146.95
5783 146.95
5784 146.95
5785 146.95
5786 146.95
5787 147.0
5788 147.1
5789 147.15
5790 147.15
5791 147.15
5792 147.15
5793 147.2
5794 147.2
5795 147.25
5796 147.3
5797 147.3
5798 147.3
5799 147.3
5800 147.3
5801 147.3
5802 147.4
5803 147.45
5804 147.45
5805 147.45
5806 147.45
5807 147.45
5808 147.45
5809 147.45
5810 147.45
5811 147.5
5812 147.5
5813 147.5
5814 147.5
5815 147.5
5816 147.5
5817 147.55
5818 147.6
5819 147.6
5820 147.6
5821 147.6
5822 147.6
5823 147.65
5824 147.7
5825 147.7
5826 147.75
5827 147.75
5828 147.75
5829 147.75
5830 147.75
5831 147.75
5832 147.75
5833 147.85
5834 147.85
5835 147.85
5836 147.85
5837 147.85
5838 147.85
5839 147.95
5840 147.95
5841 148.0
5842 148.0
5843 148.0
5844 148.0
5845 148.0
5846 148.0
5847 148.0
5848 148.0
5849 148.05
5850 148.05
5851 148.05
5852 148.05
5853 148.05
5854 148.05
5855 148.05
5856 148.05
5857 148.05
5858 148.05
5859 148.05
5860 148.05
5861 148.05
5862 148.1
5863 148.1
5864 148.15
5865 148.15
5866 148.15
5867 148.15
5868 148.15
5869 148.2
5870 148.2
5871 148.2
5872 148.25
5873 148.25
5874 148.25
5875 148.3
5876 148.35
5877 148.35
5878 148.35
5879 148.45
5880 148.45
5881 148.55
5882 148.55
5883 148.6
5884 148.65
5885 148.65
5886 148.65
5887 148.65
5888 148.65
5889 148.65
5890 148.65
5891 148.7
5892 148.75
5893 148.75
5894 148.75
5895 148.75
5896 148.75
5897 148.75
5898 148.75
5899 148.85
5900 148.9
5901 148.9
5902 148.9
5903 148.9
5904 148.9
5905 148.95
5906 149.0
5907 149.05
5908 149.05
5909 149.05
5910 149.05
5911 149.05
5912 149.05
5913 149.05
5914 149.05
5915 149.05
5916 149.05
5917 149.1
5918 149.1
5919 149.15
5920 149.15
5921 149.15
5922 149.25
5923 149.3
5924 149.35
5925 149.35
5926 149.35
5927 149.35
5928 149.35
5929 149.35
5930 149.4
5931 149.4
5932 149.4
5933 149.4
5934 149.4
5935 149.45
5936 149.45
5937 149.45
5938 149.45
5939 149.45
5940 149.45
5941 149.5
5942 149.5
5943 149.5
5944 149.55
5945 149.55
5946 149.55
5947 149.55
5948 149.55
5949 149.55
5950 149.6
5951 149.65
5952 149.65
5953 149.7
5954 149.75
5955 149.75
5956 149.75
5957 149.75
5958 149.75
5959 149.75
5960 149.75
5961 149.8
5962 149.8
5963 149.95
5964 149.95
5965 149.95
5966 149.95
5967 149.95
5968 149.95
5969 149.95
5970 149.95
5971 149.95
5972 149.95
5973 149.95
5974 149.95
5975 150.0
5976 150.0
5977 150.0
5978 150.0
5979 150.0
5980 150.05
5981 150.05
5982 150.05
5983 150.1
5984 150.1
5985 150.1
5986 150.1
5987 150.1
5988 150.1
5989 150.1
5990 150.15
5991 150.15
5992 150.15
5993 150.15
5994 150.15
5995 150.25
5996 150.25
5997 150.3
5998 150.3
5999 150.3
