#iterations fitness
0 0.0
1 0.25
2 0.4
3 0.6
4 0.75
5 1.05
6 1.1
7 1.1
8 1.1
9 1.1
10 1.3
11 1.35
12 1.35
13 1.35
14 1.35
15 1.65
16 1.8
17 1.8
18 1.95
19 2.05
20 2.05
21 2.2
22 2.2
23 2.2
24 2.2
25 2.2
26 2.25
27 2.35
28 2.4
29 2.45
30 2.55
31 2.55
32 2.55
33 2.65
34 2.65
35 2.8
36 2.85
37 2.85
38 2.85
39 2.85
40 2.85
41 2.9
42 2.9
43 2.9
44 2.9
45 2.9
46 2.9
47 3.0
48 3.0
49 3.0
50 3.0
51 3.05
52 3.15
53 3.15
54 3.25
55 3.25
56 3.25
57 3.25
58 3.3
59 3.3
60 3.4
61 3.5
62 3.5
63 3.6
64 3.65
65 3.7
66 3.7
67 3.7
68 3.7
69 3.75
70 3.9
71 3.9
72 3.9
73 3.9
74 3.9
75 3.9
76 3.9
77 3.95
78 3.95
79 3.95
80 4.0
81 4.0
82 4.05
83 4.15
84 4.3
85 4.35
86 4.35
87 4.45
88 4.5
89 4.5
90 4.5
91 4.5
92 4.6
93 4.65
94 4.7
95 4.7
96 4.7
97 4.7
98 4.75
99 4.75
100 4.75
101 4.75
102 4.75
103 4.75
104 4.85
105 4.95
106 5.1
107 5.1
108 5.15
109 5.15
110 5.2
111 5.2
112 5.2
113 5.2
114 5.2
115 5.2
116 5.2
117 5.25
118 5.25
119 5.25
120 5.45
121 5.45
122 5.55
123 5.6
124 5.6
125 5.6
126 5.65
127 5.65
128 5.85
129 5.85
130 6.0
131 6.05
132 6.1
133 6.1
134 6.1
135 6.15
136 6.15
137 6.15
138 6.2
139 6.2
140 6.2
141 6.25
142 6.3
143 6.4
144 6.4
145 6.4
146 6.4
147 6.45
148 6.45
149 6.45
150 6.45
151 6.5
152 6.5
153 6.55
154 6.65
155 6.7
156 6.75
157 6.75
158 6.75
159 6.8
160 6.8
161 6.85
162 6.85
163 6.85
164 6.85
165 6.85
166 6.85
167 6.9
168 6.9
169 7.05
170 7.25
171 7.3
172 7.35
173 7.35
174 7.4
175 7.5
176 7.55
177 7.55
178 7.6
179 7.7
180 7.7
181 7.75
182 7.75
183 7.75
184 7.85
185 7.95
186 7.95
187 8.05
188 8.05
189 8.05
190 8.05
191 8.15
192 8.15
193 8.2
194 8.3
195 8.3
196 8.35
197 8.45
198 8.45
199 8.45
200 8.55
201 8.55
202 8.55
203 8.55
204 8.6
205 8.75
206 8.8
207 8.8
208 8.85
209 8.85
210 8.85
211 9.0
212 9.0
213 9.05
214 9.2
215 9.3
216 9.3
217 9.4
218 9.4
219 9.55
220 9.55
221 9.65
222 9.7
223 9.7
224 9.7
225 9.8
226 9.8
227 9.8
228 9.85
229 9.85
230 9.85
231 9.85
232 9.9
233 9.9
234 9.9
235 9.9
236 9.95
237 10.1
238 10.1
239 10.15
240 10.15
241 10.25
242 10.25
243 10.5
244 10.5
245 10.7
246 10.7
247 10.7
248 10.7
249 10.7
250 10.7
251 10.7
252 10.7
253 10.75
254 10.8
255 10.8
256 10.85
257 10.9
258 10.95
259 11.0
260 11.1
261 11.1
262 11.3
263 11.4
264 11.4
265 11.4
266 11.45
267 11.65
268 11.65
269 11.65
270 11.75
271 11.75
272 11.75
273 11.85
274 11.85
275 11.85
276 11.85
277 11.85
278 11.85
279 11.9
280 11.95
281 11.95
282 11.95
283 11.95
284 11.95
285 12.15
286 12.15
287 12.3
288 12.4
289 12.4
290 12.45
291 12.45
292 12.45
293 12.45
294 12.55
295 12.65
296 12.65
297 12.65
298 12.65
299 12.65
300 12.8
301 12.95
302 12.95
303 13.1
304 13.15
305 13.15
306 13.2
307 13.2
308 13.25
309 13.25
310 13.25
311 13.35
312 13.4
313 13.45
314 13.5
315 13.65
316 13.75
317 13.8
318 13.95
319 14.0
320 14.05
321 14.05
322 14.05
323 14.15
324 14.2
325 14.2
326 14.2
327 14.3
328 14.3
329 14.3
330 14.3
331 14.3
332 14.4
333 14.4
334 14.4
335 14.45
336 14.5
337 14.5
338 14.6
339 14.8
340 14.85
341 15.0
342 15.0
343 15.0
344 15.0
345 15.0
346 15.0
347 15.1
348 15.25
349 15.25
350 15.3
351 15.3
352 15.3
353 15.5
354 15.5
355 15.5
356 15.6
357 15.6
358 15.6
359 15.75
360 15.75
361 15.75
362 15.75
363 15.75
364 15.75
365 15.75
366 15.9
367 15.95
368 15.95
369 15.95
370 15.95
371 15.95
372 15.95
373 16.0
374 16.45
375 16.45
376 16.5
377 16.55
378 16.55
379 16.6
380 16.6
381 16.65
382 16.65
383 16.65
384 16.7
385 16.7
386 16.7
387 16.8
388 16.8
389 16.85
390 16.85
391 16.85
392 16.9
393 16.9
394 17.05
395 17.25
396 17.4
397 17.4
398 17.45
399 17.45
400 17.55
401 17.55
402 17.55
403 17.55
404 17.55
405 17.65
406 17.7
407 17.75
408 17.75
409 17.8
410 17.8
411 17.8
412 17.85
413 17.85
414 17.9
415 17.95
416 17.95
417 18.0
418 18.0
419 18.0
420 18.2
421 18.25
422 18.25
423 18.3
424 18.35
425 18.35
426 18.35
427 18.35
428 18.35
429 18.35
430 18.35
431 18.4
432 18.4
433 18.45
434 18.45
435 18.45
436 18.5
437 18.5
438 18.55
439 18.55
440 18.55
441 18.55
442 18.6
443 18.6
444 18.65
445 18.65
446 18.65
447 18.65
448 18.65
449 18.7
450 18.9
451 18.9
452 18.95
453 19.0
454 19.1
455 19.1
456 19.1
457 19.15
458 19.15
459 19.25
460 19.35
461 19.4
462 19.4
463 19.4
464 19.4
465 19.45
466 19.5
467 19.65
468 19.7
469 19.7
470 19.75
471 19.85
472 19.85
473 19.85
474 19.85
475 19.85
476 20.05
477 20.15
478 20.15
479 20.2
480 20.35
481 20.35
482 20.35
483 20.4
484 20.4
485 20.4
486 20.55
487 20.65
488 20.65
489 20.65
490 20.65
491 20.85
492 20.85
493 20.85
494 20.85
495 20.85
496 20.85
497 20.9
498 21.0
499 21.0
500 21.1
501 21.2
502 21.2
503 21.3
504 21.4
505 21.4
506 21.4
507 21.5
508 21.55
509 21.55
510 21.6
511 21.8
512 21.8
513 21.95
514 21.95
515 21.95
516 21.95
517 22.0
518 22.0
519 22.05
520 22.05
521 22.1
522 22.15
523 22.15
524 22.15
525 22.15
526 22.25
527 22.25
528 22.3
529 22.3
530 22.3
531 22.3
532 22.3
533 22.3
534 22.35
535 22.35
536 22.4
537 22.4
538 22.4
539 22.4
540 22.45
541 22.45
542 22.5
543 22.5
544 22.55
545 22.6
546 22.6
547 22.6
548 22.65
549 22.7
550 22.7
551 22.7
552 22.7
553 22.85
554 22.95
555 23.2
556 23.25
557 23.25
558 23.25
559 23.25
560 23.3
561 23.3
562 23.3
563 23.35
564 23.4
565 23.4
566 23.4
567 23.45
568 23.45
569 23.45
570 23.5
571 23.7
572 23.7
573 23.7
574 23.8
575 23.85
576 23.9
577 23.9
578 24.0
579 24.05
580 24.05
581 24.05
582 24.05
583 24.05
584 24.1
585 24.15
586 24.15
587 24.2
588 24.2
589 24.25
590 24.25
591 24.3
592 24.45
593 24.45
594 24.45
595 24.45
596 24.45
597 24.6
598 24.6
599 24.6
600 24.6
601 24.7
602 24.7
603 24.75
604 24.95
605 25.05
606 25.05
607 25.05
608 25.05
609 25.05
610 25.05
611 25.15
612 25.25
613 25.3
614 25.3
615 25.3
616 25.3
617 25.35
618 25.45
619 25.45
620 25.45
621 25.65
622 25.65
623 25.75
624 25.75
625 25.75
626 25.75
627 25.75
628 25.8
629 25.8
630 25.9
631 25.9
632 25.95
633 26.0
634 26.05
635 26.05
636 26.15
637 26.15
638 26.15
639 26.15
640 26.15
641 26.3
642 26.35
643 26.45
644 26.45
645 26.45
646 26.5
647 26.6
648 26.65
649 26.7
650 26.7
651 26.7
652 26.75
653 26.75
654 26.75
655 26.85
656 26.95
657 26.95
658 26.95
659 26.95
660 26.95
661 26.95
662 26.95
663 26.95
664 26.95
665 27.05
666 27.05
667 27.05
668 27.15
669 27.2
670 27.2
671 27.25
672 27.25
673 27.3
674 27.3
675 27.35
676 27.45
677 27.45
678 27.45
679 27.45
680 27.45
681 27.45
682 27.5
683 27.55
684 27.6
685 27.6
686 27.6
687 27.65
688 27.9
689 27.95
690 27.95
691 27.95
692 27.95
693 27.95
694 28.0
695 28.05
696 28.15
697 28.15
698 28.3
699 28.35
700 28.4
701 28.4
702 28.4
703 28.4
704 28.4
705 28.45
706 28.45
707 28.45
708 28.45
709 28.45
710 28.45
711 28.45
712 28.45
713 28.5
714 28.65
715 28.9
716 28.9
717 28.9
718 28.9
719 28.9
720 28.9
721 28.95
722 29.0
723 29.05
724 29.3
725 29.3
726 29.3
727 29.35
728 29.4
729 29.4
730 29.45
731 29.6
732 29.7
733 29.7
734 29.7
735 29.7
736 29.85
737 29.9
738 30.05
739 30.05
740 30.1
741 30.1
742 30.1
743 30.1
744 30.1
745 30.3
746 30.3
747 30.35
748 30.35
749 30.4
750 30.4
751 30.4
752 30.45
753 30.45
754 30.45
755 30.5
756 30.65
757 30.8
758 30.8
759 30.8
760 30.8
761 30.85
762 30.85
763 30.85
764 30.85
765 30.95
766 30.95
767 31.05
768 31.1
769 31.2
770 31.2
771 31.2
772 31.25
773 31.25
774 31.3
775 31.3
776 31.35
777 31.35
778 31.4
779 31.45
780 31.55
781 31.6
782 31.65
783 31.65
784 31.7
785 31.85
786 31.85
787 31.85
788 31.85
789 31.85
790 31.95
791 31.95
792 31.95
793 32.05
794 32.05
795 32.05
796 32.1
797 32.1
798 32.1
799 32.2
800 32.2
801 32.2
802 32.2
803 32.25
804 32.25
805 32.35
806 32.35
807 32.35
808 32.4
809 32.4
810 32.45
811 32.55
812 32.55
813 32.55
814 32.55
815 32.55
816 32.55
817 32.65
818 32.65
819 32.7
820 32.8
821 32.8
822 32.8
823 32.8
824 32.9
825 32.9
826 32.9
827 32.9
828 32.9
829 33.0
830 33.2
831 33.3
832 33.3
833 33.3
834 33.3
835 33.3
836 33.3
837 33.4
838 33.4
839 33.4
840 33.5
841 33.65
842 33.7
843 33.7
844 33.75
845 33.85
846 33.85
847 33.95
848 34.1
849 34.1
850 34.1
851 34.15
852 34.2
853 34.2
854 34.2
855 34.2
856 34.35
857 34.35
858 34.35
859 34.35
860 34.35
861 34.35
862 34.35
863 34.35
864 34.45
865 34.5
866 34.55
867 34.55
868 34.6
869 34.65
870 34.65
871 34.65
872 34.75
873 34.8
874 34.8
875 34.85
876 34.85
877 34.9
878 34.9
879 34.9
880 35.0
881 35.05
882 35.05
883 35.05
884 35.05
885 35.15
886 35.15
887 35.15
888 35.35
889 35.35
890 35.35
891 35.35
892 35.4
893 35.4
894 35.45
895 35.45
896 35.5
897 35.5
898 35.5
899 35.5
900 35.55
901 35.55
902 35.7
903 35.9
904 35.9
905 35.9
906 36.0
907 36.0
908 36.0
909 36.05
910 36.2
911 36.2
912 36.2
913 36.25
914 36.25
915 36.25
916 36.25
917 36.25
918 36.35
919 36.45
920 36.45
921 36.45
922 36.45
923 36.45
924 36.45
925 36.45
926 36.45
927 36.45
928 36.45
929 36.45
930 36.45
931 36.45
932 36.5
933 36.65
934 36.75
935 36.75
936 36.8
937 36.85
938 36.85
939 36.85
940 36.9
941 37.05
942 37.05
943 37.05
944 37.05
945 37.1
946 37.1
947 37.1
948 37.1
949 37.3
950 37.45
951 37.45
952 37.5
953 37.5
954 37.6
955 37.7
956 37.8
957 37.8
958 38.05
959 38.05
960 38.05
961 38.05
962 38.05
963 38.05
964 38.1
965 38.1
966 38.15
967 38.2
968 38.2
969 38.2
970 38.2
971 38.25
972 38.25
973 38.25
974 38.3
975 38.3
976 38.3
977 38.35
978 38.35
979 38.4
980 38.5
981 38.75
982 38.75
983 38.75
984 38.75
985 38.75
986 38.75
987 38.75
988 38.8
989 38.9
990 38.95
991 38.95
992 39.05
993 39.05
994 39.05
995 39.1
996 39.1
997 39.15
998 39.15
999 39.2
1000 39.2
1001 39.2
1002 39.2
1003 39.2
1004 39.2
1005 39.2
1006 39.25
1007 39.25
1008 39.25
1009 39.35
1010 39.35
1011 39.35
1012 39.35
1013 39.4
1014 39.4
1015 39.4
1016 39.4
1017 39.4
1018 39.4
1019 39.4
1020 39.4
1021 39.45
1022 39.55
1023 39.6
1024 39.65
1025 39.75
1026 39.8
1027 39.8
1028 39.85
1029 39.9
1030 39.9
1031 39.95
1032 39.95
1033 39.95
1034 39.95
1035 40.2
1036 40.35
1037 40.45
1038 40.5
1039 40.5
1040 40.55
1041 40.55
1042 40.55
1043 40.55
1044 40.55
1045 40.55
1046 40.7
1047 40.7
1048 40.7
1049 40.8
1050 40.8
1051 40.8
1052 40.8
1053 40.8
1054 40.8
1055 40.8
1056 40.85
1057 40.9
1058 41.0
1059 41.05
1060 41.05
1061 41.05
1062 41.05
1063 41.1
1064 41.2
1065 41.25
1066 41.25
1067 41.4
1068 41.5
1069 41.5
1070 41.65
1071 41.7
1072 41.7
1073 41.7
1074 41.7
1075 41.75
1076 41.75
1077 41.75
1078 41.75
1079 41.9
1080 41.9
1081 41.9
1082 41.9
1083 41.9
1084 41.95
1085 41.95
1086 41.95
1087 42.0
1088 42.05
1089 42.05
1090 42.05
1091 42.05
1092 42.1
1093 42.1
1094 42.1
1095 42.2
1096 42.2
1097 42.2
1098 42.3
1099 42.3
1100 42.35
1101 42.4
1102 42.4
1103 42.45
1104 42.45
1105 42.45
1106 42.45
1107 42.5
1108 42.5
1109 42.5
1110 42.8
1111 42.95
1112 42.95
1113 42.95
1114 42.95
1115 42.95
1116 42.95
1117 43.0
1118 43.0
1119 43.0
1120 43.0
1121 43.0
1122 43.1
1123 43.1
1124 43.1
1125 43.1
1126 43.1
1127 43.15
1128 43.15
1129 43.15
1130 43.15
1131 43.25
1132 43.25
1133 43.35
1134 43.35
1135 43.45
1136 43.45
1137 43.45
1138 43.45
1139 43.45
1140 43.45
1141 43.45
1142 43.45
1143 43.55
1144 43.55
1145 43.55
1146 43.6
1147 43.6
1148 43.6
1149 43.6
1150 43.85
1151 43.95
1152 44.0
1153 44.1
1154 44.15
1155 44.15
1156 44.15
1157 44.3
1158 44.3
1159 44.45
1160 44.45
1161 44.45
1162 44.45
1163 44.55
1164 44.55
1165 44.6
1166 44.65
1167 44.65
1168 44.7
1169 44.7
1170 44.75
1171 44.75
1172 44.75
1173 44.75
1174 44.8
1175 44.85
1176 44.85
1177 44.85
1178 44.9
1179 45.0
1180 45.0
1181 45.1
1182 45.1
1183 45.1
1184 45.15
1185 45.15
1186 45.25
1187 45.25
1188 45.25
1189 45.35
1190 45.4
1191 45.45
1192 45.45
1193 45.6
1194 45.6
1195 45.6
1196 45.6
1197 45.6
1198 45.6
1199 45.6
1200 45.6
1201 45.6
1202 45.6
1203 45.6
1204 45.6
1205 45.7
1206 45.7
1207 45.7
1208 45.95
1209 46.1
1210 46.1
1211 46.1
1212 46.2
1213 46.2
1214 46.2
1215 46.25
1216 46.3
1217 46.3
1218 46.3
1219 46.35
1220 46.4
1221 46.6
1222 46.65
1223 46.65
1224 46.65
1225 46.65
1226 46.8
1227 46.8
1228 46.8
1229 46.85
1230 46.9
1231 46.9
1232 46.9
1233 46.9
1234 47.0
1235 47.05
1236 47.1
1237 47.1
1238 47.1
1239 47.1
1240 47.1
1241 47.1
1242 47.25
1243 47.25
1244 47.25
1245 47.3
1246 47.35
1247 47.35
1248 47.35
1249 47.35
1250 47.35
1251 47.35
1252 47.35
1253 47.5
1254 47.5
1255 47.5
1256 47.55
1257 47.6
1258 47.6
1259 47.75
1260 47.75
1261 47.75
1262 47.75
1263 47.75
1264 47.9
1265 47.95
1266 47.95
1267 47.95
1268 47.95
1269 48.05
1270 48.1
1271 48.15
1272 48.15
1273 48.15
1274 48.15
1275 48.2
1276 48.35
1277 48.45
1278 48.45
1279 48.45
1280 48.45
1281 48.45
1282 48.5
1283 48.6
1284 48.6
1285 48.65
1286 48.7
1287 48.7
1288 48.7
1289 48.75
1290 48.75
1291 48.85
1292 48.85
1293 48.9
1294 49.0
1295 49.0
1296 49.0
1297 49.0
1298 49.0
1299 49.0
1300 49.0
1301 49.0
1302 49.0
1303 49.0
1304 49.0
1305 49.0
1306 49.2
1307 49.3
1308 49.3
1309 49.35
1310 49.35
1311 49.35
1312 49.35
1313 49.5
1314 49.5
1315 49.5
1316 49.5
1317 49.55
1318 49.55
1319 49.65
1320 49.65
1321 49.65
1322 49.65
1323 49.65
1324 49.65
1325 49.7
1326 49.7
1327 49.7
1328 49.7
1329 49.7
1330 49.8
1331 49.95
1332 49.95
1333 50.0
1334 50.0
1335 50.05
1336 50.05
1337 50.1
1338 50.1
1339 50.15
1340 50.25
1341 50.25
1342 50.25
1343 50.25
1344 50.3
1345 50.3
1346 50.3
1347 50.3
1348 50.3
1349 50.4
1350 50.6
1351 50.6
1352 50.7
1353 50.7
1354 50.85
1355 50.85
1356 50.85
1357 50.85
1358 50.85
1359 50.85
1360 50.85
1361 50.85
1362 50.95
1363 51.0
1364 51.0
1365 51.1
1366 51.15
1367 51.15
1368 51.15
1369 51.15
1370 51.25
1371 51.25
1372 51.35
1373 51.4
1374 51.45
1375 51.45
1376 51.45
1377 51.45
1378 51.5
1379 51.5
1380 51.6
1381 51.8
1382 51.8
1383 51.8
1384 51.8
1385 51.85
1386 51.85
1387 51.85
1388 52.0
1389 52.0
1390 52.0
1391 52.05
1392 52.05
1393 52.05
1394 52.05
1395 52.15
1396 52.35
1397 52.35
1398 52.35
1399 52.4
1400 52.4
1401 52.4
1402 52.4
1403 52.55
1404 52.7
1405 52.7
1406 52.75
1407 52.75
1408 52.75
1409 52.8
1410 52.8
1411 52.8
1412 52.8
1413 52.8
1414 52.8
1415 52.8
1416 52.8
1417 52.8
1418 52.85
1419 52.85
1420 52.95
1421 52.95
1422 52.95
1423 53.0
1424 53.1
1425 53.1
1426 53.15
1427 53.2
1428 53.25
1429 53.3
1430 53.3
1431 53.3
1432 53.35
1433 53.35
1434 53.35
1435 53.4
1436 53.4
1437 53.4
1438 53.45
1439 53.5
1440 53.5
1441 53.5
1442 53.5
1443 53.6
1444 53.7
1445 53.7
1446 53.7
1447 53.7
1448 53.7
1449 53.75
1450 53.8
1451 53.85
1452 53.85
1453 53.85
1454 53.85
1455 53.95
1456 53.95
1457 53.95
1458 53.95
1459 54.05
1460 54.05
1461 54.25
1462 54.25
1463 54.25
1464 54.25
1465 54.25
1466 54.25
1467 54.3
1468 54.45
1469 54.5
1470 54.5
1471 54.5
1472 54.5
1473 54.55
1474 54.55
1475 54.55
1476 54.55
1477 54.55
1478 54.6
1479 54.6
1480 54.7
1481 54.7
1482 54.7
1483 54.7
1484 54.7
1485 54.7
1486 54.7
1487 54.7
1488 54.7
1489 54.9
1490 54.9
1491 54.9
1492 54.9
1493 55.0
1494 55.0
1495 55.0
1496 55.0
1497 55.0
1498 55.1
1499 55.1
1500 55.3
1501 55.4
1502 55.4
1503 55.4
1504 55.45
1505 55.45
1506 55.45
1507 55.45
1508 55.45
1509 55.45
1510 55.45
1511 55.5
1512 55.6
1513 55.6
1514 55.6
1515 55.65
1516 55.65
1517 55.65
1518 55.7
1519 55.75
1520 55.75
1521 55.8
1522 55.8
1523 55.8
1524 55.95
1525 56.0
1526 56.05
1527 56.1
1528 56.1
1529 56.1
1530 56.1
1531 56.1
1532 56.1
1533 56.25
1534 56.25
1535 56.25
1536 56.3
1537 56.35
1538 56.45
1539 56.45
1540 56.5
1541 56.5
1542 56.5
1543 56.5
1544 56.65
1545 56.65
1546 56.65
1547 56.7
1548 56.7
1549 56.85
1550 56.85
1551 56.85
1552 56.85
1553 56.85
1554 56.9
1555 56.9
1556 56.95
1557 57.0
1558 57.0
1559 57.05
1560 57.05
1561 57.1
1562 57.1
1563 57.1
1564 57.1
1565 57.1
1566 57.1
1567 57.1
1568 57.2
1569 57.2
1570 57.2
1571 57.2
1572 57.2
1573 57.2
1574 57.2
1575 57.2
1576 57.3
1577 57.4
1578 57.4
1579 57.4
1580 57.4
1581 57.4
1582 57.4
1583 57.45
1584 57.55
1585 57.55
1586 57.55
1587 57.55
1588 57.55
1589 57.6
1590 57.65
1591 57.65
1592 57.65
1593 57.7
1594 57.7
1595 57.7
1596 57.7
1597 57.75
1598 57.75
1599 57.75
1600 57.9
1601 58.0
1602 58.0
1603 58.0
1604 58.0
1605 58.0
1606 58.0
1607 58.0
1608 58.0
1609 58.05
1610 58.15
1611 58.3
1612 58.3
1613 58.3
1614 58.5
1615 58.6
1616 58.65
1617 58.65
1618 58.65
1619 58.65
1620 58.65
1621 58.7
1622 58.7
1623 58.75
1624 58.75
1625 58.9
1626 58.9
1627 58.9
1628 58.9
1629 58.9
1630 58.9
1631 58.9
1632 58.95
1633 59.0
1634 59.1
1635 59.1
1636 59.1
1637 59.25
1638 59.3
1639 59.3
1640 59.35
1641 59.35
1642 59.35
1643 59.5
1644 59.55
1645 59.6
1646 59.6
1647 59.6
1648 59.65
1649 59.65
1650 59.7
1651 59.85
1652 59.85
1653 60.05
1654 60.2
1655 60.2
1656 60.2
1657 60.3
1658 60.3
1659 60.4
1660 60.55
1661 60.6
1662 60.65
1663 60.65
1664 60.65
1665 60.65
1666 60.65
1667 60.65
1668 60.65
1669 60.8
1670 60.9
1671 60.9
1672 60.95
1673 60.95
1674 61.0
1675 61.05
1676 61.05
1677 61.05
1678 61.1
1679 61.1
1680 61.1
1681 61.1
1682 61.1
1683 61.1
1684 61.1
1685 61.1
1686 61.1
1687 61.15
1688 61.15
1689 61.15
1690 61.15
1691 61.15
1692 61.15
1693 61.2
1694 61.2
1695 61.25
1696 61.35
1697 61.35
1698 61.4
1699 61.4
1700 61.4
1701 61.45
1702 61.45
1703 61.5
1704 61.5
1705 61.5
1706 61.5
1707 61.5
1708 61.5
1709 61.5
1710 61.5
1711 61.5
1712 61.5
1713 61.5
1714 61.5
1715 61.5
1716 61.55
1717 61.55
1718 61.55
1719 61.55
1720 61.6
1721 61.7
1722 61.9
1723 61.95
1724 62.05
1725 62.15
1726 62.15
1727 62.2
1728 62.2
1729 62.25
1730 62.25
1731 62.25
1732 62.25
1733 62.25
1734 62.25
1735 62.25
1736 62.45
1737 62.5
1738 62.65
1739 62.65
1740 62.7
1741 62.7
1742 62.7
1743 62.7
1744 62.7
1745 62.7
1746 62.7
1747 62.75
1748 62.75
1749 62.8
1750 62.8
1751 62.8
1752 62.8
1753 62.8
1754 62.85
1755 62.9
1756 62.9
1757 62.9
1758 62.95
1759 62.95
1760 62.95
1761 62.95
1762 62.95
1763 63.0
1764 63.0
1765 63.0
1766 63.0
1767 63.1
1768 63.2
1769 63.2
1770 63.25
1771 63.25
1772 63.25
1773 63.45
1774 63.5
1775 63.5
1776 63.55
1777 63.55
1778 63.55
1779 63.55
1780 63.55
1781 63.55
1782 63.55
1783 63.55
1784 63.55
1785 63.55
1786 63.55
1787 63.55
1788 63.55
1789 63.55
1790 63.55
1791 63.6
1792 63.6
1793 63.6
1794 63.65
1795 63.7
1796 63.7
1797 63.75
1798 63.75
1799 63.8
1800 63.8
1801 63.8
1802 63.85
1803 63.85
1804 64.0
1805 64.0
1806 64.0
1807 64.0
1808 64.0
1809 64.15
1810 64.15
1811 64.4
1812 64.4
1813 64.4
1814 64.4
1815 64.4
1816 64.5
1817 64.5
1818 64.55
1819 64.7
1820 64.7
1821 64.7
1822 64.7
1823 64.75
1824 64.75
1825 64.75
1826 64.9
1827 65.0
1828 65.05
1829 65.05
1830 65.05
1831 65.05
1832 65.05
1833 65.1
1834 65.1
1835 65.1
1836 65.25
1837 65.25
1838 65.25
1839 65.25
1840 65.35
1841 65.4
1842 65.45
1843 65.45
1844 65.45
1845 65.45
1846 65.45
1847 65.5
1848 65.55
1849 65.55
1850 65.55
1851 65.55
1852 65.55
1853 65.55
1854 65.6
1855 65.6
1856 65.6
1857 65.6
1858 65.8
1859 65.85
1860 66.05
1861 66.05
1862 66.05
1863 66.15
1864 66.15
1865 66.2
1866 66.2
1867 66.2
1868 66.2
1869 66.2
1870 66.25
1871 66.25
1872 66.3
1873 66.3
1874 66.35
1875 66.4
1876 66.4
1877 66.4
1878 66.4
1879 66.4
1880 66.45
1881 66.45
1882 66.45
1883 66.45
1884 66.55
1885 66.6
1886 66.6
1887 66.65
1888 66.65
1889 66.75
1890 66.8
1891 66.8
1892 66.85
1893 66.85
1894 66.85
1895 66.85
1896 67.0
1897 67.0
1898 67.05
1899 67.05
1900 67.15
1901 67.15
1902 67.3
1903 67.3
1904 67.35
1905 67.35
1906 67.35
1907 67.4
1908 67.4
1909 67.4
1910 67.45
1911 67.5
1912 67.5
1913 67.5
1914 67.6
1915 67.6
1916 67.6
1917 67.6
1918 67.6
1919 67.6
1920 67.6
1921 67.6
1922 67.65
1923 67.65
1924 67.65
1925 67.65
1926 67.65
1927 67.65
1928 67.65
1929 67.85
1930 67.85
1931 67.9
1932 67.9
1933 67.9
1934 67.9
1935 67.9
1936 67.9
1937 67.9
1938 67.95
1939 67.95
1940 67.95
1941 68.0
1942 68.0
1943 68.0
1944 68.05
1945 68.15
1946 68.15
1947 68.2
1948 68.2
1949 68.25
1950 68.25
1951 68.25
1952 68.35
1953 68.35
1954 68.4
1955 68.4
1956 68.4
1957 68.4
1958 68.45
1959 68.5
1960 68.5
1961 68.5
1962 68.55
1963 68.6
1964 68.6
1965 68.75
1966 68.75
1967 68.75
1968 68.8
1969 68.8
1970 68.8
1971 68.8
1972 68.9
1973 68.9
1974 68.95
1975 69.0
1976 69.05
1977 69.1
1978 69.1
1979 69.1
1980 69.1
1981 69.15
1982 69.15
1983 69.15
1984 69.15
1985 69.15
1986 69.15
1987 69.3
1988 69.3
1989 69.35
1990 69.5
1991 69.55
1992 69.55
1993 69.55
1994 69.55
1995 69.55
1996 69.55
1997 69.6
1998 69.65
1999 69.7
2000 69.7
2001 69.75
2002 69.75
2003 69.75
2004 69.75
2005 69.9
2006 69.95
2007 70.0
2008 70.05
2009 70.05
2010 70.05
2011 70.05
2012 70.05
2013 70.1
2014 70.1
2015 70.15
2016 70.15
2017 70.15
2018 70.15
2019 70.15
2020 70.15
2021 70.15
2022 70.15
2023 70.15
2024 70.2
2025 70.2
2026 70.25
2027 70.25
2028 70.3
2029 70.3
2030 70.3
2031 70.3
2032 70.3
2033 70.3
2034 70.3
2035 70.35
2036 70.35
2037 70.35
2038 70.35
2039 70.35
2040 70.35
2041 70.45
2042 70.6
2043 70.6
2044 70.6
2045 70.7
2046 70.8
2047 70.8
2048 70.85
2049 70.85
2050 70.85
2051 70.9
2052 71.0
2053 71.0
2054 71.0
2055 71.05
2056 71.05
2057 71.05
2058 71.1
2059 71.15
2060 71.15
2061 71.15
2062 71.15
2063 71.15
2064 71.15
2065 71.45
2066 71.6
2067 71.7
2068 71.7
2069 71.7
2070 71.7
2071 71.75
2072 71.8
2073 71.8
2074 71.8
2075 71.8
2076 71.9
2077 71.9
2078 71.9
2079 72.05
2080 72.05
2081 72.05
2082 72.15
2083 72.15
2084 72.15
2085 72.15
2086 72.15
2087 72.15
2088 72.2
2089 72.2
2090 72.2
2091 72.2
2092 72.2
2093 72.2
2094 72.2
2095 72.2
2096 72.25
2097 72.25
2098 72.25
2099 72.3
2100 72.3
2101 72.3
2102 72.35
2103 72.4
2104 72.4
2105 72.4
2106 72.45
2107 72.5
2108 72.65
2109 72.7
2110 72.7
2111 72.7
2112 72.7
2113 72.7
2114 72.7
2115 72.7
2116 72.7
2117 72.7
2118 72.7
2119 72.8
2120 72.85
2121 72.85
2122 72.95
2123 73.0
2124 73.0
2125 73.0
2126 73.05
2127 73.05
2128 73.2
2129 73.25
2130 73.25
2131 73.25
2132 73.25
2133 73.25
2134 73.25
2135 73.25
2136 73.3
2137 73.45
2138 73.5
2139 73.5
2140 73.5
2141 73.65
2142 73.65
2143 73.65
2144 73.65
2145 73.65
2146 73.65
2147 73.7
2148 73.75
2149 73.8
2150 73.8
2151 73.85
2152 73.85
2153 73.85
2154 73.85
2155 73.85
2156 73.85
2157 73.85
2158 73.85
2159 73.9
2160 74.05
2161 74.05
2162 74.1
2163 74.2
2164 74.2
2165 74.2
2166 74.2
2167 74.25
2168 74.3
2169 74.3
2170 74.3
2171 74.4
2172 74.4
2173 74.45
2174 74.5
2175 74.55
2176 74.55
2177 74.55
2178 74.65
2179 74.65
2180 74.65
2181 74.65
2182 74.65
2183 74.7
2184 74.7
2185 74.7
2186 74.75
2187 74.75
2188 74.75
2189 74.75
2190 74.85
2191 74.85
2192 74.85
2193 74.85
2194 74.95
2195 74.95
2196 75.05
2197 75.2
2198 75.2
2199 75.2
2200 75.2
2201 75.25
2202 75.3
2203 75.35
2204 75.35
2205 75.35
2206 75.35
2207 75.4
2208 75.5
2209 75.5
2210 75.5
2211 75.5
2212 75.5
2213 75.5
2214 75.5
2215 75.55
2216 75.55
2217 75.65
2218 75.75
2219 75.75
2220 75.9
2221 75.9
2222 75.9
2223 75.9
2224 75.9
2225 75.9
2226 75.9
2227 75.9
2228 75.9
2229 75.9
2230 75.9
2231 75.9
2232 75.9
2233 75.9
2234 75.9
2235 75.9
2236 75.95
2237 75.95
2238 76.05
2239 76.05
2240 76.05
2241 76.05
2242 76.05
2243 76.05
2244 76.1
2245 76.1
2246 76.2
2247 76.2
2248 76.3
2249 76.3
2250 76.4
2251 76.5
2252 76.5
2253 76.5
2254 76.5
2255 76.6
2256 76.65
2257 76.75
2258 76.8
2259 76.85
2260 76.95
2261 76.95
2262 76.95
2263 76.95
2264 76.95
2265 77.0
2266 77.0
2267 77.0
2268 77.0
2269 77.05
2270 77.05
2271 77.05
2272 77.05
2273 77.25
2274 77.25
2275 77.25
2276 77.3
2277 77.35
2278 77.35
2279 77.35
2280 77.35
2281 77.4
2282 77.4
2283 77.4
2284 77.4
2285 77.4
2286 77.5
2287 77.65
2288 77.65
2289 77.65
2290 77.7
2291 77.7
2292 77.7
2293 77.75
2294 77.75
2295 77.75
2296 77.75
2297 77.75
2298 77.75
2299 77.85
2300 77.85
2301 77.95
2302 77.95
2303 78.0
2304 78.0
2305 78.0
2306 78.05
2307 78.05
2308 78.05
2309 78.05
2310 78.1
2311 78.15
2312 78.15
2313 78.2
2314 78.25
2315 78.25
2316 78.25
2317 78.3
2318 78.45
2319 78.45
2320 78.45
2321 78.45
2322 78.45
2323 78.45
2324 78.45
2325 78.45
2326 78.45
2327 78.5
2328 78.5
2329 78.5
2330 78.55
2331 78.55
2332 78.6
2333 78.6
2334 78.65
2335 78.65
2336 78.65
2337 78.75
2338 78.75
2339 78.75
2340 78.85
2341 78.9
2342 78.9
2343 78.9
2344 78.9
2345 78.9
2346 78.95
2347 78.95
2348 78.95
2349 79.0
2350 79.05
2351 79.05
2352 79.1
2353 79.15
2354 79.2
2355 79.25
2356 79.3
2357 79.35
2358 79.35
2359 79.35
2360 79.35
2361 79.45
2362 79.5
2363 79.5
2364 79.65
2365 79.65
2366 79.65
2367 79.7
2368 79.75
2369 79.8
2370 79.8
2371 79.8
2372 79.85
2373 79.85
2374 79.9
2375 79.9
2376 80.0
2377 80.2
2378 80.2
2379 80.25
2380 80.25
2381 80.25
2382 80.25
2383 80.25
2384 80.25
2385 80.25
2386 80.25
2387 80.3
2388 80.3
2389 80.3
2390 80.3
2391 80.45
2392 80.45
2393 80.45
2394 80.5
2395 80.55
2396 80.55
2397 80.55
2398 80.55
2399 80.55
2400 80.55
2401 80.55
2402 80.55
2403 80.6
2404 80.65
2405 80.65
2406 80.65
2407 80.65
2408 80.65
2409 80.65
2410 80.65
2411 80.75
2412 80.85
2413 80.85
2414 80.85
2415 80.85
2416 80.85
2417 80.9
2418 80.9
2419 80.9
2420 80.9
2421 81.0
2422 81.0
2423 81.0
2424 81.05
2425 81.05
2426 81.05
2427 81.15
2428 81.15
2429 81.15
2430 81.15
2431 81.15
2432 81.25
2433 81.25
2434 81.25
2435 81.25
2436 81.3
2437 81.3
2438 81.3
2439 81.35
2440 81.35
2441 81.35
2442 81.45
2443 81.55
2444 81.55
2445 81.55
2446 81.55
2447 81.6
2448 81.6
2449 81.6
2450 81.65
2451 81.65
2452 81.65
2453 81.65
2454 81.75
2455 81.75
2456 81.9
2457 81.9
2458 82.0
2459 82.1
2460 82.15
2461 82.25
2462 82.25
2463 82.25
2464 82.25
2465 82.25
2466 82.3
2467 82.35
2468 82.35
2469 82.35
2470 82.35
2471 82.4
2472 82.4
2473 82.4
2474 82.4
2475 82.45
2476 82.5
2477 82.5
2478 82.55
2479 82.55
2480 82.55
2481 82.55
2482 82.55
2483 82.55
2484 82.55
2485 82.55
2486 82.55
2487 82.55
2488 82.55
2489 82.55
2490 82.55
2491 82.55
2492 82.55
2493 82.6
2494 82.65
2495 82.65
2496 82.65
2497 82.65
2498 82.65
2499 82.65
2500 82.7
2501 82.7
2502 82.75
2503 82.75
2504 82.8
2505 82.85
2506 82.85
2507 82.9
2508 82.9
2509 83.0
2510 83.0
2511 83.05
2512 83.05
2513 83.05
2514 83.15
2515 83.15
2516 83.3
2517 83.3
2518 83.4
2519 83.45
2520 83.6
2521 83.6
2522 83.6
2523 83.6
2524 83.6
2525 83.6
2526 83.6
2527 83.65
2528 83.75
2529 83.85
2530 83.85
2531 83.85
2532 83.85
2533 83.85
2534 83.85
2535 83.85
2536 83.95
2537 83.95
2538 84.05
2539 84.1
2540 84.1
2541 84.1
2542 84.1
2543 84.1
2544 84.2
2545 84.35
2546 84.4
2547 84.4
2548 84.4
2549 84.55
2550 84.55
2551 84.55
2552 84.6
2553 84.6
2554 84.6
2555 84.6
2556 84.6
2557 84.6
2558 84.6
2559 84.6
2560 84.65
2561 84.75
2562 84.8
2563 84.8
2564 84.85
2565 84.85
2566 84.85
2567 84.85
2568 84.9
2569 84.9
2570 84.9
2571 84.95
2572 85.05
2573 85.05
2574 85.05
2575 85.05
2576 85.05
2577 85.05
2578 85.05
2579 85.1
2580 85.1
2581 85.15
2582 85.15
2583 85.15
2584 85.2
2585 85.2
2586 85.2
2587 85.2
2588 85.2
2589 85.2
2590 85.2
2591 85.2
2592 85.2
2593 85.2
2594 85.25
2595 85.25
2596 85.3
2597 85.4
2598 85.45
2599 85.45
2600 85.6
2601 85.75
2602 85.75
2603 85.85
2604 85.85
2605 85.85
2606 85.85
2607 85.85
2608 85.85
2609 85.85
2610 85.85
2611 85.9
2612 85.9
2613 85.95
2614 85.95
2615 85.95
2616 86.15
2617 86.25
2618 86.3
2619 86.3
2620 86.35
2621 86.35
2622 86.35
2623 86.4
2624 86.5
2625 86.55
2626 86.55
2627 86.55
2628 86.55
2629 86.55
2630 86.55
2631 86.55
2632 86.55
2633 86.55
2634 86.6
2635 86.6
2636 86.7
2637 86.75
2638 86.75
2639 86.75
2640 86.75
2641 86.75
2642 86.8
2643 86.8
2644 86.8
2645 86.8
2646 86.8
2647 86.8
2648 86.8
2649 86.8
2650 86.8
2651 86.8
2652 86.8
2653 86.8
2654 86.8
2655 86.8
2656 86.8
2657 86.8
2658 86.85
2659 86.85
2660 87.0
2661 87.15
2662 87.15
2663 87.2
2664 87.2
2665 87.25
2666 87.3
2667 87.3
2668 87.35
2669 87.35
2670 87.35
2671 87.35
2672 87.35
2673 87.4
2674 87.45
2675 87.5
2676 87.5
2677 87.5
2678 87.6
2679 87.6
2680 87.7
2681 87.7
2682 87.7
2683 87.7
2684 87.75
2685 87.75
2686 87.75
2687 87.75
2688 87.75
2689 87.75
2690 87.75
2691 87.8
2692 87.8
2693 87.8
2694 87.85
2695 87.85
2696 87.95
2697 87.95
2698 88.0
2699 88.0
2700 88.0
2701 88.0
2702 88.15
2703 88.15
2704 88.15
2705 88.2
2706 88.3
2707 88.3
2708 88.3
2709 88.3
2710 88.35
2711 88.35
2712 88.35
2713 88.4
2714 88.4
2715 88.4
2716 88.5
2717 88.5
2718 88.55
2719 88.55
2720 88.55
2721 88.55
2722 88.65
2723 88.7
2724 88.7
2725 88.7
2726 88.85
2727 88.9
2728 88.9
2729 89.0
2730 89.0
2731 89.05
2732 89.05
2733 89.05
2734 89.05
2735 89.05
2736 89.05
2737 89.05
2738 89.05
2739 89.05
2740 89.05
2741 89.15
2742 89.15
2743 89.15
2744 89.2
2745 89.2
2746 89.2
2747 89.2
2748 89.2
2749 89.2
2750 89.2
2751 89.2
2752 89.2
2753 89.25
2754 89.35
2755 89.35
2756 89.4
2757 89.45
2758 89.6
2759 89.65
2760 89.65
2761 89.65
2762 89.8
2763 89.8
2764 89.8
2765 89.8
2766 89.8
2767 89.8
2768 89.85
2769 89.85
2770 89.85
2771 89.95
2772 89.95
2773 90.0
2774 90.05
2775 90.05
2776 90.05
2777 90.05
2778 90.05
2779 90.05
2780 90.15
2781 90.25
2782 90.25
2783 90.3
2784 90.3
2785 90.35
2786 90.35
2787 90.35
2788 90.35
2789 90.35
2790 90.35
2791 90.35
2792 90.5
2793 90.6
2794 90.7
2795 90.7
2796 90.7
2797 90.7
2798 90.75
2799 90.8
2800 90.95
2801 90.95
2802 90.95
2803 91.2
2804 91.2
2805 91.2
2806 91.2
2807 91.3
2808 91.3
2809 91.3
2810 91.3
2811 91.3
2812 91.3
2813 91.3
2814 91.3
2815 91.35
2816 91.35
2817 91.35
2818 91.4
2819 91.4
2820 91.4
2821 91.4
2822 91.4
2823 91.4
2824 91.45
2825 91.45
2826 91.45
2827 91.45
2828 91.45
2829 91.5
2830 91.55
2831 91.6
2832 91.6
2833 91.6
2834 91.6
2835 91.6
2836 91.6
2837 91.6
2838 91.6
2839 91.6
2840 91.6
2841 91.65
2842 91.7
2843 91.7
2844 91.7
2845 91.7
2846 91.85
2847 91.85
2848 91.85
2849 91.85
2850 91.85
2851 91.85
2852 91.85
2853 91.85
2854 91.85
2855 91.85
2856 91.9
2857 92.0
2858 92.0
2859 92.05
2860 92.05
2861 92.05
2862 92.05
2863 92.1
2864 92.1
2865 92.1
2866 92.1
2867 92.15
2868 92.15
2869 92.15
2870 92.15
2871 92.15
2872 92.15
2873 92.15
2874 92.15
2875 92.15
2876 92.15
2877 92.2
2878 92.3
2879 92.3
2880 92.3
2881 92.3
2882 92.3
2883 92.3
2884 92.4
2885 92.5
2886 92.55
2887 92.55
2888 92.6
2889 92.6
2890 92.6
2891 92.6
2892 92.7
2893 92.75
2894 92.75
2895 92.75
2896 92.75
2897 92.75
2898 92.75
2899 92.75
2900 92.75
2901 92.75
2902 92.75
2903 92.75
2904 92.8
2905 92.8
2906 92.85
2907 92.85
2908 92.85
2909 92.9
2910 93.0
2911 93.0
2912 93.0
2913 93.0
2914 93.05
2915 93.05
2916 93.1
2917 93.1
2918 93.1
2919 93.1
2920 93.25
2921 93.35
2922 93.35
2923 93.35
2924 93.4
2925 93.5
2926 93.5
2927 93.55
2928 93.6
2929 93.6
2930 93.65
2931 93.65
2932 93.7
2933 93.8
2934 93.9
2935 93.9
2936 93.9
2937 93.9
2938 93.95
2939 94.0
2940 94.0
2941 94.0
2942 94.0
2943 94.0
2944 94.0
2945 94.0
2946 94.0
2947 94.0
2948 94.0
2949 94.05
2950 94.15
2951 94.25
2952 94.25
2953 94.25
2954 94.25
2955 94.3
2956 94.3
2957 94.3
2958 94.3
2959 94.3
2960 94.35
2961 94.35
2962 94.4
2963 94.4
2964 94.4
2965 94.4
2966 94.4
2967 94.5
2968 94.55
2969 94.7
2970 94.7
2971 94.75
2972 94.75
2973 94.75
2974 94.75
2975 94.75
2976 94.75
2977 94.75
2978 94.75
2979 94.8
2980 94.8
2981 94.9
2982 94.9
2983 94.9
2984 94.9
2985 94.9
2986 94.9
2987 94.9
2988 94.9
2989 94.9
2990 94.9
2991 94.9
2992 94.9
2993 94.9
2994 94.9
2995 94.9
2996 94.9
2997 94.95
2998 94.95
2999 94.95
3000 94.95
3001 95.0
3002 95.05
3003 95.05
3004 95.2
3005 95.25
3006 95.25
3007 95.25
3008 95.3
3009 95.3
3010 95.35
3011 95.4
3012 95.4
3013 95.4
3014 95.45
3015 95.45
3016 95.45
3017 95.5
3018 95.5
3019 95.5
3020 95.5
3021 95.5
3022 95.5
3023 95.5
3024 95.5
3025 95.5
3026 95.5
3027 95.5
3028 95.5
3029 95.5
3030 95.5
3031 95.5
3032 95.5
3033 95.5
3034 95.5
3035 95.6
3036 95.7
3037 95.7
3038 95.75
3039 95.75
3040 95.75
3041 95.75
3042 95.75
3043 95.95
3044 95.95
3045 96.0
3046 96.05
3047 96.15
3048 96.2
3049 96.2
3050 96.2
3051 96.3
3052 96.3
3053 96.3
3054 96.3
3055 96.3
3056 96.35
3057 96.35
3058 96.4
3059 96.4
3060 96.4
3061 96.45
3062 96.45
3063 96.45
3064 96.45
3065 96.45
3066 96.45
3067 96.45
3068 96.45
3069 96.45
3070 96.5
3071 96.5
3072 96.5
3073 96.55
3074 96.6
3075 96.6
3076 96.6
3077 96.75
3078 96.75
3079 96.75
3080 96.8
3081 96.8
3082 96.8
3083 96.8
3084 96.8
3085 96.8
3086 96.8
3087 96.85
3088 96.95
3089 96.95
3090 96.95
3091 96.95
3092 96.95
3093 97.0
3094 97.0
3095 97.0
3096 97.0
3097 97.0
3098 97.0
3099 97.0
3100 97.1
3101 97.1
3102 97.15
3103 97.3
3104 97.35
3105 97.35
3106 97.35
3107 97.35
3108 97.35
3109 97.35
3110 97.35
3111 97.35
3112 97.35
3113 97.55
3114 97.55
3115 97.6
3116 97.6
3117 97.6
3118 97.6
3119 97.6
3120 97.6
3121 97.6
3122 97.8
3123 97.8
3124 97.8
3125 98.0
3126 98.0
3127 98.0
3128 98.05
3129 98.05
3130 98.05
3131 98.05
3132 98.05
3133 98.05
3134 98.1
3135 98.1
3136 98.1
3137 98.1
3138 98.15
3139 98.15
3140 98.2
3141 98.25
3142 98.25
3143 98.25
3144 98.3
3145 98.3
3146 98.3
3147 98.3
3148 98.3
3149 98.3
3150 98.3
3151 98.35
3152 98.35
3153 98.4
3154 98.4
3155 98.4
3156 98.45
3157 98.45
3158 98.45
3159 98.5
3160 98.6
3161 98.7
3162 98.7
3163 98.75
3164 98.85
3165 98.85
3166 98.9
3167 98.9
3168 98.9
3169 98.9
3170 98.9
3171 98.95
3172 99.0
3173 99.05
3174 99.05
3175 99.05
3176 99.05
3177 99.05
3178 99.05
3179 99.05
3180 99.05
3181 99.05
3182 99.05
3183 99.05
3184 99.05
3185 99.05
3186 99.3
3187 99.3
3188 99.35
3189 99.4
3190 99.4
3191 99.5
3192 99.5
3193 99.55
3194 99.55
3195 99.6
3196 99.65
3197 99.65
3198 99.65
3199 99.7
3200 99.7
3201 99.7
3202 99.85
3203 99.85
3204 99.95
3205 99.95
3206 99.95
3207 99.95
3208 100.0
3209 100.0
3210 100.05
3211 100.05
3212 100.05
3213 100.05
3214 100.1
3215 100.1
3216 100.1
3217 100.1
3218 100.1
3219 100.1
3220 100.1
3221 100.15
3222 100.15
3223 100.25
3224 100.25
3225 100.25
3226 100.25
3227 100.25
3228 100.25
3229 100.25
3230 100.25
3231 100.25
3232 100.25
3233 100.3
3234 100.3
3235 100.4
3236 100.45
3237 100.55
3238 100.55
3239 100.55
3240 100.55
3241 100.55
3242 100.6
3243 100.6
3244 100.6
3245 100.6
3246 100.6
3247 100.65
3248 100.7
3249 100.7
3250 100.7
3251 100.85
3252 100.85
3253 100.85
3254 100.85
3255 100.85
3256 100.85
3257 100.85
3258 100.85
3259 100.9
3260 100.9
3261 100.95
3262 100.95
3263 100.95
3264 101.0
3265 101.0
3266 101.0
3267 101.05
3268 101.1
3269 101.2
3270 101.2
3271 101.2
3272 101.2
3273 101.2
3274 101.2
3275 101.2
3276 101.25
3277 101.3
3278 101.3
3279 101.35
3280 101.35
3281 101.35
3282 101.35
3283 101.35
3284 101.35
3285 101.35
3286 101.35
3287 101.45
3288 101.45
3289 101.45
3290 101.45
3291 101.55
3292 101.55
3293 101.55
3294 101.55
3295 101.55
3296 101.55
3297 101.55
3298 101.7
3299 101.7
3300 101.7
3301 101.7
3302 101.8
3303 101.8
3304 101.9
3305 101.9
3306 101.9
3307 101.9
3308 102.0
3309 102.0
3310 102.0
3311 102.0
3312 102.05
3313 102.15
3314 102.15
3315 102.15
3316 102.15
3317 102.15
3318 102.25
3319 102.25
3320 102.25
3321 102.25
3322 102.25
3323 102.3
3324 102.3
3325 102.3
3326 102.3
3327 102.3
3328 102.3
3329 102.35
3330 102.35
3331 102.4
3332 102.4
3333 102.4
3334 102.4
3335 102.4
3336 102.4
3337 102.45
3338 102.45
3339 102.45
3340 102.45
3341 102.45
3342 102.45
3343 102.45
3344 102.45
3345 102.45
3346 102.45
3347 102.45
3348 102.45
3349 102.45
3350 102.5
3351 102.5
3352 102.5
3353 102.5
3354 102.5
3355 102.5
3356 102.5
3357 102.65
3358 102.65
3359 102.65
3360 102.7
3361 102.7
3362 102.75
3363 102.75
3364 102.75
3365 102.75
3366 102.8
3367 102.8
3368 102.8
3369 102.8
3370 102.85
3371 102.85
3372 102.9
3373 102.9
3374 102.9
3375 102.9
3376 102.9
3377 102.95
3378 102.95
3379 103.05
3380 103.05
3381 103.05
3382 103.05
3383 103.05
3384 103.1
3385 103.2
3386 103.2
3387 103.2
3388 103.2
3389 103.25
3390 103.35
3391 103.45
3392 103.45
3393 103.45
3394 103.45
3395 103.45
3396 103.45
3397 103.45
3398 103.45
3399 103.45
3400 103.45
3401 103.55
3402 103.6
3403 103.6
3404 103.65
3405 103.65
3406 103.7
3407 103.7
3408 103.7
3409 103.75
3410 103.75
3411 103.9
3412 103.9
3413 103.95
3414 104.05
3415 104.05
3416 104.05
3417 104.15
3418 104.15
3419 104.2
3420 104.2
3421 104.25
3422 104.3
3423 104.5
3424 104.55
3425 104.6
3426 104.65
3427 104.7
3428 104.7
3429 104.7
3430 104.7
3431 104.7
3432 104.7
3433 104.7
3434 104.7
3435 104.7
3436 104.7
3437 104.7
3438 104.7
3439 104.7
3440 104.8
3441 104.8
3442 104.8
3443 104.85
3444 104.85
3445 104.85
3446 104.85
3447 104.9
3448 104.9
3449 104.9
3450 104.9
3451 104.95
3452 105.05
3453 105.05
3454 105.05
3455 105.05
3456 105.05
3457 105.05
3458 105.05
3459 105.05
3460 105.05
3461 105.05
3462 105.15
3463 105.25
3464 105.25
3465 105.25
3466 105.25
3467 105.25
3468 105.25
3469 105.25
3470 105.25
3471 105.3
3472 105.3
3473 105.4
3474 105.45
3475 105.5
3476 105.6
3477 105.6
3478 105.6
3479 105.6
3480 105.6
3481 105.6
3482 105.6
3483 105.65
3484 105.65
3485 105.7
3486 105.7
3487 105.7
3488 105.7
3489 105.7
3490 105.7
3491 105.7
3492 105.85
3493 105.85
3494 105.85
3495 105.9
3496 105.9
3497 105.9
3498 105.9
3499 105.9
3500 105.9
3501 105.95
3502 105.95
3503 106.05
3504 106.15
3505 106.15
3506 106.2
3507 106.2
3508 106.3
3509 106.35
3510 106.35
3511 106.35
3512 106.4
3513 106.4
3514 106.4
3515 106.4
3516 106.4
3517 106.4
3518 106.45
3519 106.45
3520 106.45
3521 106.45
3522 106.45
3523 106.45
3524 106.45
3525 106.45
3526 106.5
3527 106.5
3528 106.55
3529 106.55
3530 106.55
3531 106.6
3532 106.65
3533 106.65
3534 106.7
3535 106.7
3536 106.7
3537 106.7
3538 106.7
3539 106.7
3540 106.7
3541 106.75
3542 106.75
3543 106.75
3544 106.75
3545 106.75
3546 106.75
3547 106.75
3548 106.8
3549 106.8
3550 106.8
3551 106.85
3552 106.85
3553 106.9
3554 106.9
3555 106.9
3556 106.9
3557 106.9
3558 106.9
3559 106.95
3560 106.95
3561 106.95
3562 106.95
3563 106.95
3564 107.0
3565 107.05
3566 107.05
3567 107.05
3568 107.05
3569 107.1
3570 107.2
3571 107.25
3572 107.25
3573 107.35
3574 107.35
3575 107.35
3576 107.4
3577 107.4
3578 107.4
3579 107.4
3580 107.4
3581 107.4
3582 107.4
3583 107.4
3584 107.4
3585 107.4
3586 107.4
3587 107.4
3588 107.4
3589 107.4
3590 107.4
3591 107.4
3592 107.4
3593 107.4
3594 107.4
3595 107.4
3596 107.45
3597 107.45
3598 107.45
3599 107.6
3600 107.65
3601 107.8
3602 107.8
3603 107.9
3604 107.95
3605 108.0
3606 108.1
3607 108.1
3608 108.4
3609 108.4
3610 108.4
3611 108.6
3612 108.6
3613 108.6
3614 108.65
3615 108.7
3616 108.7
3617 108.7
3618 108.8
3619 108.8
3620 108.8
3621 108.8
3622 108.8
3623 108.8
3624 108.8
3625 108.8
3626 108.8
3627 108.8
3628 108.8
3629 108.8
3630 108.85
3631 108.85
3632 108.85
3633 108.85
3634 108.85
3635 108.85
3636 108.85
3637 108.85
3638 108.85
3639 108.85
3640 108.85
3641 108.85
3642 108.85
3643 108.85
3644 108.9
3645 108.9
3646 108.95
3647 108.95
3648 108.95
3649 108.95
3650 109.0
3651 109.0
3652 109.05
3653 109.05
3654 109.05
3655 109.05
3656 109.05
3657 109.05
3658 109.05
3659 109.1
3660 109.1
3661 109.15
3662 109.15
3663 109.15
3664 109.15
3665 109.15
3666 109.15
3667 109.15
3668 109.15
3669 109.15
3670 109.15
3671 109.15
3672 109.25
3673 109.25
3674 109.25
3675 109.3
3676 109.35
3677 109.35
3678 109.35
3679 109.4
3680 109.4
3681 109.4
3682 109.4
3683 109.6
3684 109.6
3685 109.6
3686 109.6
3687 109.65
3688 109.65
3689 109.75
3690 109.75
3691 109.75
3692 109.75
3693 109.75
3694 109.75
3695 109.75
3696 109.8
3697 109.8
3698 109.85
3699 109.95
3700 109.95
3701 109.95
3702 109.95
3703 109.95
3704 110.0
3705 110.0
3706 110.0
3707 110.0
3708 110.0
3709 110.05
3710 110.05
3711 110.05
3712 110.05
3713 110.1
3714 110.15
3715 110.15
3716 110.15
3717 110.15
3718 110.15
3719 110.15
3720 110.2
3721 110.2
3722 110.2
3723 110.2
3724 110.2
3725 110.2
3726 110.3
3727 110.35
3728 110.35
3729 110.35
3730 110.35
3731 110.35
3732 110.35
3733 110.6
3734 110.6
3735 110.6
3736 110.6
3737 110.6
3738 110.6
3739 110.6
3740 110.7
3741 110.7
3742 110.7
3743 110.7
3744 110.75
3745 110.9
3746 110.95
3747 110.95
3748 111.0
3749 111.0
3750 111.0
3751 111.0
3752 111.0
3753 111.0
3754 111.0
3755 111.05
3756 111.05
3757 111.05
3758 111.15
3759 111.15
3760 111.15
3761 111.2
3762 111.2
3763 111.2
3764 111.2
3765 111.2
3766 111.2
3767 111.2
3768 111.2
3769 111.2
3770 111.2
3771 111.2
3772 111.2
3773 111.25
3774 111.35
3775 111.35
3776 111.4
3777 111.4
3778 111.4
3779 111.4
3780 111.4
3781 111.4
3782 111.45
3783 111.45
3784 111.45
3785 111.45
3786 111.45
3787 111.45
3788 111.45
3789 111.45
3790 111.45
3791 111.45
3792 111.45
3793 111.45
3794 111.45
3795 111.45
3796 111.5
3797 111.5
3798 111.5
3799 111.5
3800 111.5
3801 111.5
3802 111.55
3803 111.55
3804 111.6
3805 111.6
3806 111.65
3807 111.7
3808 111.7
3809 111.7
3810 111.75
3811 111.75
3812 111.85
3813 111.85
3814 111.85
3815 111.95
3816 111.95
3817 112.05
3818 112.05
3819 112.05
3820 112.05
3821 112.05
3822 112.05
3823 112.2
3824 112.2
3825 112.2
3826 112.2
3827 112.2
3828 112.2
3829 112.3
3830 112.35
3831 112.35
3832 112.35
3833 112.35
3834 112.35
3835 112.35
3836 112.35
3837 112.35
3838 112.35
3839 112.35
3840 112.35
3841 112.4
3842 112.4
3843 112.4
3844 112.4
3845 112.4
3846 112.4
3847 112.4
3848 112.4
3849 112.4
3850 112.4
3851 112.4
3852 112.45
3853 112.55
3854 112.6
3855 112.6
3856 112.7
3857 112.7
3858 112.75
3859 112.75
3860 112.75
3861 112.8
3862 113.0
3863 113.0
3864 113.0
3865 113.0
3866 113.05
3867 113.05
3868 113.05
3869 113.1
3870 113.1
3871 113.1
3872 113.1
3873 113.15
3874 113.15
3875 113.15
3876 113.15
3877 113.15
3878 113.15
3879 113.15
3880 113.25
3881 113.25
3882 113.3
3883 113.4
3884 113.4
3885 113.4
3886 113.45
3887 113.45
3888 113.45
3889 113.45
3890 113.45
3891 113.45
3892 113.55
3893 113.6
3894 113.6
3895 113.6
3896 113.65
3897 113.65
3898 113.65
3899 113.65
3900 113.65
3901 113.7
3902 113.75
3903 113.75
3904 113.75
3905 113.85
3906 113.85
3907 113.85
3908 113.85
3909 113.85
3910 113.95
3911 113.95
3912 113.95
3913 113.95
3914 113.95
3915 113.95
3916 113.95
3917 113.95
3918 113.95
3919 114.05
3920 114.05
3921 114.05
3922 114.05
3923 114.05
3924 114.05
3925 114.1
3926 114.1
3927 114.15
3928 114.2
3929 114.2
3930 114.2
3931 114.25
3932 114.25
3933 114.35
3934 114.35
3935 114.4
3936 114.4
3937 114.4
3938 114.4
3939 114.4
3940 114.4
3941 114.4
3942 114.5
3943 114.5
3944 114.5
3945 114.5
3946 114.5
3947 114.55
3948 114.55
3949 114.55
3950 114.55
3951 114.55
3952 114.55
3953 114.65
3954 114.65
3955 114.65
3956 114.65
3957 114.7
3958 114.8
3959 114.8
3960 114.9
3961 114.9
3962 114.9
3963 114.9
3964 114.9
3965 114.9
3966 114.9
3967 114.9
3968 114.95
3969 114.95
3970 114.95
3971 114.95
3972 114.95
3973 114.95
3974 114.95
3975 115.05
3976 115.05
3977 115.05
3978 115.2
3979 115.2
3980 115.2
3981 115.2
3982 115.2
3983 115.2
3984 115.3
3985 115.3
3986 115.3
3987 115.3
3988 115.3
3989 115.3
3990 115.3
3991 115.3
3992 115.3
3993 115.3
3994 115.3
3995 115.3
3996 115.3
3997 115.3
3998 115.3
3999 115.3
4000 115.3
4001 115.35
4002 115.35
4003 115.35
4004 115.45
4005 115.5
4006 115.55
4007 115.6
4008 115.6
4009 115.6
4010 115.65
4011 115.65
4012 115.65
4013 115.65
4014 115.65
4015 115.65
4016 115.7
4017 115.75
4018 115.75
4019 115.75
4020 115.8
4021 115.8
4022 115.8
4023 115.8
4024 115.85
4025 115.85
4026 115.85
4027 115.85
4028 115.85
4029 115.9
4030 115.9
4031 116.0
4032 116.0
4033 116.0
4034 116.0
4035 116.05
4036 116.05
4037 116.05
4038 116.1
4039 116.2
4040 116.2
4041 116.2
4042 116.2
4043 116.2
4044 116.2
4045 116.2
4046 116.2
4047 116.25
4048 116.25
4049 116.3
4050 116.3
4051 116.3
4052 116.3
4053 116.3
4054 116.35
4055 116.4
4056 116.4
4057 116.45
4058 116.45
4059 116.45
4060 116.45
4061 116.45
4062 116.5
4063 116.5
4064 116.5
4065 116.5
4066 116.5
4067 116.5
4068 116.5
4069 116.5
4070 116.6
4071 116.6
4072 116.6
4073 116.6
4074 116.6
4075 116.7
4076 116.75
4077 116.75
4078 116.75
4079 116.8
4080 116.8
4081 116.9
4082 116.9
4083 117.0
4084 117.0
4085 117.0
4086 117.0
4087 117.05
4088 117.05
4089 117.05
4090 117.05
4091 117.1
4092 117.2
4093 117.2
4094 117.3
4095 117.3
4096 117.3
4097 117.3
4098 117.3
4099 117.3
4100 117.3
4101 117.3
4102 117.3
4103 117.3
4104 117.3
4105 117.3
4106 117.3
4107 117.3
4108 117.35
4109 117.35
4110 117.35
4111 117.35
4112 117.35
4113 117.35
4114 117.4
4115 117.4
4116 117.45
4117 117.45
4118 117.45
4119 117.5
4120 117.5
4121 117.5
4122 117.5
4123 117.5
4124 117.55
4125 117.6
4126 117.6
4127 117.6
4128 117.65
4129 117.65
4130 117.65
4131 117.7
4132 117.7
4133 117.7
4134 117.8
4135 117.8
4136 117.8
4137 117.85
4138 117.85
4139 117.9
4140 117.9
4141 118.0
4142 118.0
4143 118.0
4144 118.0
4145 118.0
4146 118.15
4147 118.15
4148 118.15
4149 118.15
4150 118.2
4151 118.25
4152 118.25
4153 118.25
4154 118.35
4155 118.35
4156 118.35
4157 118.35
4158 118.35
4159 118.35
4160 118.35
4161 118.35
4162 118.35
4163 118.5
4164 118.5
4165 118.55
4166 118.55
4167 118.65
4168 118.75
4169 118.75
4170 118.75
4171 118.9
4172 118.9
4173 118.9
4174 118.9
4175 118.9
4176 118.9
4177 118.9
4178 118.9
4179 118.95
4180 119.0
4181 119.0
4182 119.0
4183 119.0
4184 119.0
4185 119.05
4186 119.05
4187 119.05
4188 119.15
4189 119.15
4190 119.15
4191 119.15
4192 119.2
4193 119.2
4194 119.25
4195 119.3
4196 119.3
4197 119.3
4198 119.3
4199 119.3
4200 119.3
4201 119.3
4202 119.3
4203 119.3
4204 119.3
4205 119.3
4206 119.3
4207 119.3
4208 119.3
4209 119.3
4210 119.3
4211 119.3
4212 119.3
4213 119.3
4214 119.3
4215 119.3
4216 119.3
4217 119.3
4218 119.35
4219 119.35
4220 119.35
4221 119.35
4222 119.4
4223 119.45
4224 119.5
4225 119.5
4226 119.5
4227 119.5
4228 119.5
4229 119.5
4230 119.55
4231 119.6
4232 119.6
4233 119.65
4234 119.65
4235 119.65
4236 119.65
4237 119.75
4238 119.75
4239 119.75
4240 119.75
4241 119.8
4242 119.85
4243 119.9
4244 119.9
4245 119.9
4246 120.0
4247 120.0
4248 120.0
4249 120.0
4250 120.0
4251 120.0
4252 120.0
4253 120.0
4254 120.0
4255 120.05
4256 120.05
4257 120.05
4258 120.05
4259 120.05
4260 120.05
4261 120.05
4262 120.05
4263 120.05
4264 120.05
4265 120.1
4266 120.1
4267 120.1
4268 120.1
4269 120.1
4270 120.1
4271 120.1
4272 120.1
4273 120.1
4274 120.1
4275 120.25
4276 120.25
4277 120.25
4278 120.25
4279 120.25
4280 120.25
4281 120.3
4282 120.3
4283 120.3
4284 120.3
4285 120.3
4286 120.3
4287 120.3
4288 120.3
4289 120.3
4290 120.35
4291 120.35
4292 120.35
4293 120.4
4294 120.4
4295 120.4
4296 120.4
4297 120.5
4298 120.65
4299 120.65
4300 120.65
4301 120.65
4302 120.65
4303 120.7
4304 120.75
4305 120.75
4306 120.8
4307 120.85
4308 120.9
4309 120.9
4310 120.9
4311 120.9
4312 120.9
4313 120.95
4314 120.95
4315 120.95
4316 120.95
4317 121.05
4318 121.05
4319 121.05
4320 121.05
4321 121.05
4322 121.05
4323 121.05
4324 121.05
4325 121.05
4326 121.05
4327 121.05
4328 121.05
4329 121.15
4330 121.15
4331 121.15
4332 121.15
4333 121.15
4334 121.15
4335 121.15
4336 121.2
4337 121.2
4338 121.25
4339 121.25
4340 121.25
4341 121.25
4342 121.25
4343 121.25
4344 121.25
4345 121.25
4346 121.25
4347 121.3
4348 121.3
4349 121.3
4350 121.3
4351 121.3
4352 121.3
4353 121.3
4354 121.3
4355 121.3
4356 121.3
4357 121.4
4358 121.4
4359 121.4
4360 121.4
4361 121.4
4362 121.4
4363 121.45
4364 121.45
4365 121.45
4366 121.45
4367 121.45
4368 121.45
4369 121.45
4370 121.45
4371 121.45
4372 121.45
4373 121.5
4374 121.5
4375 121.6
4376 121.65
4377 121.75
4378 121.75
4379 121.75
4380 121.75
4381 121.75
4382 121.75
4383 121.75
4384 121.85
4385 121.85
4386 121.85
4387 121.85
4388 121.9
4389 121.9
4390 121.95
4391 121.95
4392 121.95
4393 122.0
4394 122.0
4395 122.0
4396 122.0
4397 122.0
4398 122.0
4399 122.05
4400 122.05
4401 122.05
4402 122.05
4403 122.05
4404 122.05
4405 122.05
4406 122.05
4407 122.05
4408 122.05
4409 122.1
4410 122.1
4411 122.1
4412 122.1
4413 122.1
4414 122.1
4415 122.1
4416 122.15
4417 122.15
4418 122.15
4419 122.15
4420 122.15
4421 122.15
4422 122.3
4423 122.3
4424 122.3
4425 122.3
4426 122.45
4427 122.45
4428 122.45
4429 122.45
4430 122.45
4431 122.5
4432 122.55
4433 122.55
4434 122.65
4435 122.8
4436 122.8
4437 122.8
4438 122.8
4439 122.8
4440 122.8
4441 122.8
4442 122.85
4443 122.9
4444 122.95
4445 123.05
4446 123.05
4447 123.05
4448 123.05
4449 123.05
4450 123.05
4451 123.05
4452 123.05
4453 123.1
4454 123.1
4455 123.15
4456 123.15
4457 123.15
4458 123.25
4459 123.25
4460 123.25
4461 123.25
4462 123.25
4463 123.25
4464 123.25
4465 123.25
4466 123.3
4467 123.3
4468 123.3
4469 123.3
4470 123.3
4471 123.3
4472 123.35
4473 123.45
4474 123.45
4475 123.5
4476 123.5
4477 123.55
4478 123.55
4479 123.55
4480 123.55
4481 123.55
4482 123.55
4483 123.6
4484 123.6
4485 123.65
4486 123.7
4487 123.7
4488 123.7
4489 123.75
4490 123.75
4491 123.8
4492 123.8
4493 123.85
4494 123.85
4495 123.85
4496 123.85
4497 123.85
4498 123.9
4499 123.9
4500 123.95
4501 123.95
4502 124.0
4503 124.0
4504 124.0
4505 124.0
4506 124.05
4507 124.05
4508 124.05
4509 124.05
4510 124.15
4511 124.15
4512 124.15
4513 124.15
4514 124.15
4515 124.2
4516 124.2
4517 124.3
4518 124.3
4519 124.3
4520 124.3
4521 124.3
4522 124.3
4523 124.3
4524 124.3
4525 124.3
4526 124.3
4527 124.3
4528 124.3
4529 124.3
4530 124.4
4531 124.45
4532 124.45
4533 124.45
4534 124.45
4535 124.5
4536 124.5
4537 124.55
4538 124.55
4539 124.55
4540 124.55
4541 124.55
4542 124.6
4543 124.7
4544 124.7
4545 124.7
4546 124.7
4547 124.7
4548 124.7
4549 124.7
4550 124.75
4551 124.75
4552 124.8
4553 124.8
4554 124.8
4555 124.85
4556 124.85
4557 124.9
4558 124.9
4559 124.9
4560 124.9
4561 124.95
4562 125.05
4563 125.1
4564 125.2
4565 125.2
4566 125.2
4567 125.25
4568 125.25
4569 125.25
4570 125.5
4571 125.55
4572 125.75
4573 125.75
4574 125.75
4575 125.75
4576 125.75
4577 125.8
4578 125.8
4579 125.9
4580 125.9
4581 125.9
4582 125.9
4583 125.95
4584 125.95
4585 126.0
4586 126.0
4587 126.0
4588 126.0
4589 126.0
4590 126.0
4591 126.0
4592 126.0
4593 126.0
4594 126.05
4595 126.05
4596 126.05
4597 126.05
4598 126.05
4599 126.05
4600 126.05
4601 126.05
4602 126.1
4603 126.1
4604 126.15
4605 126.15
4606 126.15
4607 126.15
4608 126.15
4609 126.2
4610 126.2
4611 126.25
4612 126.35
4613 126.4
4614 126.4
4615 126.4
4616 126.4
4617 126.4
4618 126.4
4619 126.4
4620 126.5
4621 126.6
4622 126.65
4623 126.65
4624 126.65
4625 126.75
4626 126.75
4627 126.75
4628 126.85
4629 126.85
4630 126.9
4631 126.9
4632 126.95
4633 126.95
4634 126.95
4635 127.0
4636 127.0
4637 127.0
4638 127.0
4639 127.05
4640 127.05
4641 127.1
4642 127.1
4643 127.1
4644 127.1
4645 127.1
4646 127.15
4647 127.15
4648 127.15
4649 127.15
4650 127.15
4651 127.15
4652 127.15
4653 127.15
4654 127.2
4655 127.2
4656 127.3
4657 127.3
4658 127.3
4659 127.3
4660 127.3
4661 127.3
4662 127.3
4663 127.3
4664 127.35
4665 127.35
4666 127.35
4667 127.35
4668 127.35
4669 127.4
4670 127.4
4671 127.4
4672 127.45
4673 127.45
4674 127.45
4675 127.45
4676 127.45
4677 127.45
4678 127.45
4679 127.5
4680 127.5
4681 127.5
4682 127.65
4683 127.65
4684 127.65
4685 127.65
4686 127.65
4687 127.65
4688 127.65
4689 127.7
4690 127.7
4691 127.7
4692 127.7
4693 127.75
4694 127.75
4695 127.75
4696 127.85
4697 127.85
4698 127.85
4699 128.0
4700 128.05
4701 128.05
4702 128.05
4703 128.05
4704 128.05
4705 128.1
4706 128.1
4707 128.1
4708 128.1
4709 128.15
4710 128.15
4711 128.15
4712 128.2
4713 128.2
4714 128.25
4715 128.25
4716 128.25
4717 128.25
4718 128.25
4719 128.25
4720 128.3
4721 128.3
4722 128.35
4723 128.35
4724 128.35
4725 128.35
4726 128.35
4727 128.35
4728 128.4
4729 128.45
4730 128.45
4731 128.45
4732 128.45
4733 128.45
4734 128.55
4735 128.55
4736 128.55
4737 128.55
4738 128.55
4739 128.65
4740 128.7
4741 128.7
4742 128.7
4743 128.8
4744 128.8
4745 128.9
4746 128.9
4747 128.9
4748 128.9
4749 128.9
4750 129.0
4751 129.0
4752 129.0
4753 129.0
4754 129.0
4755 129.05
4756 129.05
4757 129.1
4758 129.1
4759 129.15
4760 129.15
4761 129.15
4762 129.15
4763 129.15
4764 129.15
4765 129.15
4766 129.15
4767 129.15
4768 129.15
4769 129.15
4770 129.15
4771 129.15
4772 129.2
4773 129.2
4774 129.2
4775 129.25
4776 129.25
4777 129.25
4778 129.25
4779 129.25
4780 129.25
4781 129.25
4782 129.25
4783 129.3
4784 129.3
4785 129.3
4786 129.3
4787 129.3
4788 129.3
4789 129.3
4790 129.3
4791 129.3
4792 129.35
4793 129.4
4794 129.45
4795 129.5
4796 129.5
4797 129.55
4798 129.55
4799 129.55
4800 129.6
4801 129.6
4802 129.65
4803 129.65
4804 129.7
4805 129.7
4806 129.7
4807 129.7
4808 129.85
4809 129.85
4810 129.9
4811 129.9
4812 129.9
4813 129.9
4814 129.9
4815 129.9
4816 129.9
4817 129.9
4818 129.95
4819 129.95
4820 129.95
4821 129.95
4822 130.0
4823 130.0
4824 130.0
4825 130.05
4826 130.15
4827 130.2
4828 130.2
4829 130.2
4830 130.2
4831 130.2
4832 130.2
4833 130.3
4834 130.4
4835 130.4
4836 130.4
4837 130.4
4838 130.4
4839 130.4
4840 130.4
4841 130.4
4842 130.4
4843 130.6
4844 130.6
4845 130.65
4846 130.65
4847 130.65
4848 130.65
4849 130.7
4850 130.7
4851 130.7
4852 130.7
4853 130.7
4854 130.7
4855 130.7
4856 130.7
4857 130.7
4858 130.7
4859 130.75
4860 130.75
4861 130.75
4862 130.8
4863 130.8
4864 130.9
4865 130.9
4866 130.9
4867 130.9
4868 130.9
4869 130.9
4870 130.9
4871 130.9
4872 130.9
4873 130.9
4874 130.9
4875 130.9
4876 130.9
4877 130.9
4878 130.9
4879 130.9
4880 130.9
4881 130.9
4882 130.95
4883 130.95
4884 130.95
4885 130.95
4886 130.95
4887 130.95
4888 130.95
4889 131.0
4890 131.0
4891 131.0
4892 131.05
4893 131.05
4894 131.05
4895 131.05
4896 131.05
4897 131.05
4898 131.05
4899 131.05
4900 131.15
4901 131.15
4902 131.15
4903 131.15
4904 131.15
4905 131.2
4906 131.25
4907 131.25
4908 131.25
4909 131.25
4910 131.25
4911 131.25
4912 131.3
4913 131.3
4914 131.3
4915 131.4
4916 131.4
4917 131.4
4918 131.5
4919 131.5
4920 131.5
4921 131.5
4922 131.5
4923 131.55
4924 131.55
4925 131.55
4926 131.6
4927 131.6
4928 131.6
4929 131.6
4930 131.6
4931 131.6
4932 131.6
4933 131.6
4934 131.6
4935 131.6
4936 131.6
4937 131.6
4938 131.7
4939 131.7
4940 131.7
4941 131.75
4942 131.75
4943 131.75
4944 131.8
4945 131.8
4946 131.8
4947 131.8
4948 131.8
4949 131.8
4950 131.8
4951 131.8
4952 131.8
4953 131.85
4954 131.85
4955 131.85
4956 131.85
4957 131.85
4958 131.85
4959 131.85
4960 131.85
4961 131.85
4962 131.85
4963 131.95
4964 132.05
4965 132.05
4966 132.05
4967 132.05
4968 132.1
4969 132.1
4970 132.15
4971 132.15
4972 132.15
4973 132.15
4974 132.15
4975 132.2
4976 132.25
4977 132.3
4978 132.3
4979 132.3
4980 132.3
4981 132.3
4982 132.3
4983 132.3
4984 132.3
4985 132.35
4986 132.35
4987 132.4
4988 132.4
4989 132.5
4990 132.6
4991 132.6
4992 132.6
4993 132.6
4994 132.6
4995 132.6
4996 132.6
4997 132.6
4998 132.75
4999 132.75
5000 132.75
5001 132.75
5002 132.8
5003 132.8
5004 132.8
5005 132.8
5006 132.85
5007 132.85
5008 132.9
5009 132.9
5010 132.9
5011 132.9
5012 132.9
5013 132.9
5014 132.9
5015 132.9
5016 132.9
5017 132.9
5018 132.9
5019 132.95
5020 132.95
5021 132.95
5022 133.0
5023 133.0
5024 133.0
5025 133.0
5026 133.0
5027 133.05
5028 133.05
5029 133.05
5030 133.05
5031 133.2
5032 133.2
5033 133.2
5034 133.25
5035 133.25
5036 133.25
5037 133.25
5038 133.25
5039 133.25
5040 133.3
5041 133.3
5042 133.3
5043 133.3
5044 133.35
5045 133.35
5046 133.35
5047 133.35
5048 133.35
5049 133.4
5050 133.4
5051 133.4
5052 133.4
5053 133.4
5054 133.4
5055 133.4
5056 133.4
5057 133.4
5058 133.45
5059 133.5
5060 133.5
5061 133.5
5062 133.5
5063 133.5
5064 133.6
5065 133.65
5066 133.7
5067 133.7
5068 133.7
5069 133.7
5070 133.8
5071 133.8
5072 133.8
5073 133.8
5074 133.8
5075 133.8
5076 133.85
5077 133.85
5078 133.9
5079 133.9
5080 133.9
5081 133.9
5082 133.9
5083 133.9
5084 133.95
5085 133.95
5086 133.95
5087 133.95
5088 133.95
5089 133.95
5090 133.95
5091 133.95
5092 134.0
5093 134.05
5094 134.05
5095 134.05
5096 134.05
5097 134.05
5098 134.15
5099 134.15
5100 134.15
5101 134.15
5102 134.15
5103 134.25
5104 134.3
5105 134.3
5106 134.35
5107 134.4
5108 134.4
5109 134.4
5110 134.45
5111 134.45
5112 134.5
5113 134.5
5114 134.5
5115 134.5
5116 134.5
5117 134.5
5118 134.5
5119 134.5
5120 134.5
5121 134.5
5122 134.5
5123 134.5
5124 134.55
5125 134.55
5126 134.55
5127 134.55
5128 134.6
5129 134.6
5130 134.6
5131 134.6
5132 134.65
5133 134.65
5134 134.65
5135 134.65
5136 134.65
5137 134.65
5138 134.65
5139 134.65
5140 134.65
5141 134.65
5142 134.8
5143 134.85
5144 134.9
5145 134.9
5146 134.9
5147 135.0
5148 135.05
5149 135.05
5150 135.05
5151 135.05
5152 135.05
5153 135.05
5154 135.05
5155 135.05
5156 135.1
5157 135.1
5158 135.1
5159 135.1
5160 135.1
5161 135.1
5162 135.1
5163 135.1
5164 135.1
5165 135.15
5166 135.2
5167 135.2
5168 135.2
5169 135.25
5170 135.25
5171 135.35
5172 135.35
5173 135.35
5174 135.35
5175 135.35
5176 135.35
5177 135.35
5178 135.35
5179 135.35
5180 135.35
5181 135.45
5182 135.55
5183 135.6
5184 135.6
5185 135.6
5186 135.6
5187 135.6
5188 135.6
5189 135.65
5190 135.65
5191 135.65
5192 135.65
5193 135.75
5194 135.85
5195 135.85
5196 135.85
5197 135.85
5198 135.85
5199 135.9
5200 135.9
5201 135.95
5202 136.0
5203 136.0
5204 136.0
5205 136.05
5206 136.05
5207 136.05
5208 136.15
5209 136.15
5210 136.15
5211 136.15
5212 136.15
5213 136.15
5214 136.15
5215 136.15
5216 136.15
5217 136.15
5218 136.15
5219 136.15
5220 136.2
5221 136.2
5222 136.2
5223 136.2
5224 136.25
5225 136.25
5226 136.3
5227 136.3
5228 136.3
5229 136.3
5230 136.3
5231 136.35
5232 136.35
5233 136.5
5234 136.5
5235 136.5
5236 136.5
5237 136.5
5238 136.5
5239 136.55
5240 136.55
5241 136.55
5242 136.55
5243 136.55
5244 136.55
5245 136.55
5246 136.55
5247 136.55
5248 136.6
5249 136.6
5250 136.7
5251 136.8
5252 136.8
5253 136.85
5254 136.85
5255 136.85
5256 136.9
5257 136.95
5258 136.95
5259 136.95
5260 136.95
5261 136.95
5262 136.95
5263 136.95
5264 136.95
5265 136.95
5266 136.95
5267 137.0
5268 137.0
5269 137.05
5270 137.05
5271 137.05
5272 137.05
5273 137.05
5274 137.05
5275 137.05
5276 137.05
5277 137.05
5278 137.05
5279 137.05
5280 137.05
5281 137.05
5282 137.05
5283 137.1
5284 137.1
5285 137.1
5286 137.1
5287 137.1
5288 137.1
5289 137.1
5290 137.2
5291 137.25
5292 137.25
5293 137.25
5294 137.25
5295 137.25
5296 137.25
5297 137.25
5298 137.25
5299 137.25
5300 137.25
5301 137.3
5302 137.3
5303 137.3
5304 137.3
5305 137.3
5306 137.3
5307 137.3
5308 137.3
5309 137.4
5310 137.4
5311 137.55
5312 137.6
5313 137.6
5314 137.6
5315 137.6
5316 137.65
5317 137.65
5318 137.65
5319 137.8
5320 137.8
5321 137.8
5322 137.8
5323 137.8
5324 137.85
5325 137.85
5326 137.85
5327 137.85
5328 137.85
5329 137.85
5330 137.85
5331 137.85
5332 137.9
5333 137.95
5334 137.95
5335 137.95
5336 137.95
5337 137.95
5338 137.95
5339 137.95
5340 137.95
5341 137.95
5342 137.95
5343 137.95
5344 137.95
5345 137.95
5346 138.1
5347 138.1
5348 138.1
5349 138.15
5350 138.15
5351 138.2
5352 138.2
5353 138.25
5354 138.25
5355 138.25
5356 138.25
5357 138.25
5358 138.25
5359 138.3
5360 138.3
5361 138.3
5362 138.3
5363 138.3
5364 138.3
5365 138.3
5366 138.3
5367 138.35
5368 138.35
5369 138.35
5370 138.45
5371 138.45
5372 138.5
5373 138.55
5374 138.65
5375 138.65
5376 138.7
5377 138.7
5378 138.75
5379 138.75
5380 138.75
5381 138.75
5382 138.8
5383 138.8
5384 138.8
5385 138.8
5386 138.8
5387 138.8
5388 138.8
5389 138.8
5390 138.85
5391 138.85
5392 138.9
5393 138.9
5394 138.9
5395 138.9
5396 138.9
5397 138.9
5398 138.9
5399 138.9
5400 138.9
5401 138.9
5402 138.95
5403 138.95
5404 138.95
5405 138.95
5406 138.95
5407 138.95
5408 138.95
5409 138.95
5410 138.95
5411 138.95
5412 138.95
5413 139.0
5414 139.0
5415 139.05
5416 139.05
5417 139.05
5418 139.05
5419 139.05
5420 139.05
5421 139.15
5422 139.25
5423 139.25
5424 139.25
5425 139.25
5426 139.3
5427 139.3
5428 139.3
5429 139.3
5430 139.3
5431 139.3
5432 139.3
5433 139.35
5434 139.35
5435 139.35
5436 139.4
5437 139.45
5438 139.45
5439 139.45
5440 139.45
5441 139.45
5442 139.5
5443 139.5
5444 139.5
5445 139.5
5446 139.65
5447 139.7
5448 139.7
5449 139.7
5450 139.7
5451 139.7
5452 139.7
5453 139.75
5454 139.8
5455 139.8
5456 139.85
5457 139.9
5458 139.9
5459 139.9
5460 139.9
5461 139.9
5462 139.9
5463 139.9
5464 139.9
5465 139.9
5466 139.9
5467 139.95
5468 140.0
5469 140.05
5470 140.05
5471 140.05
5472 140.05
5473 140.05
5474 140.05
5475 140.05
5476 140.05
5477 140.05
5478 140.05
5479 140.05
5480 140.05
5481 140.05
5482 140.05
5483 140.05
5484 140.05
5485 140.05
5486 140.05
5487 140.05
5488 140.05
5489 140.05
5490 140.05
5491 140.05
5492 140.05
5493 140.1
5494 140.15
5495 140.15
5496 140.2
5497 140.2
5498 140.25
5499 140.25
5500 140.25
5501 140.25
5502 140.25
5503 140.25
5504 140.25
5505 140.25
5506 140.25
5507 140.3
5508 140.3
5509 140.3
5510 140.35
5511 140.4
5512 140.45
5513 140.45
5514 140.45
5515 140.5
5516 140.5
5517 140.55
5518 140.55
5519 140.55
5520 140.55
5521 140.55
5522 140.55
5523 140.55
5524 140.6
5525 140.6
5526 140.6
5527 140.6
5528 140.6
5529 140.6
5530 140.6
5531 140.6
5532 140.65
5533 140.65
5534 140.65
5535 140.65
5536 140.65
5537 140.65
5538 140.65
5539 140.65
5540 140.7
5541 140.7
5542 140.7
5543 140.8
5544 140.8
5545 140.8
5546 140.8
5547 140.8
5548 140.85
5549 140.85
5550 140.85
5551 140.85
5552 140.85
5553 140.9
5554 140.9
5555 140.9
5556 140.9
5557 140.9
5558 140.9
5559 140.9
5560 141.0
5561 141.0
5562 141.05
5563 141.1
5564 141.15
5565 141.25
5566 141.25
5567 141.25
5568 141.25
5569 141.25
5570 141.25
5571 141.25
5572 141.25
5573 141.25
5574 141.25
5575 141.25
5576 141.25
5577 141.3
5578 141.3
5579 141.3
5580 141.3
5581 141.3
5582 141.3
5583 141.3
5584 141.3
5585 141.35
5586 141.4
5587 141.4
5588 141.5
5589 141.5
5590 141.5
5591 141.55
5592 141.55
5593 141.55
5594 141.55
5595 141.55
5596 141.55
5597 141.55
5598 141.55
5599 141.55
5600 141.55
5601 141.55
5602 141.55
5603 141.55
5604 141.55
5605 141.55
5606 141.55
5607 141.55
5608 141.55
5609 141.6
5610 141.6
5611 141.6
5612 141.6
5613 141.6
5614 141.6
5615 141.6
5616 141.6
5617 141.6
5618 141.6
5619 141.6
5620 141.6
5621 141.6
5622 141.6
5623 141.6
5624 141.65
5625 141.65
5626 141.65
5627 141.65
5628 141.7
5629 141.75
5630 141.75
5631 141.75
5632 141.75
5633 141.8
5634 141.8
5635 141.8
5636 141.8
5637 141.8
5638 141.85
5639 141.95
5640 142.0
5641 142.05
5642 142.05
5643 142.05
5644 142.05
5645 142.05
5646 142.05
5647 142.1
5648 142.1
5649 142.1
5650 142.1
5651 142.15
5652 142.15
5653 142.2
5654 142.2
5655 142.2
5656 142.2
5657 142.25
5658 142.25
5659 142.25
5660 142.25
5661 142.25
5662 142.25
5663 142.3
5664 142.3
5665 142.3
5666 142.35
5667 142.4
5668 142.4
5669 142.4
5670 142.4
5671 142.4
5672 142.5
5673 142.5
5674 142.5
5675 142.5
5676 142.55
5677 142.55
5678 142.65
5679 142.7
5680 142.7
5681 142.75
5682 142.75
5683 142.75
5684 142.75
5685 142.75
5686 142.75
5687 142.75
5688 142.75
5689 142.75
5690 142.8
5691 142.8
5692 142.8
5693 142.8
5694 142.8
5695 142.8
5696 142.8
5697 142.8
5698 142.8
5699 142.8
5700 142.8
5701 142.8
5702 142.8
5703 142.8
5704 142.8
5705 142.8
5706 142.85
5707 142.85
5708 142.85
5709 142.85
5710 142.85
5711 142.9
5712 142.9
5713 142.9
5714 142.95
5715 142.95
5716 143.0
5717 143.05
5718 143.1
5719 143.1
5720 143.2
5721 143.2
5722 143.2
5723 143.2
5724 143.2
5725 143.25
5726 143.25
5727 143.35
5728 143.35
5729 143.35
5730 143.35
5731 143.4
5732 143.45
5733 143.45
5734 143.45
5735 143.45
5736 143.45
5737 143.5
5738 143.5
5739 143.5
5740 143.5
5741 143.5
5742 143.5
5743 143.65
5744 143.65
5745 143.65
5746 143.65
5747 143.75
5748 143.75
5749 143.75
5750 143.75
5751 143.75
5752 143.75
5753 143.85
5754 143.9
5755 143.9
5756 143.9
5757 143.9
5758 143.9
5759 143.9
5760 143.9
5761 143.9
5762 143.9
5763 143.9
5764 143.9
5765 143.9
5766 143.95
5767 143.95
5768 143.95
5769 143.95
5770 143.95
5771 143.95
5772 143.95
5773 143.95
5774 143.95
5775 143.95
5776 143.95
5777 144.05
5778 144.05
5779 144.05
5780 144.05
5781 144.05
5782 144.05
5783 144.05
5784 144.05
5785 144.05
5786 144.05
5787 144.05
5788 144.05
5789 144.05
5790 144.05
5791 144.05
5792 144.1
5793 144.1
5794 144.1
5795 144.1
5796 144.1
5797 144.2
5798 144.2
5799 144.2
5800 144.2
5801 144.2
5802 144.2
5803 144.25
5804 144.3
5805 144.3
5806 144.3
5807 144.3
5808 144.3
5809 144.3
5810 144.3
5811 144.35
5812 144.35
5813 144.5
5814 144.5
5815 144.55
5816 144.6
5817 144.6
5818 144.6
5819 144.6
5820 144.65
5821 144.65
5822 144.65
5823 144.65
5824 144.65
5825 144.65
5826 144.65
5827 144.65
5828 144.65
5829 144.7
5830 144.7
5831 144.7
5832 144.7
5833 144.7
5834 144.7
5835 144.7
5836 144.7
5837 144.7
5838 144.7
5839 144.7
5840 144.7
5841 144.75
5842 144.75
5843 144.75
5844 144.75
5845 144.75
5846 144.75
5847 144.75
5848 144.75
5849 144.8
5850 144.8
5851 144.9
5852 144.9
5853 144.9
5854 144.9
5855 144.9
5856 144.9
5857 144.95
5858 145.0
5859 145.0
5860 145.0
5861 145.0
5862 145.0
5863 145.05
5864 145.1
5865 145.1
5866 145.15
5867 145.15
5868 145.15
5869 145.15
5870 145.15
5871 145.2
5872 145.2
5873 145.2
5874 145.2
5875 145.2
5876 145.2
5877 145.2
5878 145.2
5879 145.2
5880 145.2
5881 145.35
5882 145.35
5883 145.4
5884 145.4
5885 145.4
5886 145.4
5887 145.4
5888 145.4
5889 145.4
5890 145.4
5891 145.4
5892 145.45
5893 145.45
5894 145.45
5895 145.45
5896 145.5
5897 145.55
5898 145.55
5899 145.55
5900 145.55
5901 145.55
5902 145.55
5903 145.55
5904 145.55
5905 145.55
5906 145.55
5907 145.65
5908 145.65
5909 145.7
5910 145.7
5911 145.7
5912 145.7
5913 145.7
5914 145.7
5915 145.7
5916 145.7
5917 145.75
5918 145.8
5919 145.8
5920 145.85
5921 145.85
5922 145.85
5923 145.85
5924 145.85
5925 145.85
5926 145.85
5927 145.85
5928 145.85
5929 145.85
5930 145.95
5931 145.95
5932 145.95
5933 145.95
5934 146.05
5935 146.1
5936 146.1
5937 146.15
5938 146.15
5939 146.15
5940 146.2
5941 146.25
5942 146.25
5943 146.25
5944 146.3
5945 146.3
5946 146.3
5947 146.3
5948 146.35
5949 146.35
5950 146.35
5951 146.35
5952 146.35
5953 146.4
5954 146.4
5955 146.4
5956 146.4
5957 146.45
5958 146.5
5959 146.5
5960 146.5
5961 146.5
5962 146.5
5963 146.5
5964 146.5
5965 146.5
5966 146.5
5967 146.5
5968 146.5
5969 146.55
5970 146.55
5971 146.55
5972 146.55
5973 146.55
5974 146.55
5975 146.55
5976 146.55
5977 146.6
5978 146.6
5979 146.6
5980 146.6
5981 146.6
5982 146.6
5983 146.6
5984 146.6
5985 146.6
5986 146.6
5987 146.6
5988 146.6
5989 146.6
5990 146.6
5991 146.65
5992 146.7
5993 146.7
5994 146.7
5995 146.75
5996 146.75
5997 146.75
5998 146.75
5999 146.75
