#iterations fitness
0 0.0
1 0.25
2 0.35
3 0.5
4 0.5
5 0.9
6 0.95
7 1.05
8 1.05
9 1.3
10 1.65
11 1.7
12 1.75
13 1.75
14 1.75
15 1.9
16 1.9
17 1.9
18 1.9
19 2.0
20 2.05
21 2.2
22 2.2
23 2.3
24 2.3
25 2.4
26 2.45
27 2.45
28 2.45
29 2.5
30 2.5
31 2.55
32 2.55
33 2.55
34 2.6
35 2.6
36 2.65
37 2.65
38 2.65
39 2.65
40 2.65
41 2.65
42 2.65
43 2.7
44 2.75
45 2.85
46 2.85
47 2.85
48 2.95
49 2.95
50 2.95
51 3.0
52 3.0
53 3.0
54 3.0
55 3.0
56 3.15
57 3.25
58 3.25
59 3.25
60 3.25
61 3.25
62 3.25
63 3.25
64 3.35
65 3.35
66 3.35
67 3.35
68 3.45
69 3.45
70 3.6
71 3.6
72 3.65
73 3.75
74 3.8
75 3.85
76 3.85
77 4.0
78 4.0
79 4.05
80 4.05
81 4.2
82 4.25
83 4.25
84 4.25
85 4.25
86 4.25
87 4.35
88 4.4
89 4.4
90 4.4
91 4.4
92 4.45
93 4.45
94 4.45
95 4.45
96 4.45
97 4.45
98 4.5
99 4.5
100 4.55
101 4.55
102 4.55
103 4.55
104 4.6
105 4.6
106 4.8
107 4.8
108 4.8
109 4.8
110 4.9
111 4.9
112 4.9
113 4.9
114 4.9
115 5.0
116 5.05
117 5.1
118 5.2
119 5.2
120 5.2
121 5.25
122 5.25
123 5.35
124 5.45
125 5.6
126 5.6
127 5.6
128 5.65
129 5.7
130 5.75
131 5.75
132 5.75
133 5.75
134 5.75
135 5.8
136 6.0
137 6.05
138 6.05
139 6.05
140 6.2
141 6.2
142 6.2
143 6.3
144 6.3
145 6.35
146 6.35
147 6.35
148 6.35
149 6.4
150 6.4
151 6.55
152 6.7
153 6.7
154 6.75
155 7.05
156 7.05
157 7.05
158 7.05
159 7.05
160 7.05
161 7.15
162 7.2
163 7.25
164 7.25
165 7.25
166 7.3
167 7.35
168 7.35
169 7.4
170 7.65
171 7.65
172 7.65
173 7.65
174 7.65
175 7.65
176 7.75
177 7.8
178 7.85
179 7.85
180 7.9
181 7.95
182 8.0
183 8.05
184 8.05
185 8.1
186 8.15
187 8.15
188 8.15
189 8.25
190 8.25
191 8.3
192 8.3
193 8.3
194 8.4
195 8.4
196 8.5
197 8.5
198 8.5
199 8.55
200 8.65
201 8.8
202 8.8
203 8.85
204 8.85
205 8.9
206 8.95
207 9.05
208 9.1
209 9.1
210 9.1
211 9.2
212 9.2
213 9.2
214 9.2
215 9.2
216 9.2
217 9.2
218 9.2
219 9.3
220 9.3
221 9.3
222 9.3
223 9.35
224 9.35
225 9.4
226 9.5
227 9.5
228 9.5
229 9.5
230 9.7
231 9.7
232 9.7
233 9.75
234 9.8
235 9.8
236 9.85
237 9.95
238 9.95
239 9.95
240 9.95
241 10.05
242 10.1
243 10.1
244 10.1
245 10.1
246 10.1
247 10.1
248 10.1
249 10.15
250 10.15
251 10.15
252 10.2
253 10.3
254 10.3
255 10.3
256 10.45
257 10.45
258 10.45
259 10.55
260 10.7
261 10.75
262 10.8
263 10.8
264 10.85
265 10.95
266 10.95
267 10.95
268 10.95
269 11.0
270 11.0
271 11.0
272 11.2
273 11.2
274 11.3
275 11.35
276 11.35
277 11.4
278 11.4
279 11.4
280 11.4
281 11.4
282 11.4
283 11.4
284 11.4
285 11.55
286 11.55
287 11.55
288 11.65
289 11.7
290 11.7
291 11.7
292 11.85
293 11.9
294 11.9
295 11.9
296 11.9
297 11.9
298 12.0
299 12.05
300 12.2
301 12.25
302 12.35
303 12.45
304 12.45
305 12.55
306 12.55
307 12.55
308 12.6
309 12.6
310 12.65
311 12.65
312 12.65
313 12.65
314 12.75
315 12.75
316 12.75
317 12.75
318 12.75
319 12.75
320 12.75
321 12.75
322 12.85
323 12.85
324 12.9
325 12.9
326 12.9
327 12.95
328 13.0
329 13.1
330 13.2
331 13.3
332 13.45
333 13.45
334 13.45
335 13.5
336 13.5
337 13.55
338 13.6
339 13.6
340 13.6
341 13.8
342 13.8
343 13.8
344 13.8
345 13.8
346 14.0
347 14.0
348 14.0
349 14.0
350 14.05
351 14.15
352 14.2
353 14.2
354 14.2
355 14.25
356 14.25
357 14.3
358 14.5
359 14.5
360 14.5
361 14.5
362 14.5
363 14.5
364 14.6
365 14.7
366 14.7
367 14.7
368 14.8
369 14.8
370 14.85
371 14.9
372 14.9
373 14.95
374 15.0
375 15.0
376 15.0
377 15.05
378 15.2
379 15.2
380 15.25
381 15.25
382 15.3
383 15.3
384 15.3
385 15.3
386 15.3
387 15.3
388 15.4
389 15.4
390 15.4
391 15.5
392 15.5
393 15.65
394 15.75
395 15.75
396 15.9
397 15.95
398 15.95
399 15.95
400 16.05
401 16.1
402 16.1
403 16.2
404 16.2
405 16.25
406 16.25
407 16.25
408 16.25
409 16.25
410 16.35
411 16.35
412 16.4
413 16.4
414 16.4
415 16.4
416 16.4
417 16.45
418 16.45
419 16.55
420 16.55
421 16.8
422 16.85
423 16.85
424 16.85
425 16.85
426 16.85
427 17.05
428 17.05
429 17.05
430 17.1
431 17.1
432 17.1
433 17.1
434 17.15
435 17.15
436 17.2
437 17.2
438 17.3
439 17.4
440 17.45
441 17.45
442 17.5
443 17.5
444 17.6
445 17.6
446 17.6
447 17.7
448 17.7
449 17.7
450 17.7
451 17.7
452 17.8
453 17.8
454 17.8
455 17.8
456 17.8
457 17.85
458 17.85
459 17.9
460 17.95
461 17.95
462 17.95
463 18.0
464 18.05
465 18.05
466 18.05
467 18.05
468 18.05
469 18.05
470 18.05
471 18.1
472 18.1
473 18.2
474 18.2
475 18.2
476 18.2
477 18.25
478 18.4
479 18.45
480 18.55
481 18.55
482 18.55
483 18.55
484 18.65
485 18.65
486 18.65
487 18.75
488 18.85
489 18.9
490 18.9
491 18.9
492 18.9
493 18.9
494 18.95
495 19.0
496 19.0
497 19.0
498 19.05
499 19.05
500 19.05
501 19.05
502 19.2
503 19.25
504 19.45
505 19.45
506 19.5
507 19.5
508 19.5
509 19.55
510 19.7
511 19.7
512 19.7
513 19.7
514 19.75
515 19.75
516 19.75
517 19.75
518 19.75
519 19.75
520 19.95
521 20.05
522 20.15
523 20.15
524 20.2
525 20.2
526 20.25
527 20.25
528 20.25
529 20.25
530 20.25
531 20.3
532 20.3
533 20.3
534 20.5
535 20.55
536 20.55
537 20.6
538 20.6
539 20.6
540 20.85
541 20.85
542 20.85
543 20.9
544 20.9
545 20.95
546 20.95
547 20.95
548 20.95
549 20.95
550 20.95
551 20.95
552 21.05
553 21.1
554 21.3
555 21.35
556 21.45
557 21.45
558 21.45
559 21.45
560 21.5
561 21.55
562 21.6
563 21.65
564 21.8
565 21.9
566 21.9
567 21.9
568 21.9
569 21.95
570 21.95
571 21.95
572 22.0
573 22.0
574 22.1
575 22.1
576 22.1
577 22.1
578 22.1
579 22.25
580 22.25
581 22.35
582 22.35
583 22.35
584 22.35
585 22.35
586 22.35
587 22.35
588 22.4
589 22.45
590 22.55
591 22.55
592 22.55
593 22.55
594 22.55
595 22.55
596 22.55
597 22.55
598 22.55
599 22.55
600 22.6
601 22.7
602 22.75
603 22.75
604 22.75
605 22.75
606 22.85
607 22.9
608 22.95
609 22.95
610 23.0
611 23.0
612 23.0
613 23.1
614 23.2
615 23.35
616 23.35
617 23.35
618 23.35
619 23.35
620 23.35
621 23.35
622 23.45
623 23.45
624 23.55
625 23.55
626 23.55
627 23.7
628 23.75
629 23.8
630 23.95
631 23.95
632 23.95
633 24.05
634 24.15
635 24.15
636 24.25
637 24.35
638 24.35
639 24.35
640 24.35
641 24.35
642 24.35
643 24.4
644 24.45
645 24.45
646 24.45
647 24.45
648 24.45
649 24.55
650 24.55
651 24.65
652 24.65
653 24.65
654 24.65
655 24.85
656 24.9
657 24.9
658 24.9
659 25.0
660 25.05
661 25.05
662 25.1
663 25.1
664 25.1
665 25.1
666 25.1
667 25.3
668 25.35
669 25.35
670 25.4
671 25.4
672 25.4
673 25.65
674 25.65
675 25.65
676 25.65
677 25.7
678 25.75
679 25.75
680 25.75
681 25.75
682 25.8
683 25.8
684 25.8
685 25.8
686 25.8
687 25.8
688 25.8
689 25.85
690 25.95
691 26.05
692 26.05
693 26.25
694 26.25
695 26.3
696 26.35
697 26.45
698 26.6
699 26.65
700 26.65
701 26.7
702 26.7
703 26.7
704 26.75
705 26.75
706 26.8
707 26.85
708 26.85
709 26.9
710 26.95
711 26.95
712 26.95
713 26.95
714 26.95
715 26.95
716 26.95
717 26.95
718 26.95
719 27.1
720 27.1
721 27.1
722 27.35
723 27.4
724 27.5
725 27.7
726 27.7
727 27.7
728 27.7
729 27.75
730 27.75
731 27.8
732 27.8
733 27.8
734 27.9
735 27.9
736 28.05
737 28.05
738 28.05
739 28.15
740 28.15
741 28.15
742 28.25
743 28.25
744 28.25
745 28.35
746 28.4
747 28.4
748 28.4
749 28.4
750 28.4
751 28.45
752 28.45
753 28.45
754 28.6
755 28.6
756 28.65
757 28.65
758 28.7
759 28.75
760 28.75
761 28.75
762 28.75
763 28.85
764 28.85
765 28.85
766 28.85
767 28.9
768 28.95
769 28.95
770 29.05
771 29.2
772 29.2
773 29.2
774 29.2
775 29.3
776 29.3
777 29.3
778 29.35
779 29.35
780 29.35
781 29.35
782 29.35
783 29.5
784 29.55
785 29.85
786 29.9
787 29.9
788 29.9
789 29.9
790 29.9
791 29.9
792 29.95
793 29.95
794 29.95
795 29.95
796 29.95
797 30.0
798 30.05
799 30.05
800 30.05
801 30.1
802 30.1
803 30.1
804 30.1
805 30.1
806 30.15
807 30.25
808 30.35
809 30.35
810 30.35
811 30.4
812 30.4
813 30.4
814 30.4
815 30.45
816 30.45
817 30.55
818 30.55
819 30.75
820 30.75
821 30.75
822 30.75
823 30.75
824 30.75
825 30.8
826 30.8
827 30.8
828 30.8
829 30.8
830 30.85
831 30.9
832 30.9
833 30.95
834 31.1
835 31.1
836 31.15
837 31.15
838 31.15
839 31.15
840 31.15
841 31.3
842 31.3
843 31.4
844 31.4
845 31.4
846 31.5
847 31.55
848 31.55
849 31.7
850 31.7
851 31.75
852 32.05
853 32.05
854 32.1
855 32.1
856 32.15
857 32.2
858 32.35
859 32.5
860 32.55
861 32.65
862 32.65
863 32.7
864 32.75
865 32.9
866 32.9
867 32.95
868 32.95
869 32.95
870 32.95
871 32.95
872 32.95
873 32.95
874 33.0
875 33.0
876 33.0
877 33.0
878 33.05
879 33.05
880 33.05
881 33.15
882 33.15
883 33.15
884 33.2
885 33.2
886 33.3
887 33.35
888 33.35
889 33.35
890 33.35
891 33.35
892 33.45
893 33.45
894 33.45
895 33.5
896 33.5
897 33.55
898 33.7
899 33.9
900 33.9
901 33.9
902 33.95
903 33.95
904 33.95
905 33.95
906 34.0
907 34.0
908 34.05
909 34.05
910 34.2
911 34.35
912 34.35
913 34.35
914 34.35
915 34.35
916 34.35
917 34.35
918 34.35
919 34.35
920 34.35
921 34.35
922 34.35
923 34.35
924 34.35
925 34.35
926 34.35
927 34.35
928 34.4
929 34.4
930 34.4
931 34.4
932 34.4
933 34.6
934 34.6
935 34.6
936 34.65
937 34.7
938 34.75
939 34.75
940 34.75
941 34.75
942 34.75
943 34.75
944 34.8
945 34.8
946 34.8
947 34.95
948 35.0
949 35.05
950 35.05
951 35.05
952 35.1
953 35.15
954 35.15
955 35.2
956 35.2
957 35.2
958 35.2
959 35.3
960 35.4
961 35.45
962 35.45
963 35.55
964 35.55
965 35.7
966 35.75
967 35.75
968 35.75
969 35.8
970 35.9
971 35.9
972 35.9
973 35.9
974 35.9
975 35.9
976 35.9
977 35.9
978 35.9
979 36.05
980 36.05
981 36.15
982 36.35
983 36.5
984 36.55
985 36.55
986 36.55
987 36.55
988 36.55
989 36.55
990 36.6
991 36.7
992 36.75
993 36.8
994 36.8
995 36.8
996 36.8
997 36.9
998 36.95
999 37.05
1000 37.05
1001 37.2
1002 37.2
1003 37.2
1004 37.2
1005 37.25
1006 37.25
1007 37.3
1008 37.3
1009 37.3
1010 37.3
1011 37.3
1012 37.4
1013 37.4
1014 37.45
1015 37.45
1016 37.45
1017 37.45
1018 37.45
1019 37.45
1020 37.55
1021 37.55
1022 37.55
1023 37.55
1024 37.55
1025 37.75
1026 37.75
1027 37.75
1028 37.75
1029 37.8
1030 37.8
1031 37.8
1032 37.8
1033 37.8
1034 37.8
1035 37.8
1036 37.8
1037 37.8
1038 37.8
1039 37.8
1040 37.8
1041 37.9
1042 37.9
1043 37.9
1044 38.05
1045 38.05
1046 38.05
1047 38.15
1048 38.15
1049 38.15
1050 38.3
1051 38.3
1052 38.3
1053 38.35
1054 38.35
1055 38.4
1056 38.4
1057 38.5
1058 38.55
1059 38.6
1060 38.6
1061 38.65
1062 38.65
1063 38.65
1064 38.7
1065 38.7
1066 38.8
1067 38.8
1068 38.8
1069 38.8
1070 38.8
1071 38.8
1072 38.8
1073 38.8
1074 38.8
1075 38.85
1076 38.85
1077 38.85
1078 38.95
1079 39.0
1080 39.0
1081 39.1
1082 39.15
1083 39.25
1084 39.3
1085 39.35
1086 39.5
1087 39.5
1088 39.6
1089 39.6
1090 39.6
1091 39.6
1092 39.65
1093 39.65
1094 39.65
1095 39.65
1096 39.8
1097 39.85
1098 39.85
1099 39.85
1100 39.85
1101 39.9
1102 39.9
1103 39.9
1104 39.9
1105 39.9
1106 39.9
1107 40.1
1108 40.1
1109 40.1
1110 40.15
1111 40.15
1112 40.25
1113 40.25
1114 40.25
1115 40.25
1116 40.3
1117 40.3
1118 40.4
1119 40.4
1120 40.4
1121 40.5
1122 40.5
1123 40.55
1124 40.55
1125 40.55
1126 40.65
1127 40.7
1128 40.7
1129 40.7
1130 40.75
1131 40.75
1132 40.8
1133 40.9
1134 40.9
1135 40.9
1136 40.95
1137 41.05
1138 41.1
1139 41.1
1140 41.15
1141 41.15
1142 41.15
1143 41.15
1144 41.2
1145 41.2
1146 41.2
1147 41.3
1148 41.3
1149 41.35
1150 41.4
1151 41.4
1152 41.45
1153 41.55
1154 41.55
1155 41.55
1156 41.6
1157 41.65
1158 41.65
1159 41.65
1160 41.65
1161 41.85
1162 41.9
1163 41.9
1164 41.9
1165 41.9
1166 41.95
1167 42.0
1168 42.0
1169 42.15
1170 42.15
1171 42.15
1172 42.15
1173 42.2
1174 42.25
1175 42.35
1176 42.4
1177 42.55
1178 42.55
1179 42.6
1180 42.7
1181 42.7
1182 42.7
1183 42.7
1184 42.7
1185 42.9
1186 42.95
1187 43.05
1188 43.05
1189 43.05
1190 43.05
1191 43.05
1192 43.05
1193 43.05
1194 43.05
1195 43.2
1196 43.2
1197 43.25
1198 43.25
1199 43.35
1200 43.35
1201 43.35
1202 43.4
1203 43.55
1204 43.55
1205 43.55
1206 43.55
1207 43.6
1208 43.6
1209 43.6
1210 43.7
1211 43.7
1212 43.7
1213 43.7
1214 43.75
1215 43.75
1216 43.75
1217 43.75
1218 43.75
1219 43.8
1220 43.8
1221 43.8
1222 43.85
1223 43.9
1224 44.05
1225 44.05
1226 44.05
1227 44.05
1228 44.25
1229 44.25
1230 44.25
1231 44.3
1232 44.3
1233 44.3
1234 44.3
1235 44.35
1236 44.35
1237 44.35
1238 44.4
1239 44.4
1240 44.4
1241 44.45
1242 44.55
1243 44.55
1244 44.55
1245 44.7
1246 44.7
1247 44.75
1248 44.75
1249 44.8
1250 44.8
1251 44.85
1252 44.85
1253 44.85
1254 44.85
1255 44.85
1256 44.9
1257 44.95
1258 45.0
1259 45.0
1260 45.0
1261 45.0
1262 45.05
1263 45.05
1264 45.05
1265 45.05
1266 45.1
1267 45.2
1268 45.2
1269 45.2
1270 45.2
1271 45.4
1272 45.5
1273 45.5
1274 45.55
1275 45.6
1276 45.6
1277 45.6
1278 45.6
1279 45.6
1280 45.65
1281 45.65
1282 45.65
1283 45.7
1284 45.7
1285 45.75
1286 45.75
1287 45.75
1288 45.75
1289 46.05
1290 46.05
1291 46.1
1292 46.1
1293 46.15
1294 46.15
1295 46.15
1296 46.15
1297 46.15
1298 46.15
1299 46.15
1300 46.2
1301 46.2
1302 46.2
1303 46.25
1304 46.3
1305 46.4
1306 46.4
1307 46.4
1308 46.4
1309 46.5
1310 46.5
1311 46.55
1312 46.55
1313 46.65
1314 46.7
1315 46.7
1316 46.7
1317 46.75
1318 46.75
1319 46.8
1320 46.8
1321 46.8
1322 46.85
1323 46.85
1324 46.85
1325 47.0
1326 47.0
1327 47.0
1328 47.1
1329 47.1
1330 47.1
1331 47.15
1332 47.15
1333 47.15
1334 47.25
1335 47.25
1336 47.3
1337 47.35
1338 47.4
1339 47.4
1340 47.45
1341 47.45
1342 47.45
1343 47.45
1344 47.55
1345 47.65
1346 47.65
1347 47.65
1348 47.75
1349 47.8
1350 47.8
1351 47.9
1352 47.9
1353 47.95
1354 48.0
1355 48.0
1356 48.0
1357 48.05
1358 48.05
1359 48.05
1360 48.1
1361 48.1
1362 48.1
1363 48.1
1364 48.15
1365 48.15
1366 48.15
1367 48.2
1368 48.2
1369 48.25
1370 48.25
1371 48.25
1372 48.3
1373 48.3
1374 48.4
1375 48.45
1376 48.5
1377 48.5
1378 48.5
1379 48.5
1380 48.5
1381 48.5
1382 48.6
1383 48.6
1384 48.65
1385 48.65
1386 48.65
1387 48.7
1388 48.7
1389 48.7
1390 48.7
1391 48.7
1392 48.7
1393 48.7
1394 48.75
1395 48.8
1396 48.85
1397 48.85
1398 48.85
1399 48.9
1400 49.0
1401 49.0
1402 49.0
1403 49.05
1404 49.05
1405 49.1
1406 49.1
1407 49.1
1408 49.15
1409 49.25
1410 49.25
1411 49.25
1412 49.3
1413 49.35
1414 49.4
1415 49.4
1416 49.5
1417 49.5
1418 49.5
1419 49.6
1420 49.6
1421 49.75
1422 49.85
1423 49.85
1424 49.9
1425 49.9
1426 49.9
1427 50.0
1428 50.0
1429 50.0
1430 50.1
1431 50.15
1432 50.25
1433 50.25
1434 50.25
1435 50.25
1436 50.4
1437 50.4
1438 50.45
1439 50.55
1440 50.55
1441 50.6
1442 50.6
1443 50.6
1444 50.65
1445 50.65
1446 50.65
1447 50.65
1448 50.75
1449 50.75
1450 50.75
1451 50.8
1452 50.8
1453 50.8
1454 50.9
1455 51.0
1456 51.05
1457 51.05
1458 51.05
1459 51.05
1460 51.15
1461 51.15
1462 51.2
1463 51.2
1464 51.25
1465 51.25
1466 51.25
1467 51.25
1468 51.25
1469 51.25
1470 51.25
1471 51.25
1472 51.25
1473 51.3
1474 51.3
1475 51.3
1476 51.45
1477 51.45
1478 51.5
1479 51.55
1480 51.55
1481 51.55
1482 51.6
1483 51.6
1484 51.75
1485 51.75
1486 51.9
1487 51.9
1488 51.9
1489 51.95
1490 51.95
1491 51.95
1492 51.95
1493 52.05
1494 52.1
1495 52.1
1496 52.2
1497 52.2
1498 52.25
1499 52.25
1500 52.25
1501 52.25
1502 52.25
1503 52.25
1504 52.25
1505 52.4
1506 52.45
1507 52.5
1508 52.5
1509 52.5
1510 52.5
1511 52.55
1512 52.75
1513 52.75
1514 52.75
1515 52.85
1516 52.95
1517 53.0
1518 53.0
1519 53.0
1520 53.05
1521 53.05
1522 53.1
1523 53.1
1524 53.15
1525 53.2
1526 53.2
1527 53.2
1528 53.3
1529 53.35
1530 53.35
1531 53.5
1532 53.55
1533 53.55
1534 53.6
1535 53.65
1536 53.65
1537 53.7
1538 53.7
1539 53.7
1540 53.75
1541 53.75
1542 53.8
1543 53.8
1544 53.8
1545 53.85
1546 53.85
1547 53.9
1548 53.9
1549 53.9
1550 53.9
1551 53.9
1552 53.9
1553 53.9
1554 54.1
1555 54.15
1556 54.15
1557 54.15
1558 54.2
1559 54.2
1560 54.2
1561 54.2
1562 54.2
1563 54.2
1564 54.25
1565 54.25
1566 54.3
1567 54.35
1568 54.35
1569 54.35
1570 54.35
1571 54.35
1572 54.35
1573 54.35
1574 54.4
1575 54.45
1576 54.45
1577 54.45
1578 54.45
1579 54.45
1580 54.45
1581 54.5
1582 54.65
1583 54.75
1584 54.8
1585 54.8
1586 54.8
1587 54.85
1588 54.9
1589 54.9
1590 54.9
1591 54.95
1592 54.95
1593 54.95
1594 54.95
1595 54.95
1596 54.95
1597 54.95
1598 55.05
1599 55.15
1600 55.3
1601 55.4
1602 55.45
1603 55.7
1604 55.75
1605 55.85
1606 55.85
1607 55.85
1608 55.9
1609 55.9
1610 55.9
1611 55.9
1612 55.9
1613 55.9
1614 55.9
1615 55.9
1616 55.95
1617 55.95
1618 55.95
1619 55.95
1620 56.1
1621 56.1
1622 56.1
1623 56.1
1624 56.1
1625 56.2
1626 56.25
1627 56.25
1628 56.25
1629 56.25
1630 56.25
1631 56.3
1632 56.35
1633 56.4
1634 56.4
1635 56.4
1636 56.45
1637 56.7
1638 56.8
1639 56.8
1640 56.8
1641 56.8
1642 56.8
1643 56.8
1644 56.85
1645 56.85
1646 56.85
1647 56.9
1648 56.95
1649 56.95
1650 56.95
1651 56.95
1652 57.05
1653 57.1
1654 57.15
1655 57.15
1656 57.15
1657 57.15
1658 57.25
1659 57.25
1660 57.25
1661 57.25
1662 57.25
1663 57.3
1664 57.4
1665 57.5
1666 57.65
1667 57.65
1668 57.7
1669 57.8
1670 57.85
1671 57.95
1672 57.95
1673 57.95
1674 58.0
1675 58.05
1676 58.1
1677 58.1
1678 58.15
1679 58.25
1680 58.25
1681 58.35
1682 58.35
1683 58.4
1684 58.4
1685 58.4
1686 58.4
1687 58.4
1688 58.4
1689 58.45
1690 58.5
1691 58.5
1692 58.55
1693 58.55
1694 58.55
1695 58.55
1696 58.55
1697 58.6
1698 58.75
1699 58.8
1700 58.85
1701 58.9
1702 58.9
1703 58.9
1704 59.0
1705 59.0
1706 59.1
1707 59.1
1708 59.1
1709 59.1
1710 59.1
1711 59.1
1712 59.2
1713 59.25
1714 59.25
1715 59.25
1716 59.3
1717 59.3
1718 59.3
1719 59.3
1720 59.3
1721 59.3
1722 59.3
1723 59.3
1724 59.4
1725 59.4
1726 59.4
1727 59.5
1728 59.5
1729 59.55
1730 59.55
1731 59.55
1732 59.55
1733 59.55
1734 59.55
1735 59.65
1736 59.65
1737 59.7
1738 59.75
1739 59.9
1740 59.9
1741 59.9
1742 59.9
1743 59.9
1744 59.9
1745 59.9
1746 59.9
1747 59.95
1748 60.0
1749 60.2
1750 60.2
1751 60.3
1752 60.3
1753 60.35
1754 60.4
1755 60.4
1756 60.45
1757 60.5
1758 60.5
1759 60.5
1760 60.5
1761 60.5
1762 60.5
1763 60.5
1764 60.65
1765 60.75
1766 60.85
1767 60.85
1768 60.9
1769 60.95
1770 61.05
1771 61.05
1772 61.05
1773 61.05
1774 61.05
1775 61.05
1776 61.05
1777 61.05
1778 61.1
1779 61.1
1780 61.1
1781 61.1
1782 61.15
1783 61.15
1784 61.2
1785 61.3
1786 61.3
1787 61.35
1788 61.35
1789 61.35
1790 61.35
1791 61.35
1792 61.4
1793 61.45
1794 61.65
1795 61.65
1796 61.65
1797 61.65
1798 61.65
1799 61.7
1800 61.75
1801 61.75
1802 61.8
1803 61.8
1804 61.8
1805 61.9
1806 61.9
1807 61.9
1808 61.9
1809 61.9
1810 61.9
1811 61.9
1812 61.95
1813 61.95
1814 62.1
1815 62.1
1816 62.15
1817 62.15
1818 62.2
1819 62.2
1820 62.2
1821 62.35
1822 62.35
1823 62.35
1824 62.55
1825 62.55
1826 62.6
1827 62.6
1828 62.6
1829 62.6
1830 62.7
1831 62.7
1832 62.75
1833 62.8
1834 62.8
1835 62.8
1836 62.8
1837 62.85
1838 62.85
1839 62.85
1840 62.95
1841 62.95
1842 62.95
1843 62.95
1844 63.0
1845 63.0
1846 63.0
1847 63.0
1848 63.05
1849 63.05
1850 63.1
1851 63.2
1852 63.2
1853 63.2
1854 63.35
1855 63.45
1856 63.45
1857 63.45
1858 63.45
1859 63.45
1860 63.45
1861 63.45
1862 63.45
1863 63.5
1864 63.5
1865 63.5
1866 63.5
1867 63.5
1868 63.55
1869 63.65
1870 63.8
1871 63.8
1872 63.85
1873 63.85
1874 63.9
1875 64.0
1876 64.0
1877 64.0
1878 64.1
1879 64.1
1880 64.1
1881 64.1
1882 64.15
1883 64.15
1884 64.15
1885 64.15
1886 64.2
1887 64.3
1888 64.35
1889 64.35
1890 64.35
1891 64.35
1892 64.4
1893 64.4
1894 64.55
1895 64.6
1896 64.75
1897 64.75
1898 64.75
1899 64.75
1900 64.75
1901 64.75
1902 64.75
1903 64.8
1904 64.8
1905 64.8
1906 64.85
1907 64.95
1908 64.95
1909 64.95
1910 64.95
1911 64.95
1912 64.95
1913 64.95
1914 64.95
1915 65.0
1916 65.05
1917 65.05
1918 65.05
1919 65.05
1920 65.05
1921 65.05
1922 65.15
1923 65.2
1924 65.2
1925 65.25
1926 65.25
1927 65.25
1928 65.25
1929 65.25
1930 65.25
1931 65.25
1932 65.25
1933 65.25
1934 65.25
1935 65.3
1936 65.3
1937 65.3
1938 65.3
1939 65.35
1940 65.35
1941 65.35
1942 65.35
1943 65.35
1944 65.55
1945 65.55
1946 65.55
1947 65.6
1948 65.6
1949 65.6
1950 65.65
1951 65.7
1952 65.75
1953 65.8
1954 65.8
1955 65.8
1956 65.85
1957 65.85
1958 65.9
1959 65.9
1960 65.9
1961 65.95
1962 66.0
1963 66.2
1964 66.2
1965 66.2
1966 66.35
1967 66.5
1968 66.5
1969 66.5
1970 66.5
1971 66.5
1972 66.5
1973 66.55
1974 66.55
1975 66.55
1976 66.6
1977 66.6
1978 66.65
1979 66.65
1980 66.65
1981 66.65
1982 66.65
1983 66.65
1984 66.65
1985 66.7
1986 66.75
1987 66.8
1988 66.8
1989 66.8
1990 67.05
1991 67.05
1992 67.05
1993 67.1
1994 67.15
1995 67.15
1996 67.15
1997 67.2
1998 67.2
1999 67.2
2000 67.2
2001 67.25
2002 67.3
2003 67.3
2004 67.35
2005 67.35
2006 67.35
2007 67.45
2008 67.45
2009 67.45
2010 67.45
2011 67.45
2012 67.45
2013 67.45
2014 67.45
2015 67.6
2016 67.65
2017 67.7
2018 67.7
2019 67.9
2020 68.05
2021 68.05
2022 68.15
2023 68.2
2024 68.2
2025 68.25
2026 68.25
2027 68.3
2028 68.3
2029 68.3
2030 68.3
2031 68.3
2032 68.3
2033 68.4
2034 68.4
2035 68.55
2036 68.55
2037 68.55
2038 68.55
2039 68.55
2040 68.55
2041 68.55
2042 68.55
2043 68.65
2044 68.75
2045 68.75
2046 68.75
2047 68.75
2048 68.85
2049 68.85
2050 69.0
2051 69.0
2052 69.0
2053 69.0
2054 69.05
2055 69.05
2056 69.05
2057 69.05
2058 69.05
2059 69.05
2060 69.05
2061 69.05
2062 69.05
2063 69.05
2064 69.1
2065 69.1
2066 69.15
2067 69.15
2068 69.15
2069 69.15
2070 69.2
2071 69.2
2072 69.25
2073 69.25
2074 69.25
2075 69.25
2076 69.25
2077 69.25
2078 69.25
2079 69.4
2080 69.4
2081 69.4
2082 69.4
2083 69.5
2084 69.5
2085 69.55
2086 69.55
2087 69.55
2088 69.55
2089 69.55
2090 69.55
2091 69.55
2092 69.55
2093 69.55
2094 69.55
2095 69.6
2096 69.6
2097 69.65
2098 69.65
2099 69.7
2100 69.7
2101 69.7
2102 69.75
2103 69.75
2104 69.75
2105 70.15
2106 70.15
2107 70.15
2108 70.15
2109 70.2
2110 70.25
2111 70.35
2112 70.4
2113 70.4
2114 70.45
2115 70.5
2116 70.55
2117 70.55
2118 70.55
2119 70.55
2120 70.6
2121 70.6
2122 70.65
2123 70.65
2124 70.7
2125 70.75
2126 70.8
2127 70.85
2128 70.85
2129 70.85
2130 70.95
2131 70.95
2132 70.95
2133 71.0
2134 71.0
2135 71.05
2136 71.05
2137 71.05
2138 71.05
2139 71.15
2140 71.15
2141 71.15
2142 71.25
2143 71.25
2144 71.4
2145 71.4
2146 71.4
2147 71.4
2148 71.4
2149 71.4
2150 71.45
2151 71.45
2152 71.5
2153 71.5
2154 71.65
2155 71.65
2156 71.65
2157 71.75
2158 71.75
2159 71.8
2160 71.8
2161 71.8
2162 71.8
2163 71.95
2164 71.95
2165 71.95
2166 71.95
2167 71.95
2168 72.0
2169 72.0
2170 72.0
2171 72.1
2172 72.15
2173 72.25
2174 72.25
2175 72.25
2176 72.3
2177 72.45
2178 72.5
2179 72.5
2180 72.5
2181 72.5
2182 72.5
2183 72.5
2184 72.55
2185 72.55
2186 72.55
2187 72.55
2188 72.55
2189 72.55
2190 72.55
2191 72.55
2192 72.55
2193 72.55
2194 72.55
2195 72.6
2196 72.6
2197 72.6
2198 72.65
2199 72.7
2200 72.7
2201 72.75
2202 72.75
2203 72.8
2204 72.8
2205 72.85
2206 72.9
2207 72.9
2208 73.0
2209 73.0
2210 73.05
2211 73.05
2212 73.05
2213 73.05
2214 73.05
2215 73.1
2216 73.1
2217 73.1
2218 73.1
2219 73.1
2220 73.1
2221 73.1
2222 73.15
2223 73.15
2224 73.15
2225 73.3
2226 73.3
2227 73.3
2228 73.3
2229 73.35
2230 73.35
2231 73.35
2232 73.4
2233 73.45
2234 73.65
2235 73.65
2236 73.7
2237 73.8
2238 73.8
2239 73.8
2240 73.8
2241 73.8
2242 73.85
2243 73.85
2244 73.85
2245 74.1
2246 74.2
2247 74.2
2248 74.2
2249 74.2
2250 74.2
2251 74.2
2252 74.25
2253 74.25
2254 74.25
2255 74.25
2256 74.3
2257 74.3
2258 74.4
2259 74.5
2260 74.5
2261 74.5
2262 74.5
2263 74.55
2264 74.6
2265 74.6
2266 74.6
2267 74.6
2268 74.6
2269 74.6
2270 74.6
2271 74.6
2272 74.6
2273 74.6
2274 74.6
2275 74.7
2276 74.7
2277 74.7
2278 74.75
2279 74.75
2280 74.8
2281 74.85
2282 74.85
2283 74.95
2284 74.95
2285 74.95
2286 74.95
2287 75.15
2288 75.15
2289 75.15
2290 75.15
2291 75.15
2292 75.15
2293 75.15
2294 75.15
2295 75.15
2296 75.2
2297 75.25
2298 75.25
2299 75.25
2300 75.25
2301 75.25
2302 75.25
2303 75.25
2304 75.4
2305 75.4
2306 75.4
2307 75.4
2308 75.4
2309 75.4
2310 75.4
2311 75.5
2312 75.55
2313 75.65
2314 75.7
2315 75.75
2316 75.75
2317 75.75
2318 75.75
2319 75.75
2320 75.75
2321 75.75
2322 75.75
2323 75.85
2324 75.85
2325 75.95
2326 75.95
2327 75.95
2328 76.0
2329 76.0
2330 76.05
2331 76.05
2332 76.1
2333 76.1
2334 76.15
2335 76.2
2336 76.2
2337 76.2
2338 76.2
2339 76.25
2340 76.25
2341 76.3
2342 76.3
2343 76.35
2344 76.35
2345 76.35
2346 76.4
2347 76.4
2348 76.4
2349 76.4
2350 76.6
2351 76.65
2352 76.65
2353 76.65
2354 76.65
2355 76.8
2356 76.85
2357 76.85
2358 76.9
2359 76.9
2360 76.9
2361 76.9
2362 76.9
2363 76.9
2364 76.9
2365 76.95
2366 77.0
2367 77.05
2368 77.1
2369 77.1
2370 77.1
2371 77.15
2372 77.15
2373 77.15
2374 77.15
2375 77.15
2376 77.15
2377 77.15
2378 77.2
2379 77.2
2380 77.2
2381 77.2
2382 77.25
2383 77.25
2384 77.25
2385 77.25
2386 77.25
2387 77.4
2388 77.4
2389 77.5
2390 77.55
2391 77.65
2392 77.7
2393 77.7
2394 77.7
2395 77.75
2396 77.75
2397 77.85
2398 77.85
2399 77.85
2400 77.85
2401 77.85
2402 77.85
2403 77.9
2404 77.9
2405 77.9
2406 78.1
2407 78.1
2408 78.1
2409 78.1
2410 78.1
2411 78.2
2412 78.3
2413 78.3
2414 78.3
2415 78.35
2416 78.35
2417 78.35
2418 78.35
2419 78.35
2420 78.4
2421 78.4
2422 78.4
2423 78.4
2424 78.45
2425 78.45
2426 78.45
2427 78.45
2428 78.5
2429 78.55
2430 78.7
2431 78.75
2432 78.8
2433 78.8
2434 78.8
2435 78.8
2436 78.8
2437 78.8
2438 78.8
2439 78.9
2440 78.9
2441 78.9
2442 78.9
2443 78.9
2444 78.95
2445 78.95
2446 78.95
2447 79.05
2448 79.05
2449 79.1
2450 79.15
2451 79.25
2452 79.25
2453 79.25
2454 79.25
2455 79.4
2456 79.4
2457 79.5
2458 79.55
2459 79.55
2460 79.55
2461 79.55
2462 79.6
2463 79.65
2464 79.65
2465 79.65
2466 79.65
2467 79.65
2468 79.7
2469 79.7
2470 79.7
2471 79.7
2472 79.7
2473 79.7
2474 79.7
2475 79.7
2476 79.7
2477 79.7
2478 79.7
2479 79.75
2480 79.85
2481 79.9
2482 80.15
2483 80.15
2484 80.15
2485 80.15
2486 80.15
2487 80.2
2488 80.2
2489 80.2
2490 80.25
2491 80.3
2492 80.3
2493 80.3
2494 80.3
2495 80.4
2496 80.45
2497 80.5
2498 80.5
2499 80.5
2500 80.5
2501 80.5
2502 80.5
2503 80.55
2504 80.65
2505 80.65
2506 80.65
2507 80.65
2508 80.7
2509 80.7
2510 80.7
2511 80.7
2512 80.7
2513 80.85
2514 80.85
2515 80.85
2516 80.85
2517 80.85
2518 80.85
2519 80.95
2520 80.95
2521 81.1
2522 81.15
2523 81.15
2524 81.15
2525 81.25
2526 81.25
2527 81.3
2528 81.3
2529 81.3
2530 81.3
2531 81.3
2532 81.3
2533 81.3
2534 81.3
2535 81.3
2536 81.3
2537 81.3
2538 81.35
2539 81.4
2540 81.4
2541 81.4
2542 81.45
2543 81.5
2544 81.5
2545 81.5
2546 81.7
2547 81.7
2548 81.8
2549 81.8
2550 81.85
2551 81.9
2552 81.9
2553 81.9
2554 81.9
2555 81.95
2556 82.0
2557 82.0
2558 82.0
2559 82.0
2560 82.0
2561 82.0
2562 82.0
2563 82.05
2564 82.05
2565 82.05
2566 82.05
2567 82.05
2568 82.15
2569 82.15
2570 82.2
2571 82.25
2572 82.3
2573 82.35
2574 82.35
2575 82.35
2576 82.35
2577 82.35
2578 82.35
2579 82.35
2580 82.35
2581 82.35
2582 82.35
2583 82.35
2584 82.35
2585 82.35
2586 82.35
2587 82.45
2588 82.45
2589 82.45
2590 82.5
2591 82.5
2592 82.5
2593 82.65
2594 82.65
2595 82.7
2596 82.75
2597 82.75
2598 82.75
2599 82.75
2600 82.75
2601 82.85
2602 82.85
2603 82.9
2604 82.95
2605 82.95
2606 83.0
2607 83.05
2608 83.05
2609 83.1
2610 83.1
2611 83.1
2612 83.3
2613 83.3
2614 83.35
2615 83.45
2616 83.45
2617 83.5
2618 83.5
2619 83.5
2620 83.55
2621 83.55
2622 83.6
2623 83.6
2624 83.6
2625 83.6
2626 83.6
2627 83.6
2628 83.6
2629 83.6
2630 83.6
2631 83.65
2632 83.7
2633 83.7
2634 83.8
2635 83.8
2636 83.8
2637 83.95
2638 83.95
2639 83.95
2640 83.95
2641 84.0
2642 84.0
2643 84.0
2644 84.0
2645 84.05
2646 84.05
2647 84.15
2648 84.3
2649 84.35
2650 84.35
2651 84.35
2652 84.4
2653 84.4
2654 84.45
2655 84.55
2656 84.6
2657 84.6
2658 84.6
2659 84.6
2660 84.75
2661 84.8
2662 84.8
2663 84.8
2664 84.85
2665 84.85
2666 84.85
2667 84.85
2668 84.85
2669 85.0
2670 85.0
2671 85.0
2672 85.05
2673 85.15
2674 85.2
2675 85.2
2676 85.3
2677 85.3
2678 85.3
2679 85.3
2680 85.3
2681 85.3
2682 85.35
2683 85.35
2684 85.4
2685 85.4
2686 85.4
2687 85.45
2688 85.55
2689 85.55
2690 85.6
2691 85.65
2692 85.65
2693 85.75
2694 85.8
2695 85.8
2696 85.8
2697 85.8
2698 85.85
2699 85.85
2700 85.85
2701 85.85
2702 86.0
2703 86.0
2704 86.0
2705 86.05
2706 86.2
2707 86.2
2708 86.2
2709 86.25
2710 86.25
2711 86.25
2712 86.25
2713 86.25
2714 86.25
2715 86.25
2716 86.25
2717 86.25
2718 86.25
2719 86.25
2720 86.25
2721 86.25
2722 86.3
2723 86.3
2724 86.35
2725 86.4
2726 86.4
2727 86.4
2728 86.4
2729 86.45
2730 86.45
2731 86.45
2732 86.5
2733 86.5
2734 86.5
2735 86.5
2736 86.5
2737 86.5
2738 86.5
2739 86.55
2740 86.55
2741 86.55
2742 86.65
2743 86.65
2744 86.7
2745 86.7
2746 86.7
2747 86.7
2748 86.7
2749 86.7
2750 86.8
2751 86.85
2752 86.95
2753 87.0
2754 87.0
2755 87.05
2756 87.05
2757 87.05
2758 87.1
2759 87.15
2760 87.25
2761 87.25
2762 87.35
2763 87.45
2764 87.45
2765 87.5
2766 87.5
2767 87.55
2768 87.55
2769 87.6
2770 87.6
2771 87.6
2772 87.65
2773 87.65
2774 87.75
2775 87.75
2776 87.75
2777 87.75
2778 87.8
2779 87.85
2780 88.05
2781 88.15
2782 88.15
2783 88.15
2784 88.15
2785 88.15
2786 88.15
2787 88.15
2788 88.15
2789 88.15
2790 88.2
2791 88.4
2792 88.4
2793 88.4
2794 88.4
2795 88.4
2796 88.4
2797 88.5
2798 88.5
2799 88.5
2800 88.5
2801 88.55
2802 88.6
2803 88.65
2804 88.65
2805 88.65
2806 88.7
2807 88.7
2808 88.75
2809 88.75
2810 88.8
2811 88.8
2812 88.8
2813 88.8
2814 88.8
2815 88.8
2816 88.8
2817 88.8
2818 88.85
2819 88.85
2820 88.85
2821 88.95
2822 88.95
2823 88.95
2824 89.0
2825 89.05
2826 89.1
2827 89.1
2828 89.1
2829 89.15
2830 89.15
2831 89.2
2832 89.2
2833 89.25
2834 89.25
2835 89.3
2836 89.3
2837 89.35
2838 89.45
2839 89.45
2840 89.45
2841 89.45
2842 89.45
2843 89.45
2844 89.55
2845 89.55
2846 89.55
2847 89.55
2848 89.55
2849 89.55
2850 89.55
2851 89.55
2852 89.55
2853 89.55
2854 89.55
2855 89.55
2856 89.55
2857 89.55
2858 89.65
2859 89.65
2860 89.65
2861 89.65
2862 89.7
2863 89.7
2864 89.75
2865 89.75
2866 89.8
2867 89.8
2868 89.85
2869 89.85
2870 89.85
2871 89.9
2872 89.9
2873 90.0
2874 90.05
2875 90.05
2876 90.1
2877 90.1
2878 90.1
2879 90.1
2880 90.2
2881 90.2
2882 90.2
2883 90.35
2884 90.35
2885 90.35
2886 90.4
2887 90.5
2888 90.5
2889 90.5
2890 90.6
2891 90.6
2892 90.65
2893 90.8
2894 90.85
2895 90.85
2896 90.85
2897 90.9
2898 90.95
2899 90.95
2900 90.95
2901 91.0
2902 91.0
2903 91.0
2904 91.0
2905 91.0
2906 91.05
2907 91.05
2908 91.1
2909 91.15
2910 91.15
2911 91.25
2912 91.25
2913 91.3
2914 91.35
2915 91.35
2916 91.35
2917 91.35
2918 91.35
2919 91.4
2920 91.45
2921 91.65
2922 91.7
2923 91.7
2924 91.7
2925 91.7
2926 91.7
2927 91.7
2928 91.75
2929 91.8
2930 91.8
2931 91.8
2932 91.8
2933 91.8
2934 91.9
2935 91.9
2936 91.9
2937 91.9
2938 91.9
2939 91.9
2940 92.0
2941 92.0
2942 92.0
2943 92.05
2944 92.05
2945 92.05
2946 92.05
2947 92.05
2948 92.1
2949 92.2
2950 92.2
2951 92.2
2952 92.25
2953 92.25
2954 92.25
2955 92.25
2956 92.25
2957 92.25
2958 92.25
2959 92.25
2960 92.25
2961 92.3
2962 92.3
2963 92.3
2964 92.3
2965 92.3
2966 92.4
2967 92.4
2968 92.4
2969 92.4
2970 92.4
2971 92.4
2972 92.4
2973 92.4
2974 92.4
2975 92.5
2976 92.5
2977 92.5
2978 92.5
2979 92.5
2980 92.55
2981 92.55
2982 92.55
2983 92.55
2984 92.65
2985 92.65
2986 92.7
2987 92.8
2988 92.85
2989 92.9
2990 92.9
2991 92.95
2992 93.05
2993 93.05
2994 93.15
2995 93.35
2996 93.35
2997 93.35
2998 93.45
2999 93.45
3000 93.45
3001 93.5
3002 93.5
3003 93.5
3004 93.6
3005 93.6
3006 93.6
3007 93.6
3008 93.6
3009 93.6
3010 93.6
3011 93.6
3012 93.65
3013 93.75
3014 93.75
3015 93.75
3016 93.8
3017 93.85
3018 93.85
3019 93.85
3020 94.0
3021 94.0
3022 94.0
3023 94.0
3024 94.0
3025 94.1
3026 94.2
3027 94.2
3028 94.2
3029 94.2
3030 94.2
3031 94.2
3032 94.2
3033 94.2
3034 94.2
3035 94.35
3036 94.35
3037 94.35
3038 94.35
3039 94.5
3040 94.5
3041 94.55
3042 94.6
3043 94.6
3044 94.6
3045 94.6
3046 94.65
3047 94.65
3048 94.65
3049 94.65
3050 94.75
3051 94.75
3052 94.85
3053 94.85
3054 94.9
3055 94.9
3056 94.9
3057 94.9
3058 94.9
3059 95.0
3060 95.0
3061 95.0
3062 95.05
3063 95.05
3064 95.25
3065 95.25
3066 95.25
3067 95.25
3068 95.25
3069 95.25
3070 95.25
3071 95.25
3072 95.25
3073 95.25
3074 95.25
3075 95.25
3076 95.25
3077 95.3
3078 95.3
3079 95.35
3080 95.4
3081 95.4
3082 95.4
3083 95.4
3084 95.4
3085 95.45
3086 95.45
3087 95.5
3088 95.55
3089 95.55
3090 95.55
3091 95.6
3092 95.65
3093 95.65
3094 95.65
3095 95.65
3096 95.65
3097 95.85
3098 95.85
3099 95.85
3100 95.9
3101 95.9
3102 96.0
3103 96.1
3104 96.1
3105 96.1
3106 96.15
3107 96.25
3108 96.3
3109 96.3
3110 96.35
3111 96.35
3112 96.35
3113 96.45
3114 96.45
3115 96.5
3116 96.7
3117 96.7
3118 96.7
3119 96.75
3120 96.75
3121 96.75
3122 96.75
3123 96.75
3124 96.75
3125 96.75
3126 96.75
3127 96.75
3128 96.75
3129 96.75
3130 96.75
3131 96.8
3132 96.8
3133 96.85
3134 96.85
3135 96.85
3136 96.9
3137 96.9
3138 96.9
3139 96.9
3140 96.95
3141 97.0
3142 97.0
3143 97.0
3144 97.1
3145 97.1
3146 97.2
3147 97.2
3148 97.2
3149 97.2
3150 97.25
3151 97.35
3152 97.35
3153 97.35
3154 97.4
3155 97.4
3156 97.4
3157 97.4
3158 97.4
3159 97.4
3160 97.4
3161 97.4
3162 97.4
3163 97.4
3164 97.4
3165 97.45
3166 97.45
3167 97.45
3168 97.45
3169 97.45
3170 97.45
3171 97.45
3172 97.45
3173 97.45
3174 97.55
3175 97.55
3176 97.55
3177 97.6
3178 97.65
3179 97.7
3180 97.7
3181 97.7
3182 97.85
3183 97.85
3184 97.9
3185 97.9
3186 97.9
3187 97.9
3188 97.9
3189 97.9
3190 97.9
3191 97.9
3192 97.9
3193 97.9
3194 97.95
3195 97.95
3196 97.95
3197 98.0
3198 98.05
3199 98.05
3200 98.1
3201 98.1
3202 98.15
3203 98.15
3204 98.2
3205 98.2
3206 98.25
3207 98.25
3208 98.25
3209 98.25
3210 98.25
3211 98.3
3212 98.4
3213 98.5
3214 98.5
3215 98.55
3216 98.55
3217 98.6
3218 98.6
3219 98.65
3220 98.65
3221 98.75
3222 98.75
3223 98.75
3224 98.75
3225 98.8
3226 98.8
3227 98.85
3228 98.85
3229 98.9
3230 98.9
3231 98.9
3232 98.9
3233 98.9
3234 98.9
3235 98.9
3236 98.9
3237 98.9
3238 98.95
3239 98.95
3240 99.0
3241 99.0
3242 99.0
3243 99.0
3244 99.05
3245 99.05
3246 99.05
3247 99.05
3248 99.1
3249 99.1
3250 99.15
3251 99.2
3252 99.2
3253 99.3
3254 99.3
3255 99.3
3256 99.35
3257 99.35
3258 99.4
3259 99.4
3260 99.4
3261 99.45
3262 99.6
3263 99.6
3264 99.6
3265 99.6
3266 99.6
3267 99.65
3268 99.7
3269 99.8
3270 99.9
3271 99.9
3272 99.95
3273 99.95
3274 99.95
3275 100.0
3276 100.0
3277 100.0
3278 100.0
3279 100.0
3280 100.0
3281 100.0
3282 100.05
3283 100.15
3284 100.15
3285 100.15
3286 100.2
3287 100.2
3288 100.2
3289 100.25
3290 100.35
3291 100.35
3292 100.4
3293 100.4
3294 100.4
3295 100.45
3296 100.45
3297 100.5
3298 100.5
3299 100.5
3300 100.55
3301 100.65
3302 100.65
3303 100.65
3304 100.65
3305 100.65
3306 100.65
3307 100.65
3308 100.7
3309 100.7
3310 100.8
3311 100.8
3312 100.9
3313 100.9
3314 101.0
3315 101.0
3316 101.0
3317 101.0
3318 101.05
3319 101.05
3320 101.1
3321 101.15
3322 101.15
3323 101.15
3324 101.15
3325 101.2
3326 101.2
3327 101.25
3328 101.25
3329 101.3
3330 101.35
3331 101.45
3332 101.45
3333 101.45
3334 101.45
3335 101.45
3336 101.45
3337 101.45
3338 101.5
3339 101.5
3340 101.5
3341 101.5
3342 101.5
3343 101.55
3344 101.6
3345 101.6
3346 101.6
3347 101.6
3348 101.6
3349 101.6
3350 101.65
3351 101.65
3352 101.65
3353 101.65
3354 101.65
3355 101.75
3356 101.8
3357 101.8
3358 101.8
3359 101.8
3360 101.8
3361 101.8
3362 101.85
3363 101.85
3364 101.9
3365 102.0
3366 102.0
3367 102.05
3368 102.05
3369 102.05
3370 102.05
3371 102.05
3372 102.1
3373 102.1
3374 102.15
3375 102.15
3376 102.25
3377 102.25
3378 102.3
3379 102.3
3380 102.3
3381 102.3
3382 102.3
3383 102.3
3384 102.35
3385 102.4
3386 102.4
3387 102.4
3388 102.5
3389 102.5
3390 102.5
3391 102.5
3392 102.5
3393 102.55
3394 102.6
3395 102.6
3396 102.6
3397 102.6
3398 102.6
3399 102.6
3400 102.7
3401 102.7
3402 102.7
3403 102.7
3404 102.7
3405 102.7
3406 102.7
3407 102.75
3408 102.75
3409 102.75
3410 102.75
3411 102.75
3412 102.8
3413 102.85
3414 102.85
3415 102.9
3416 103.0
3417 103.0
3418 103.05
3419 103.05
3420 103.1
3421 103.25
3422 103.25
3423 103.25
3424 103.3
3425 103.35
3426 103.35
3427 103.35
3428 103.35
3429 103.35
3430 103.35
3431 103.35
3432 103.35
3433 103.35
3434 103.35
3435 103.35
3436 103.35
3437 103.35
3438 103.35
3439 103.35
3440 103.35
3441 103.35
3442 103.35
3443 103.4
3444 103.4
3445 103.4
3446 103.45
3447 103.45
3448 103.45
3449 103.5
3450 103.5
3451 103.5
3452 103.5
3453 103.5
3454 103.55
3455 103.55
3456 103.55
3457 103.55
3458 103.55
3459 103.55
3460 103.65
3461 103.65
3462 103.7
3463 103.7
3464 103.75
3465 103.8
3466 103.8
3467 103.8
3468 103.8
3469 103.8
3470 103.85
3471 103.85
3472 103.9
3473 103.95
3474 103.95
3475 103.95
3476 103.95
3477 103.95
3478 103.95
3479 103.95
3480 104.1
3481 104.1
3482 104.1
3483 104.1
3484 104.1
3485 104.1
3486 104.1
3487 104.1
3488 104.15
3489 104.15
3490 104.15
3491 104.3
3492 104.4
3493 104.45
3494 104.55
3495 104.55
3496 104.6
3497 104.6
3498 104.6
3499 104.6
3500 104.75
3501 104.8
3502 104.8
3503 104.8
3504 104.8
3505 104.8
3506 104.8
3507 104.8
3508 104.8
3509 104.8
3510 104.8
3511 104.9
3512 104.9
3513 104.9
3514 104.95
3515 104.95
3516 105.0
3517 105.0
3518 105.0
3519 105.0
3520 105.0
3521 105.05
3522 105.05
3523 105.05
3524 105.15
3525 105.15
3526 105.15
3527 105.2
3528 105.25
3529 105.35
3530 105.35
3531 105.35
3532 105.35
3533 105.35
3534 105.35
3535 105.4
3536 105.4
3537 105.4
3538 105.4
3539 105.4
3540 105.45
3541 105.45
3542 105.45
3543 105.45
3544 105.45
3545 105.45
3546 105.45
3547 105.45
3548 105.55
3549 105.6
3550 105.65
3551 105.65
3552 105.65
3553 105.65
3554 105.65
3555 105.75
3556 105.75
3557 105.75
3558 105.75
3559 105.75
3560 105.75
3561 105.85
3562 105.85
3563 105.9
3564 105.9
3565 105.9
3566 105.9
3567 106.0
3568 106.0
3569 106.05
3570 106.05
3571 106.05
3572 106.05
3573 106.05
3574 106.05
3575 106.1
3576 106.1
3577 106.1
3578 106.1
3579 106.1
3580 106.15
3581 106.3
3582 106.35
3583 106.4
3584 106.45
3585 106.45
3586 106.45
3587 106.55
3588 106.6
3589 106.6
3590 106.6
3591 106.65
3592 106.65
3593 106.7
3594 106.7
3595 106.7
3596 106.7
3597 106.75
3598 106.75
3599 106.8
3600 106.8
3601 106.8
3602 106.8
3603 106.8
3604 106.8
3605 106.9
3606 107.1
3607 107.15
3608 107.15
3609 107.15
3610 107.2
3611 107.2
3612 107.25
3613 107.25
3614 107.25
3615 107.25
3616 107.3
3617 107.3
3618 107.35
3619 107.4
3620 107.4
3621 107.4
3622 107.4
3623 107.4
3624 107.4
3625 107.4
3626 107.5
3627 107.5
3628 107.5
3629 107.5
3630 107.5
3631 107.5
3632 107.55
3633 107.55
3634 107.55
3635 107.55
3636 107.55
3637 107.55
3638 107.55
3639 107.55
3640 107.55
3641 107.55
3642 107.6
3643 107.6
3644 107.6
3645 107.6
3646 107.6
3647 107.75
3648 107.75
3649 107.8
3650 107.8
3651 107.8
3652 107.8
3653 107.8
3654 107.8
3655 107.85
3656 107.85
3657 107.85
3658 107.85
3659 107.9
3660 107.95
3661 108.0
3662 108.05
3663 108.1
3664 108.1
3665 108.1
3666 108.1
3667 108.1
3668 108.1
3669 108.1
3670 108.1
3671 108.1
3672 108.1
3673 108.25
3674 108.25
3675 108.25
3676 108.25
3677 108.35
3678 108.35
3679 108.35
3680 108.4
3681 108.4
3682 108.5
3683 108.6
3684 108.6
3685 108.6
3686 108.6
3687 108.65
3688 108.7
3689 108.7
3690 108.7
3691 108.7
3692 108.7
3693 108.75
3694 108.8
3695 108.85
3696 108.85
3697 108.85
3698 108.95
3699 108.95
3700 108.95
3701 108.95
3702 108.95
3703 108.95
3704 108.95
3705 108.95
3706 108.95
3707 108.95
3708 108.95
3709 109.1
3710 109.1
3711 109.15
3712 109.15
3713 109.15
3714 109.2
3715 109.2
3716 109.25
3717 109.3
3718 109.3
3719 109.3
3720 109.3
3721 109.3
3722 109.3
3723 109.3
3724 109.3
3725 109.3
3726 109.3
3727 109.35
3728 109.35
3729 109.55
3730 109.55
3731 109.55
3732 109.55
3733 109.6
3734 109.6
3735 109.65
3736 109.65
3737 109.65
3738 109.65
3739 109.65
3740 109.7
3741 109.75
3742 109.75
3743 109.8
3744 109.85
3745 109.85
3746 109.95
3747 109.95
3748 109.95
3749 109.95
3750 109.95
3751 109.95
3752 109.95
3753 110.05
3754 110.15
3755 110.15
3756 110.15
3757 110.15
3758 110.15
3759 110.25
3760 110.25
3761 110.25
3762 110.25
3763 110.25
3764 110.3
3765 110.3
3766 110.3
3767 110.3
3768 110.35
3769 110.5
3770 110.5
3771 110.5
3772 110.55
3773 110.55
3774 110.65
3775 110.75
3776 110.75
3777 110.8
3778 110.8
3779 110.85
3780 110.85
3781 110.85
3782 110.85
3783 110.95
3784 110.95
3785 110.95
3786 111.0
3787 111.0
3788 111.0
3789 111.0
3790 111.0
3791 111.1
3792 111.1
3793 111.1
3794 111.15
3795 111.15
3796 111.15
3797 111.2
3798 111.2
3799 111.25
3800 111.3
3801 111.3
3802 111.35
3803 111.4
3804 111.4
3805 111.4
3806 111.4
3807 111.4
3808 111.4
3809 111.45
3810 111.45
3811 111.45
3812 111.45
3813 111.5
3814 111.5
3815 111.5
3816 111.5
3817 111.5
3818 111.5
3819 111.5
3820 111.5
3821 111.5
3822 111.55
3823 111.55
3824 111.6
3825 111.7
3826 111.7
3827 111.7
3828 111.7
3829 111.7
3830 111.7
3831 111.7
3832 111.7
3833 111.8
3834 111.8
3835 111.8
3836 111.8
3837 111.8
3838 111.8
3839 111.85
3840 111.85
3841 111.85
3842 111.95
3843 111.95
3844 111.95
3845 111.95
3846 112.0
3847 112.1
3848 112.15
3849 112.15
3850 112.15
3851 112.15
3852 112.2
3853 112.25
3854 112.25
3855 112.4
3856 112.4
3857 112.5
3858 112.5
3859 112.55
3860 112.6
3861 112.65
3862 112.65
3863 112.65
3864 112.65
3865 112.65
3866 112.7
3867 112.8
3868 112.8
3869 112.85
3870 112.9
3871 112.9
3872 112.9
3873 112.9
3874 112.9
3875 113.0
3876 113.0
3877 113.0
3878 113.0
3879 113.0
3880 113.0
3881 113.05
3882 113.05
3883 113.05
3884 113.05
3885 113.1
3886 113.1
3887 113.1
3888 113.1
3889 113.1
3890 113.1
3891 113.1
3892 113.1
3893 113.1
3894 113.15
3895 113.15
3896 113.15
3897 113.15
3898 113.2
3899 113.25
3900 113.25
3901 113.25
3902 113.35
3903 113.35
3904 113.35
3905 113.35
3906 113.4
3907 113.4
3908 113.4
3909 113.45
3910 113.45
3911 113.5
3912 113.5
3913 113.5
3914 113.5
3915 113.5
3916 113.55
3917 113.55
3918 113.55
3919 113.55
3920 113.65
3921 113.65
3922 113.65
3923 113.65
3924 113.8
3925 113.85
3926 113.85
3927 114.0
3928 114.0
3929 114.0
3930 114.05
3931 114.1
3932 114.1
3933 114.1
3934 114.1
3935 114.15
3936 114.15
3937 114.15
3938 114.25
3939 114.25
3940 114.25
3941 114.25
3942 114.25
3943 114.25
3944 114.3
3945 114.3
3946 114.3
3947 114.35
3948 114.35
3949 114.4
3950 114.45
3951 114.45
3952 114.45
3953 114.45
3954 114.45
3955 114.6
3956 114.6
3957 114.6
3958 114.6
3959 114.65
3960 114.8
3961 114.9
3962 114.9
3963 114.95
3964 115.0
3965 115.0
3966 115.0
3967 115.0
3968 115.05
3969 115.1
3970 115.1
3971 115.1
3972 115.1
3973 115.1
3974 115.1
3975 115.15
3976 115.15
3977 115.25
3978 115.25
3979 115.25
3980 115.25
3981 115.25
3982 115.25
3983 115.3
3984 115.3
3985 115.3
3986 115.3
3987 115.35
3988 115.35
3989 115.35
3990 115.4
3991 115.4
3992 115.4
3993 115.45
3994 115.45
3995 115.5
3996 115.5
3997 115.5
3998 115.5
3999 115.55
4000 115.7
4001 115.7
4002 115.7
4003 115.7
4004 115.7
4005 115.7
4006 115.7
4007 115.7
4008 115.75
4009 115.85
4010 115.9
4011 115.9
4012 115.95
4013 115.95
4014 115.95
4015 115.95
4016 115.95
4017 115.95
4018 116.0
4019 116.0
4020 116.0
4021 116.0
4022 116.0
4023 116.0
4024 116.0
4025 116.1
4026 116.1
4027 116.1
4028 116.15
4029 116.15
4030 116.2
4031 116.2
4032 116.25
4033 116.25
4034 116.25
4035 116.25
4036 116.25
4037 116.25
4038 116.3
4039 116.3
4040 116.3
4041 116.3
4042 116.35
4043 116.45
4044 116.45
4045 116.45
4046 116.45
4047 116.5
4048 116.5
4049 116.65
4050 116.65
4051 116.65
4052 116.65
4053 116.65
4054 116.65
4055 116.65
4056 116.7
4057 116.7
4058 116.8
4059 116.8
4060 116.85
4061 116.85
4062 116.85
4063 116.85
4064 116.85
4065 116.85
4066 116.9
4067 116.9
4068 116.9
4069 116.9
4070 116.9
4071 116.9
4072 116.95
4073 116.95
4074 117.0
4075 117.0
4076 117.0
4077 117.05
4078 117.05
4079 117.05
4080 117.1
4081 117.1
4082 117.1
4083 117.15
4084 117.15
4085 117.2
4086 117.2
4087 117.2
4088 117.2
4089 117.25
4090 117.25
4091 117.25
4092 117.25
4093 117.3
4094 117.3
4095 117.35
4096 117.35
4097 117.45
4098 117.45
4099 117.45
4100 117.5
4101 117.5
4102 117.55
4103 117.55
4104 117.55
4105 117.65
4106 117.65
4107 117.65
4108 117.65
4109 117.65
4110 117.65
4111 117.8
4112 117.8
4113 117.8
4114 117.8
4115 117.8
4116 117.8
4117 117.8
4118 117.8
4119 117.8
4120 117.9
4121 117.9
4122 117.9
4123 117.95
4124 117.95
4125 117.95
4126 118.0
4127 118.0
4128 118.0
4129 118.0
4130 118.05
4131 118.05
4132 118.05
4133 118.05
4134 118.05
4135 118.1
4136 118.15
4137 118.2
4138 118.25
4139 118.25
4140 118.25
4141 118.25
4142 118.3
4143 118.3
4144 118.3
4145 118.35
4146 118.35
4147 118.35
4148 118.4
4149 118.4
4150 118.4
4151 118.4
4152 118.4
4153 118.4
4154 118.4
4155 118.45
4156 118.5
4157 118.5
4158 118.5
4159 118.55
4160 118.55
4161 118.6
4162 118.6
4163 118.7
4164 118.7
4165 118.75
4166 118.75
4167 118.85
4168 118.85
4169 118.85
4170 118.85
4171 119.0
4172 119.0
4173 119.15
4174 119.2
4175 119.2
4176 119.2
4177 119.2
4178 119.2
4179 119.3
4180 119.3
4181 119.4
4182 119.4
4183 119.4
4184 119.4
4185 119.4
4186 119.4
4187 119.4
4188 119.4
4189 119.4
4190 119.4
4191 119.4
4192 119.4
4193 119.4
4194 119.4
4195 119.4
4196 119.45
4197 119.45
4198 119.45
4199 119.5
4200 119.55
4201 119.6
4202 119.65
4203 119.65
4204 119.7
4205 119.75
4206 119.8
4207 119.9
4208 119.9
4209 120.0
4210 120.0
4211 120.0
4212 120.0
4213 120.05
4214 120.05
4215 120.05
4216 120.05
4217 120.05
4218 120.05
4219 120.05
4220 120.05
4221 120.05
4222 120.05
4223 120.05
4224 120.1
4225 120.15
4226 120.15
4227 120.15
4228 120.15
4229 120.2
4230 120.2
4231 120.2
4232 120.2
4233 120.2
4234 120.2
4235 120.2
4236 120.25
4237 120.25
4238 120.25
4239 120.25
4240 120.25
4241 120.25
4242 120.3
4243 120.3
4244 120.3
4245 120.3
4246 120.35
4247 120.35
4248 120.35
4249 120.45
4250 120.45
4251 120.45
4252 120.45
4253 120.45
4254 120.45
4255 120.45
4256 120.45
4257 120.5
4258 120.5
4259 120.5
4260 120.5
4261 120.55
4262 120.55
4263 120.55
4264 120.55
4265 120.6
4266 120.6
4267 120.65
4268 120.65
4269 120.7
4270 120.75
4271 120.75
4272 120.8
4273 120.85
4274 120.85
4275 120.9
4276 120.95
4277 121.0
4278 121.0
4279 121.0
4280 121.05
4281 121.05
4282 121.05
4283 121.15
4284 121.15
4285 121.2
4286 121.2
4287 121.2
4288 121.2
4289 121.2
4290 121.2
4291 121.2
4292 121.25
4293 121.35
4294 121.35
4295 121.4
4296 121.55
4297 121.65
4298 121.65
4299 121.65
4300 121.65
4301 121.65
4302 121.7
4303 121.8
4304 121.8
4305 121.8
4306 121.8
4307 121.8
4308 121.8
4309 121.8
4310 121.8
4311 121.8
4312 121.95
4313 121.95
4314 121.95
4315 121.95
4316 121.95
4317 121.95
4318 122.05
4319 122.05
4320 122.05
4321 122.05
4322 122.05
4323 122.05
4324 122.05
4325 122.05
4326 122.05
4327 122.05
4328 122.05
4329 122.15
4330 122.15
4331 122.15
4332 122.2
4333 122.25
4334 122.3
4335 122.3
4336 122.35
4337 122.4
4338 122.4
4339 122.4
4340 122.45
4341 122.45
4342 122.45
4343 122.45
4344 122.45
4345 122.45
4346 122.45
4347 122.45
4348 122.45
4349 122.45
4350 122.45
4351 122.55
4352 122.55
4353 122.55
4354 122.55
4355 122.55
4356 122.55
4357 122.65
4358 122.65
4359 122.65
4360 122.65
4361 122.65
4362 122.65
4363 122.7
4364 122.7
4365 122.7
4366 122.7
4367 122.7
4368 122.7
4369 122.8
4370 122.8
4371 122.8
4372 122.8
4373 122.8
4374 122.8
4375 122.85
4376 122.85
4377 122.85
4378 122.85
4379 122.85
4380 122.85
4381 122.85
4382 122.85
4383 122.85
4384 122.9
4385 122.95
4386 122.95
4387 123.05
4388 123.05
4389 123.05
4390 123.1
4391 123.1
4392 123.2
4393 123.25
4394 123.25
4395 123.25
4396 123.25
4397 123.25
4398 123.3
4399 123.35
4400 123.35
4401 123.35
4402 123.4
4403 123.4
4404 123.4
4405 123.4
4406 123.45
4407 123.45
4408 123.45
4409 123.45
4410 123.45
4411 123.5
4412 123.5
4413 123.5
4414 123.5
4415 123.5
4416 123.55
4417 123.55
4418 123.6
4419 123.65
4420 123.7
4421 123.7
4422 123.75
4423 123.75
4424 123.8
4425 123.8
4426 123.8
4427 123.8
4428 123.85
4429 123.85
4430 123.85
4431 123.85
4432 123.85
4433 123.85
4434 123.85
4435 123.85
4436 123.9
4437 123.9
4438 123.9
4439 123.95
4440 124.0
4441 124.0
4442 124.0
4443 124.0
4444 124.0
4445 124.0
4446 124.0
4447 124.05
4448 124.05
4449 124.05
4450 124.1
4451 124.15
4452 124.25
4453 124.25
4454 124.3
4455 124.35
4456 124.4
4457 124.4
4458 124.4
4459 124.4
4460 124.4
4461 124.45
4462 124.45
4463 124.45
4464 124.55
4465 124.55
4466 124.55
4467 124.55
4468 124.55
4469 124.55
4470 124.55
4471 124.55
4472 124.55
4473 124.55
4474 124.55
4475 124.6
4476 124.7
4477 124.7
4478 124.75
4479 124.75
4480 124.85
4481 124.9
4482 124.9
4483 124.95
4484 124.95
4485 124.95
4486 124.95
4487 125.0
4488 125.0
4489 125.0
4490 125.0
4491 125.05
4492 125.05
4493 125.05
4494 125.05
4495 125.1
4496 125.1
4497 125.1
4498 125.1
4499 125.1
4500 125.1
4501 125.1
4502 125.2
4503 125.3
4504 125.35
4505 125.35
4506 125.4
4507 125.4
4508 125.45
4509 125.45
4510 125.6
4511 125.7
4512 125.7
4513 125.75
4514 125.75
4515 125.75
4516 125.75
4517 125.8
4518 125.8
4519 125.85
4520 125.9
4521 125.9
4522 125.95
4523 126.05
4524 126.05
4525 126.05
4526 126.05
4527 126.05
4528 126.05
4529 126.05
4530 126.05
4531 126.05
4532 126.1
4533 126.1
4534 126.1
4535 126.15
4536 126.15
4537 126.2
4538 126.2
4539 126.2
4540 126.2
4541 126.2
4542 126.2
4543 126.25
4544 126.25
4545 126.25
4546 126.3
4547 126.3
4548 126.3
4549 126.3
4550 126.3
4551 126.35
4552 126.4
4553 126.4
4554 126.4
4555 126.4
4556 126.4
4557 126.45
4558 126.5
4559 126.55
4560 126.55
4561 126.65
4562 126.7
4563 126.7
4564 126.7
4565 126.75
4566 126.85
4567 126.85
4568 126.85
4569 126.85
4570 126.85
4571 126.9
4572 126.9
4573 126.9
4574 126.9
4575 126.9
4576 126.9
4577 126.9
4578 126.95
4579 127.0
4580 127.0
4581 127.0
4582 127.05
4583 127.05
4584 127.05
4585 127.05
4586 127.05
4587 127.05
4588 127.05
4589 127.05
4590 127.05
4591 127.05
4592 127.1
4593 127.1
4594 127.15
4595 127.15
4596 127.2
4597 127.2
4598 127.2
4599 127.3
4600 127.35
4601 127.35
4602 127.35
4603 127.35
4604 127.35
4605 127.45
4606 127.45
4607 127.45
4608 127.45
4609 127.45
4610 127.5
4611 127.55
4612 127.55
4613 127.55
4614 127.55
4615 127.55
4616 127.55
4617 127.55
4618 127.55
4619 127.55
4620 127.55
4621 127.55
4622 127.6
4623 127.7
4624 127.7
4625 127.7
4626 127.7
4627 127.7
4628 127.7
4629 127.7
4630 127.7
4631 127.75
4632 127.75
4633 127.75
4634 127.75
4635 127.75
4636 127.75
4637 127.8
4638 127.8
4639 127.95
4640 128.0
4641 128.05
4642 128.15
4643 128.15
4644 128.15
4645 128.15
4646 128.15
4647 128.15
4648 128.15
4649 128.2
4650 128.2
4651 128.2
4652 128.2
4653 128.2
4654 128.2
4655 128.2
4656 128.25
4657 128.25
4658 128.25
4659 128.25
4660 128.25
4661 128.25
4662 128.45
4663 128.45
4664 128.45
4665 128.45
4666 128.45
4667 128.45
4668 128.45
4669 128.45
4670 128.45
4671 128.45
4672 128.45
4673 128.5
4674 128.55
4675 128.6
4676 128.6
4677 128.6
4678 128.6
4679 128.6
4680 128.75
4681 128.8
4682 128.8
4683 128.8
4684 128.9
4685 128.9
4686 128.95
4687 128.95
4688 128.95
4689 128.95
4690 128.95
4691 128.95
4692 129.05
4693 129.05
4694 129.05
4695 129.05
4696 129.05
4697 129.1
4698 129.1
4699 129.15
4700 129.15
4701 129.15
4702 129.15
4703 129.15
4704 129.2
4705 129.2
4706 129.25
4707 129.25
4708 129.25
4709 129.25
4710 129.25
4711 129.3
4712 129.35
4713 129.35
4714 129.5
4715 129.5
4716 129.5
4717 129.5
4718 129.5
4719 129.5
4720 129.5
4721 129.6
4722 129.6
4723 129.6
4724 129.6
4725 129.65
4726 129.65
4727 129.65
4728 129.75
4729 129.75
4730 129.9
4731 129.95
4732 129.95
4733 129.95
4734 129.95
4735 129.95
4736 130.0
4737 130.0
4738 130.0
4739 130.05
4740 130.05
4741 130.05
4742 130.05
4743 130.1
4744 130.1
4745 130.1
4746 130.1
4747 130.15
4748 130.15
4749 130.15
4750 130.15
4751 130.15
4752 130.2
4753 130.2
4754 130.2
4755 130.2
4756 130.2
4757 130.2
4758 130.25
4759 130.25
4760 130.25
4761 130.25
4762 130.35
4763 130.35
4764 130.35
4765 130.35
4766 130.35
4767 130.35
4768 130.35
4769 130.35
4770 130.45
4771 130.45
4772 130.5
4773 130.55
4774 130.55
4775 130.55
4776 130.55
4777 130.55
4778 130.55
4779 130.55
4780 130.6
4781 130.6
4782 130.7
4783 130.75
4784 130.75
4785 130.75
4786 130.9
4787 130.9
4788 130.9
4789 130.9
4790 130.95
4791 130.95
4792 130.95
4793 130.95
4794 131.0
4795 131.05
4796 131.05
4797 131.15
4798 131.15
4799 131.15
4800 131.15
4801 131.15
4802 131.15
4803 131.15
4804 131.15
4805 131.15
4806 131.15
4807 131.15
4808 131.15
4809 131.15
4810 131.15
4811 131.2
4812 131.2
4813 131.25
4814 131.25
4815 131.3
4816 131.3
4817 131.3
4818 131.3
4819 131.3
4820 131.4
4821 131.4
4822 131.4
4823 131.4
4824 131.4
4825 131.45
4826 131.45
4827 131.45
4828 131.45
4829 131.5
4830 131.5
4831 131.6
4832 131.6
4833 131.6
4834 131.6
4835 131.6
4836 131.6
4837 131.65
4838 131.65
4839 131.65
4840 131.65
4841 131.65
4842 131.65
4843 131.7
4844 131.7
4845 131.75
4846 131.75
4847 131.75
4848 131.75
4849 131.8
4850 131.8
4851 131.8
4852 131.8
4853 131.8
4854 131.85
4855 131.85
4856 131.95
4857 131.95
4858 131.95
4859 132.0
4860 132.0
4861 132.0
4862 132.0
4863 132.05
4864 132.05
4865 132.05
4866 132.05
4867 132.1
4868 132.1
4869 132.1
4870 132.1
4871 132.1
4872 132.1
4873 132.1
4874 132.1
4875 132.1
4876 132.1
4877 132.1
4878 132.15
4879 132.15
4880 132.15
4881 132.15
4882 132.15
4883 132.15
4884 132.15
4885 132.2
4886 132.2
4887 132.2
4888 132.2
4889 132.25
4890 132.25
4891 132.3
4892 132.35
4893 132.4
4894 132.4
4895 132.4
4896 132.4
4897 132.45
4898 132.45
4899 132.45
4900 132.45
4901 132.5
4902 132.5
4903 132.55
4904 132.65
4905 132.65
4906 132.65
4907 132.65
4908 132.65
4909 132.65
4910 132.7
4911 132.7
4912 132.7
4913 132.7
4914 132.7
4915 132.7
4916 132.75
4917 132.75
4918 132.75
4919 132.8
4920 132.8
4921 132.8
4922 132.8
4923 132.8
4924 132.9
4925 132.95
4926 132.95
4927 133.0
4928 133.0
4929 133.0
4930 133.05
4931 133.05
4932 133.05
4933 133.05
4934 133.05
4935 133.15
4936 133.15
4937 133.2
4938 133.2
4939 133.2
4940 133.2
4941 133.2
4942 133.2
4943 133.25
4944 133.25
4945 133.25
4946 133.25
4947 133.3
4948 133.35
4949 133.35
4950 133.35
4951 133.4
4952 133.5
4953 133.5
4954 133.5
4955 133.5
4956 133.5
4957 133.5
4958 133.5
4959 133.5
4960 133.5
4961 133.6
4962 133.6
4963 133.6
4964 133.6
4965 133.6
4966 133.6
4967 133.6
4968 133.7
4969 133.7
4970 133.75
4971 133.75
4972 133.75
4973 133.75
4974 133.75
4975 133.75
4976 133.75
4977 133.75
4978 133.75
4979 133.75
4980 133.75
4981 133.75
4982 133.8
4983 133.9
4984 133.95
4985 133.95
4986 134.0
4987 134.0
4988 134.0
4989 134.0
4990 134.0
4991 134.05
4992 134.1
4993 134.1
4994 134.1
4995 134.15
4996 134.25
4997 134.25
4998 134.25
4999 134.25
5000 134.3
5001 134.3
5002 134.3
5003 134.3
5004 134.3
5005 134.3
5006 134.35
5007 134.4
5008 134.45
5009 134.45
5010 134.45
5011 134.45
5012 134.45
5013 134.45
5014 134.5
5015 134.55
5016 134.65
5017 134.65
5018 134.65
5019 134.65
5020 134.65
5021 134.7
5022 134.7
5023 134.75
5024 134.75
5025 134.8
5026 134.8
5027 134.8
5028 134.9
5029 134.95
5030 135.0
5031 135.0
5032 135.1
5033 135.1
5034 135.1
5035 135.1
5036 135.1
5037 135.15
5038 135.15
5039 135.15
5040 135.15
5041 135.15
5042 135.15
5043 135.15
5044 135.15
5045 135.15
5046 135.2
5047 135.2
5048 135.2
5049 135.2
5050 135.2
5051 135.2
5052 135.2
5053 135.25
5054 135.4
5055 135.4
5056 135.4
5057 135.4
5058 135.4
5059 135.4
5060 135.45
5061 135.55
5062 135.55
5063 135.55
5064 135.55
5065 135.55
5066 135.6
5067 135.65
5068 135.65
5069 135.65
5070 135.7
5071 135.7
5072 135.75
5073 135.75
5074 135.75
5075 135.75
5076 135.75
5077 135.8
5078 135.85
5079 135.85
5080 135.85
5081 135.9
5082 135.9
5083 135.9
5084 135.9
5085 135.9
5086 135.95
5087 135.95
5088 135.95
5089 135.95
5090 135.95
5091 135.95
5092 135.95
5093 135.95
5094 136.0
5095 136.0
5096 136.0
5097 136.0
5098 136.0
5099 136.0
5100 136.0
5101 136.0
5102 136.0
5103 136.0
5104 136.0
5105 136.0
5106 136.0
5107 136.0
5108 136.0
5109 136.0
5110 136.05
5111 136.05
5112 136.15
5113 136.15
5114 136.15
5115 136.2
5116 136.2
5117 136.25
5118 136.25
5119 136.25
5120 136.25
5121 136.25
5122 136.25
5123 136.25
5124 136.25
5125 136.25
5126 136.25
5127 136.25
5128 136.25
5129 136.3
5130 136.3
5131 136.3
5132 136.35
5133 136.45
5134 136.6
5135 136.6
5136 136.6
5137 136.6
5138 136.6
5139 136.6
5140 136.6
5141 136.65
5142 136.65
5143 136.65
5144 136.7
5145 136.75
5146 136.75
5147 136.75
5148 136.75
5149 136.75
5150 136.75
5151 136.75
5152 136.75
5153 136.8
5154 136.85
5155 136.85
5156 136.85
5157 136.85
5158 136.95
5159 136.95
5160 136.95
5161 137.0
5162 137.0
5163 137.0
5164 137.0
5165 137.0
5166 137.05
5167 137.1
5168 137.1
5169 137.1
5170 137.1
5171 137.1
5172 137.15
5173 137.15
5174 137.15
5175 137.15
5176 137.15
5177 137.15
5178 137.15
5179 137.15
5180 137.15
5181 137.15
5182 137.25
5183 137.3
5184 137.3
5185 137.3
5186 137.35
5187 137.35
5188 137.35
5189 137.35
5190 137.35
5191 137.35
5192 137.35
5193 137.35
5194 137.35
5195 137.35
5196 137.4
5197 137.45
5198 137.45
5199 137.5
5200 137.5
5201 137.5
5202 137.5
5203 137.55
5204 137.6
5205 137.7
5206 137.8
5207 137.8
5208 137.85
5209 137.85
5210 137.85
5211 137.95
5212 137.95
5213 137.95
5214 137.95
5215 137.95
5216 137.95
5217 137.95
5218 137.95
5219 137.95
5220 138.0
5221 138.0
5222 138.0
5223 138.0
5224 138.0
5225 138.0
5226 138.0
5227 138.0
5228 138.05
5229 138.1
5230 138.1
5231 138.1
5232 138.1
5233 138.1
5234 138.15
5235 138.2
5236 138.2
5237 138.2
5238 138.25
5239 138.25
5240 138.3
5241 138.3
5242 138.3
5243 138.35
5244 138.4
5245 138.4
5246 138.4
5247 138.4
5248 138.4
5249 138.4
5250 138.4
5251 138.45
5252 138.45
5253 138.45
5254 138.45
5255 138.5
5256 138.5
5257 138.5
5258 138.5
5259 138.55
5260 138.55
5261 138.55
5262 138.55
5263 138.55
5264 138.55
5265 138.6
5266 138.65
5267 138.65
5268 138.7
5269 138.7
5270 138.7
5271 138.7
5272 138.75
5273 138.75
5274 138.75
5275 138.75
5276 138.75
5277 138.75
5278 138.75
5279 138.8
5280 138.8
5281 138.8
5282 138.85
5283 138.9
5284 138.95
5285 138.95
5286 138.95
5287 138.95
5288 138.95
5289 138.95
5290 138.95
5291 138.95
5292 139.2
5293 139.2
5294 139.2
5295 139.2
5296 139.2
5297 139.25
5298 139.3
5299 139.35
5300 139.35
5301 139.35
5302 139.35
5303 139.35
5304 139.4
5305 139.4
5306 139.4
5307 139.45
5308 139.45
5309 139.45
5310 139.45
5311 139.45
5312 139.45
5313 139.45
5314 139.45
5315 139.5
5316 139.55
5317 139.55
5318 139.55
5319 139.55
5320 139.55
5321 139.55
5322 139.65
5323 139.65
5324 139.7
5325 139.7
5326 139.7
5327 139.7
5328 139.7
5329 139.7
5330 139.7
5331 139.7
5332 139.7
5333 139.7
5334 139.7
5335 139.7
5336 139.7
5337 139.7
5338 139.75
5339 139.75
5340 139.8
5341 139.8
5342 139.85
5343 139.85
5344 139.85
5345 139.85
5346 139.85
5347 139.9
5348 139.95
5349 139.95
5350 140.0
5351 140.1
5352 140.15
5353 140.15
5354 140.15
5355 140.15
5356 140.15
5357 140.15
5358 140.15
5359 140.15
5360 140.15
5361 140.15
5362 140.25
5363 140.25
5364 140.25
5365 140.3
5366 140.3
5367 140.3
5368 140.3
5369 140.3
5370 140.4
5371 140.4
5372 140.4
5373 140.4
5374 140.4
5375 140.45
5376 140.45
5377 140.45
5378 140.45
5379 140.45
5380 140.45
5381 140.5
5382 140.55
5383 140.55
5384 140.55
5385 140.65
5386 140.65
5387 140.65
5388 140.65
5389 140.65
5390 140.65
5391 140.65
5392 140.65
5393 140.7
5394 140.7
5395 140.7
5396 140.75
5397 140.8
5398 140.8
5399 140.8
5400 140.8
5401 140.8
5402 140.8
5403 140.8
5404 140.85
5405 140.85
5406 140.85
5407 140.85
5408 140.9
5409 140.9
5410 140.9
5411 140.9
5412 140.9
5413 141.0
5414 141.0
5415 141.0
5416 141.0
5417 141.0
5418 141.0
5419 141.0
5420 141.05
5421 141.05
5422 141.1
5423 141.15
5424 141.15
5425 141.15
5426 141.15
5427 141.15
5428 141.2
5429 141.2
5430 141.2
5431 141.2
5432 141.2
5433 141.25
5434 141.25
5435 141.3
5436 141.3
5437 141.3
5438 141.3
5439 141.3
5440 141.3
5441 141.35
5442 141.35
5443 141.35
5444 141.35
5445 141.4
5446 141.55
5447 141.55
5448 141.6
5449 141.65
5450 141.65
5451 141.65
5452 141.65
5453 141.65
5454 141.65
5455 141.65
5456 141.65
5457 141.65
5458 141.65
5459 141.7
5460 141.7
5461 141.8
5462 141.8
5463 141.85
5464 141.85
5465 141.85
5466 141.85
5467 141.85
5468 141.85
5469 141.9
5470 141.9
5471 141.9
5472 141.9
5473 141.95
5474 141.95
5475 141.95
5476 141.95
5477 141.95
5478 141.95
5479 141.95
5480 141.95
5481 141.95
5482 141.95
5483 142.0
5484 142.0
5485 142.0
5486 142.0
5487 142.0
5488 142.0
5489 142.0
5490 142.0
5491 142.0
5492 142.0
5493 142.0
5494 142.0
5495 142.0
5496 142.0
5497 142.0
5498 142.0
5499 142.0
5500 142.1
5501 142.15
5502 142.15
5503 142.2
5504 142.25
5505 142.25
5506 142.25
5507 142.25
5508 142.25
5509 142.25
5510 142.25
5511 142.25
5512 142.3
5513 142.35
5514 142.4
5515 142.4
5516 142.4
5517 142.4
5518 142.4
5519 142.45
5520 142.45
5521 142.45
5522 142.45
5523 142.45
5524 142.5
5525 142.55
5526 142.55
5527 142.55
5528 142.55
5529 142.55
5530 142.55
5531 142.6
5532 142.6
5533 142.6
5534 142.65
5535 142.65
5536 142.65
5537 142.75
5538 142.8
5539 142.8
5540 142.9
5541 142.9
5542 142.9
5543 142.9
5544 142.9
5545 142.9
5546 142.9
5547 142.9
5548 142.95
5549 143.0
5550 143.0
5551 143.0
5552 143.05
5553 143.1
5554 143.1
5555 143.1
5556 143.1
5557 143.1
5558 143.1
5559 143.15
5560 143.15
5561 143.15
5562 143.15
5563 143.2
5564 143.2
5565 143.3
5566 143.35
5567 143.35
5568 143.4
5569 143.4
5570 143.4
5571 143.4
5572 143.4
5573 143.4
5574 143.4
5575 143.45
5576 143.45
5577 143.45
5578 143.45
5579 143.45
5580 143.5
5581 143.5
5582 143.5
5583 143.5
5584 143.55
5585 143.55
5586 143.55
5587 143.55
5588 143.55
5589 143.55
5590 143.55
5591 143.55
5592 143.55
5593 143.6
5594 143.65
5595 143.65
5596 143.65
5597 143.65
5598 143.65
5599 143.65
5600 143.65
5601 143.65
5602 143.65
5603 143.65
5604 143.65
5605 143.65
5606 143.65
5607 143.65
5608 143.65
5609 143.65
5610 143.65
5611 143.7
5612 143.7
5613 143.7
5614 143.7
5615 143.75
5616 143.75
5617 143.75
5618 143.8
5619 143.85
5620 143.9
5621 143.9
5622 143.9
5623 143.9
5624 143.9
5625 143.9
5626 143.9
5627 143.9
5628 143.95
5629 144.05
5630 144.05
5631 144.15
5632 144.15
5633 144.15
5634 144.15
5635 144.15
5636 144.2
5637 144.3
5638 144.3
5639 144.45
5640 144.5
5641 144.5
5642 144.5
5643 144.5
5644 144.5
5645 144.5
5646 144.55
5647 144.55
5648 144.6
5649 144.6
5650 144.6
5651 144.6
5652 144.6
5653 144.6
5654 144.6
5655 144.6
5656 144.6
5657 144.6
5658 144.6
5659 144.6
5660 144.65
5661 144.65
5662 144.65
5663 144.7
5664 144.75
5665 144.75
5666 144.75
5667 144.8
5668 144.8
5669 144.8
5670 144.8
5671 144.8
5672 144.8
5673 144.8
5674 144.8
5675 144.8
5676 144.8
5677 144.8
5678 144.8
5679 144.8
5680 144.8
5681 144.85
5682 144.85
5683 144.95
5684 145.0
5685 145.0
5686 145.0
5687 145.0
5688 145.0
5689 145.0
5690 145.0
5691 145.0
5692 145.0
5693 145.0
5694 145.0
5695 145.0
5696 145.0
5697 145.0
5698 145.05
5699 145.05
5700 145.15
5701 145.15
5702 145.15
5703 145.2
5704 145.2
5705 145.2
5706 145.25
5707 145.25
5708 145.25
5709 145.25
5710 145.25
5711 145.3
5712 145.3
5713 145.4
5714 145.45
5715 145.45
5716 145.45
5717 145.45
5718 145.45
5719 145.45
5720 145.45
5721 145.45
5722 145.5
5723 145.5
5724 145.5
5725 145.5
5726 145.5
5727 145.5
5728 145.5
5729 145.5
5730 145.5
5731 145.5
5732 145.55
5733 145.55
5734 145.75
5735 145.75
5736 145.8
5737 145.8
5738 145.8
5739 145.8
5740 145.8
5741 145.8
5742 145.8
5743 145.8
5744 145.8
5745 145.8
5746 145.8
5747 145.8
5748 145.8
5749 145.8
5750 145.85
5751 145.9
5752 145.9
5753 145.9
5754 145.95
5755 145.95
5756 145.95
5757 145.95
5758 145.95
5759 145.95
5760 145.95
5761 145.95
5762 145.95
5763 145.95
5764 145.95
5765 146.0
5766 146.05
5767 146.05
5768 146.05
5769 146.05
5770 146.05
5771 146.1
5772 146.15
5773 146.15
5774 146.15
5775 146.2
5776 146.2
5777 146.2
5778 146.2
5779 146.25
5780 146.25
5781 146.25
5782 146.25
5783 146.25
5784 146.3
5785 146.3
5786 146.3
5787 146.35
5788 146.35
5789 146.35
5790 146.35
5791 146.35
5792 146.35
5793 146.35
5794 146.45
5795 146.45
5796 146.45
5797 146.45
5798 146.5
5799 146.55
5800 146.6
5801 146.6
5802 146.6
5803 146.6
5804 146.6
5805 146.6
5806 146.6
5807 146.6
5808 146.65
5809 146.65
5810 146.65
5811 146.7
5812 146.7
5813 146.7
5814 146.75
5815 146.8
5816 146.8
5817 146.8
5818 146.8
5819 146.85
5820 146.85
5821 146.85
5822 146.9
5823 146.9
5824 146.9
5825 146.95
5826 146.95
5827 146.95
5828 146.95
5829 146.95
5830 147.0
5831 147.0
5832 147.0
5833 147.0
5834 147.0
5835 147.0
5836 147.05
5837 147.05
5838 147.1
5839 147.15
5840 147.15
5841 147.15
5842 147.15
5843 147.15
5844 147.15
5845 147.25
5846 147.25
5847 147.3
5848 147.45
5849 147.45
5850 147.45
5851 147.45
5852 147.45
5853 147.45
5854 147.5
5855 147.5
5856 147.55
5857 147.55
5858 147.55
5859 147.55
5860 147.55
5861 147.55
5862 147.55
5863 147.55
5864 147.55
5865 147.55
5866 147.6
5867 147.65
5868 147.7
5869 147.75
5870 147.75
5871 147.75
5872 147.8
5873 147.85
5874 147.85
5875 147.85
5876 147.85
5877 147.85
5878 147.85
5879 147.85
5880 147.95
5881 147.95
5882 147.95
5883 148.0
5884 148.0
5885 148.0
5886 148.0
5887 148.0
5888 148.0
5889 148.05
5890 148.05
5891 148.1
5892 148.1
5893 148.1
5894 148.1
5895 148.1
5896 148.1
5897 148.15
5898 148.15
5899 148.15
5900 148.2
5901 148.25
5902 148.3
5903 148.3
5904 148.3
5905 148.3
5906 148.35
5907 148.35
5908 148.4
5909 148.4
5910 148.4
5911 148.4
5912 148.4
5913 148.5
5914 148.5
5915 148.5
5916 148.5
5917 148.5
5918 148.5
5919 148.55
5920 148.55
5921 148.6
5922 148.6
5923 148.6
5924 148.6
5925 148.6
5926 148.6
5927 148.6
5928 148.6
5929 148.6
5930 148.65
5931 148.65
5932 148.75
5933 148.75
5934 148.75
5935 148.75
5936 148.75
5937 148.75
5938 148.75
5939 148.75
5940 148.8
5941 148.8
5942 148.85
5943 148.85
5944 148.85
5945 148.85
5946 149.0
5947 149.0
5948 149.0
5949 149.0
5950 149.0
5951 149.0
5952 149.0
5953 149.05
5954 149.05
5955 149.15
5956 149.15
5957 149.15
5958 149.3
5959 149.3
5960 149.3
5961 149.3
5962 149.3
5963 149.3
5964 149.3
5965 149.3
5966 149.3
5967 149.35
5968 149.4
5969 149.4
5970 149.4
5971 149.45
5972 149.45
5973 149.45
5974 149.45
5975 149.45
5976 149.45
5977 149.45
5978 149.45
5979 149.45
5980 149.45
5981 149.5
5982 149.5
5983 149.5
5984 149.55
5985 149.55
5986 149.65
5987 149.7
5988 149.7
5989 149.7
5990 149.7
5991 149.7
5992 149.75
5993 149.75
5994 149.75
5995 149.75
5996 149.75
5997 149.75
5998 149.8
5999 149.8
