#iterations fitness
0 0.0
1 0.2
2 0.35
3 0.65
4 1.2
5 1.3
6 1.35
7 1.55
8 1.6
9 1.6
10 1.8
11 1.85
12 1.95
13 1.95
14 1.95
15 1.95
16 2.05
17 2.05
18 2.05
19 2.05
20 2.05
21 2.1
22 2.15
23 2.2
24 2.25
25 2.25
26 2.35
27 2.35
28 2.35
29 2.35
30 2.5
31 2.55
32 2.7
33 2.75
34 2.75
35 2.75
36 2.85
37 2.85
38 2.85
39 2.85
40 2.85
41 2.85
42 3.0
43 3.0
44 3.05
45 3.1
46 3.2
47 3.2
48 3.2
49 3.3
50 3.3
51 3.3
52 3.3
53 3.35
54 3.35
55 3.35
56 3.35
57 3.35
58 3.45
59 3.45
60 3.45
61 3.45
62 3.45
63 3.45
64 3.5
65 3.5
66 3.5
67 3.65
68 3.65
69 3.65
70 3.65
71 3.65
72 4.05
73 4.25
74 4.3
75 4.3
76 4.3
77 4.3
78 4.3
79 4.3
80 4.3
81 4.3
82 4.3
83 4.3
84 4.3
85 4.3
86 4.3
87 4.3
88 4.35
89 4.35
90 4.35
91 4.35
92 4.35
93 4.35
94 4.35
95 4.35
96 4.45
97 4.5
98 4.5
99 4.5
100 4.5
101 4.5
102 4.5
103 4.5
104 4.5
105 4.5
106 4.5
107 4.55
108 4.55
109 4.55
110 4.55
111 4.7
112 4.7
113 4.7
114 4.7
115 4.7
116 4.7
117 4.7
118 4.7
119 4.7
120 4.7
121 4.8
122 4.85
123 4.9
124 4.95
125 4.95
126 5.0
127 5.0
128 5.0
129 5.0
130 5.0
131 5.05
132 5.05
133 5.05
134 5.05
135 5.05
136 5.1
137 5.1
138 5.15
139 5.15
140 5.2
141 5.2
142 5.2
143 5.35
144 5.35
145 5.35
146 5.4
147 5.4
148 5.45
149 5.55
150 5.55
151 5.55
152 5.6
153 5.6
154 5.6
155 5.6
156 5.65
157 5.7
158 5.8
159 5.85
160 5.85
161 5.85
162 5.85
163 5.85
164 5.85
165 5.9
166 5.9
167 6.0
168 6.0
169 6.0
170 6.15
171 6.2
172 6.2
173 6.2
174 6.3
175 6.3
176 6.35
177 6.35
178 6.35
179 6.4
180 6.45
181 6.45
182 6.5
183 6.5
184 6.5
185 6.65
186 6.65
187 6.65
188 6.7
189 6.8
190 6.85
191 6.85
192 6.9
193 6.9
194 6.95
195 6.95
196 6.95
197 7.0
198 7.0
199 7.15
200 7.25
201 7.3
202 7.35
203 7.35
204 7.35
205 7.35
206 7.35
207 7.45
208 7.55
209 7.65
210 7.65
211 7.65
212 7.75
213 7.75
214 7.85
215 7.85
216 7.85
217 7.9
218 7.9
219 7.95
220 8.1
221 8.15
222 8.2
223 8.25
224 8.4
225 8.4
226 8.4
227 8.4
228 8.45
229 8.45
230 8.45
231 8.45
232 8.45
233 8.45
234 8.45
235 8.45
236 8.5
237 8.55
238 8.55
239 8.55
240 8.65
241 8.65
242 8.65
243 8.65
244 8.7
245 8.7
246 8.7
247 8.75
248 8.8
249 8.8
250 8.8
251 8.95
252 8.95
253 9.0
254 9.0
255 9.0
256 9.05
257 9.05
258 9.1
259 9.4
260 9.4
261 9.4
262 9.7
263 9.7
264 9.7
265 9.7
266 9.7
267 9.7
268 9.7
269 9.75
270 9.9
271 9.9
272 9.95
273 9.95
274 9.95
275 10.0
276 10.05
277 10.05
278 10.05
279 10.05
280 10.15
281 10.15
282 10.15
283 10.2
284 10.25
285 10.25
286 10.35
287 10.35
288 10.35
289 10.45
290 10.6
291 10.75
292 10.75
293 10.75
294 10.75
295 10.75
296 10.85
297 10.85
298 10.85
299 10.85
300 10.85
301 10.85
302 10.85
303 10.85
304 10.85
305 10.9
306 11.0
307 11.0
308 11.15
309 11.2
310 11.2
311 11.2
312 11.3
313 11.3
314 11.4
315 11.4
316 11.4
317 11.4
318 11.45
319 11.45
320 11.45
321 11.45
322 11.55
323 11.55
324 11.6
325 11.6
326 11.6
327 11.65
328 11.7
329 11.9
330 11.95
331 12.0
332 12.05
333 12.1
334 12.15
335 12.15
336 12.2
337 12.2
338 12.2
339 12.2
340 12.35
341 12.35
342 12.45
343 12.45
344 12.5
345 12.5
346 12.5
347 12.5
348 12.55
349 12.55
350 12.55
351 12.55
352 12.55
353 12.55
354 12.6
355 12.6
356 12.6
357 12.6
358 12.6
359 12.65
360 12.65
361 12.8
362 12.85
363 13.1
364 13.2
365 13.25
366 13.4
367 13.4
368 13.45
369 13.5
370 13.6
371 13.65
372 13.65
373 13.65
374 13.7
375 13.7
376 13.75
377 13.75
378 13.75
379 13.75
380 13.85
381 13.85
382 13.85
383 14.0
384 14.0
385 14.0
386 14.0
387 14.1
388 14.2
389 14.2
390 14.2
391 14.2
392 14.35
393 14.35
394 14.35
395 14.35
396 14.4
397 14.4
398 14.4
399 14.55
400 14.55
401 14.6
402 14.6
403 14.6
404 14.65
405 14.65
406 14.65
407 14.65
408 14.65
409 14.75
410 14.8
411 14.9
412 14.9
413 14.9
414 14.9
415 14.95
416 14.95
417 14.95
418 14.95
419 14.95
420 14.95
421 15.0
422 15.05
423 15.15
424 15.15
425 15.15
426 15.15
427 15.15
428 15.15
429 15.15
430 15.15
431 15.3
432 15.3
433 15.3
434 15.35
435 15.35
436 15.4
437 15.4
438 15.5
439 15.5
440 15.5
441 15.55
442 15.55
443 15.55
444 15.65
445 15.7
446 15.7
447 15.75
448 15.8
449 15.95
450 15.95
451 15.95
452 16.05
453 16.05
454 16.05
455 16.15
456 16.15
457 16.2
458 16.2
459 16.3
460 16.3
461 16.3
462 16.3
463 16.35
464 16.35
465 16.35
466 16.4
467 16.4
468 16.4
469 16.45
470 16.5
471 16.55
472 16.65
473 16.7
474 16.7
475 16.75
476 16.75
477 16.9
478 16.9
479 16.9
480 16.9
481 17.05
482 17.25
483 17.25
484 17.25
485 17.25
486 17.25
487 17.25
488 17.25
489 17.25
490 17.25
491 17.25
492 17.25
493 17.25
494 17.3
495 17.3
496 17.3
497 17.3
498 17.35
499 17.4
500 17.4
501 17.45
502 17.45
503 17.45
504 17.55
505 17.65
506 17.7
507 17.7
508 17.75
509 17.75
510 17.8
511 17.85
512 17.85
513 17.85
514 17.9
515 17.9
516 18.0
517 18.0
518 18.0
519 18.0
520 18.2
521 18.25
522 18.3
523 18.5
524 18.5
525 18.5
526 18.5
527 18.55
528 18.6
529 18.65
530 18.65
531 18.65
532 18.65
533 18.65
534 18.65
535 18.65
536 18.7
537 18.7
538 18.75
539 18.75
540 18.75
541 18.75
542 18.75
543 18.85
544 18.9
545 18.9
546 18.9
547 18.95
548 19.0
549 19.0
550 19.0
551 19.05
552 19.1
553 19.1
554 19.1
555 19.15
556 19.2
557 19.2
558 19.3
559 19.3
560 19.3
561 19.3
562 19.4
563 19.4
564 19.55
565 19.65
566 19.65
567 19.75
568 19.85
569 19.85
570 19.85
571 19.85
572 19.85
573 19.9
574 19.9
575 20.1
576 20.2
577 20.2
578 20.25
579 20.25
580 20.25
581 20.35
582 20.35
583 20.35
584 20.45
585 20.7
586 20.85
587 20.85
588 20.85
589 20.85
590 20.9
591 20.9
592 20.95
593 20.95
594 20.95
595 21.1
596 21.1
597 21.15
598 21.15
599 21.2
600 21.2
601 21.25
602 21.3
603 21.3
604 21.3
605 21.3
606 21.3
607 21.35
608 21.35
609 21.35
610 21.35
611 21.35
612 21.35
613 21.35
614 21.35
615 21.5
616 21.5
617 21.5
618 21.5
619 21.6
620 21.65
621 21.65
622 21.65
623 21.75
624 21.75
625 21.8
626 21.8
627 21.8
628 21.8
629 21.8
630 21.95
631 22.2
632 22.2
633 22.25
634 22.45
635 22.5
636 22.55
637 22.55
638 22.6
639 22.65
640 22.65
641 22.75
642 22.75
643 22.75
644 22.9
645 22.9
646 22.9
647 22.9
648 22.9
649 22.95
650 22.95
651 22.95
652 22.95
653 22.95
654 23.15
655 23.2
656 23.2
657 23.2
658 23.2
659 23.2
660 23.2
661 23.2
662 23.2
663 23.2
664 23.2
665 23.3
666 23.45
667 23.45
668 23.45
669 23.45
670 23.5
671 23.55
672 23.55
673 23.55
674 23.55
675 23.55
676 23.55
677 23.55
678 23.55
679 23.55
680 23.55
681 23.55
682 23.55
683 23.55
684 23.65
685 23.75
686 23.75
687 23.85
688 23.9
689 23.9
690 23.95
691 24.0
692 24.0
693 24.0
694 24.05
695 24.05
696 24.05
697 24.05
698 24.05
699 24.05
700 24.05
701 24.05
702 24.05
703 24.1
704 24.1
705 24.1
706 24.1
707 24.4
708 24.55
709 24.55
710 24.65
711 24.65
712 24.7
713 24.7
714 24.85
715 24.95
716 25.0
717 25.0
718 25.0
719 25.15
720 25.15
721 25.15
722 25.15
723 25.2
724 25.25
725 25.3
726 25.3
727 25.3
728 25.4
729 25.4
730 25.45
731 25.5
732 25.5
733 25.5
734 25.6
735 25.6
736 25.6
737 25.6
738 25.6
739 25.65
740 25.65
741 25.65
742 25.7
743 25.7
744 25.7
745 25.7
746 25.8
747 25.8
748 25.9
749 25.9
750 25.9
751 25.95
752 25.95
753 26.0
754 26.05
755 26.05
756 26.05
757 26.15
758 26.15
759 26.25
760 26.3
761 26.3
762 26.3
763 26.4
764 26.45
765 26.5
766 26.6
767 26.65
768 26.65
769 26.65
770 26.65
771 26.8
772 26.8
773 26.85
774 26.85
775 26.85
776 26.85
777 26.85
778 26.85
779 26.9
780 26.9
781 26.9
782 26.95
783 27.05
784 27.15
785 27.35
786 27.35
787 27.45
788 27.45
789 27.5
790 27.5
791 27.5
792 27.5
793 27.5
794 27.5
795 27.65
796 27.65
797 27.65
798 27.65
799 27.65
800 27.7
801 27.7
802 27.7
803 27.75
804 27.75
805 27.75
806 27.85
807 27.9
808 27.9
809 27.9
810 27.9
811 27.9
812 27.9
813 27.9
814 27.9
815 28.0
816 28.05
817 28.05
818 28.2
819 28.2
820 28.2
821 28.2
822 28.2
823 28.25
824 28.25
825 28.25
826 28.4
827 28.55
828 28.55
829 28.55
830 28.6
831 28.65
832 28.65
833 28.65
834 28.65
835 28.65
836 28.65
837 28.8
838 28.9
839 28.9
840 28.9
841 28.95
842 29.0
843 29.05
844 29.1
845 29.2
846 29.2
847 29.2
848 29.2
849 29.2
850 29.2
851 29.2
852 29.2
853 29.2
854 29.25
855 29.4
856 29.4
857 29.45
858 29.45
859 29.5
860 29.55
861 29.55
862 29.55
863 29.7
864 29.75
865 29.8
866 29.8
867 29.8
868 29.8
869 29.85
870 29.95
871 30.0
872 30.05
873 30.05
874 30.1
875 30.15
876 30.15
877 30.15
878 30.2
879 30.3
880 30.3
881 30.3
882 30.35
883 30.4
884 30.4
885 30.4
886 30.5
887 30.65
888 30.65
889 30.65
890 30.65
891 30.65
892 30.65
893 30.65
894 30.65
895 30.65
896 30.7
897 30.7
898 30.7
899 30.75
900 30.8
901 30.8
902 30.8
903 30.85
904 30.85
905 30.85
906 30.85
907 30.9
908 30.9
909 30.9
910 30.95
911 30.95
912 31.0
913 31.0
914 31.05
915 31.05
916 31.05
917 31.1
918 31.1
919 31.15
920 31.25
921 31.25
922 31.25
923 31.25
924 31.25
925 31.25
926 31.3
927 31.35
928 31.35
929 31.45
930 31.5
931 31.5
932 31.55
933 31.55
934 31.55
935 31.7
936 31.75
937 31.8
938 31.95
939 32.0
940 32.0
941 32.05
942 32.2
943 32.3
944 32.3
945 32.4
946 32.45
947 32.45
948 32.45
949 32.45
950 32.45
951 32.45
952 32.55
953 32.55
954 32.55
955 32.6
956 32.6
957 32.65
958 32.65
959 32.65
960 32.65
961 32.65
962 32.65
963 32.65
964 32.7
965 32.8
966 32.8
967 32.8
968 32.85
969 32.95
970 32.95
971 32.95
972 32.95
973 32.95
974 32.95
975 33.0
976 33.05
977 33.05
978 33.15
979 33.2
980 33.25
981 33.25
982 33.35
983 33.35
984 33.35
985 33.45
986 33.45
987 33.45
988 33.5
989 33.6
990 33.65
991 33.65
992 33.65
993 33.65
994 33.65
995 33.7
996 33.7
997 33.7
998 33.7
999 33.75
1000 33.8
1001 33.8
1002 33.8
1003 33.85
1004 33.85
1005 33.9
1006 34.0
1007 34.05
1008 34.1
1009 34.1
1010 34.25
1011 34.25
1012 34.3
1013 34.3
1014 34.35
1015 34.35
1016 34.35
1017 34.55
1018 34.55
1019 34.55
1020 34.55
1021 34.6
1022 34.6
1023 34.65
1024 34.65
1025 34.85
1026 34.9
1027 34.9
1028 34.9
1029 34.9
1030 35.0
1031 35.05
1032 35.15
1033 35.15
1034 35.2
1035 35.2
1036 35.25
1037 35.25
1038 35.25
1039 35.4
1040 35.4
1041 35.5
1042 35.5
1043 35.5
1044 35.5
1045 35.5
1046 35.55
1047 35.6
1048 35.6
1049 35.6
1050 35.6
1051 35.6
1052 35.7
1053 35.8
1054 35.8
1055 35.85
1056 35.9
1057 35.95
1058 35.95
1059 35.95
1060 35.95
1061 35.95
1062 35.95
1063 36.0
1064 36.0
1065 36.05
1066 36.15
1067 36.2
1068 36.2
1069 36.2
1070 36.35
1071 36.35
1072 36.35
1073 36.4
1074 36.4
1075 36.4
1076 36.4
1077 36.4
1078 36.4
1079 36.45
1080 36.45
1081 36.45
1082 36.45
1083 36.45
1084 36.6
1085 36.65
1086 36.75
1087 36.8
1088 36.8
1089 36.8
1090 36.8
1091 36.8
1092 36.9
1093 37.0
1094 37.1
1095 37.1
1096 37.1
1097 37.35
1098 37.4
1099 37.4
1100 37.45
1101 37.45
1102 37.5
1103 37.5
1104 37.5
1105 37.5
1106 37.6
1107 37.6
1108 37.65
1109 37.8
1110 37.8
1111 37.8
1112 37.9
1113 37.9
1114 38.0
1115 38.0
1116 38.15
1117 38.2
1118 38.25
1119 38.25
1120 38.25
1121 38.25
1122 38.3
1123 38.3
1124 38.3
1125 38.3
1126 38.3
1127 38.3
1128 38.3
1129 38.35
1130 38.45
1131 38.45
1132 38.45
1133 38.45
1134 38.45
1135 38.45
1136 38.45
1137 38.45
1138 38.45
1139 38.5
1140 38.6
1141 38.65
1142 38.65
1143 38.65
1144 38.65
1145 38.65
1146 38.75
1147 38.75
1148 38.75
1149 38.75
1150 38.75
1151 38.75
1152 38.75
1153 38.85
1154 38.9
1155 38.95
1156 39.0
1157 39.0
1158 39.0
1159 39.05
1160 39.1
1161 39.1
1162 39.15
1163 39.15
1164 39.15
1165 39.15
1166 39.25
1167 39.3
1168 39.3
1169 39.4
1170 39.55
1171 39.55
1172 39.6
1173 39.65
1174 39.75
1175 39.8
1176 39.8
1177 39.8
1178 39.8
1179 39.85
1180 39.85
1181 39.85
1182 39.85
1183 39.9
1184 39.9
1185 39.9
1186 39.95
1187 39.95
1188 39.95
1189 39.95
1190 39.95
1191 40.0
1192 40.0
1193 40.0
1194 40.05
1195 40.05
1196 40.1
1197 40.1
1198 40.2
1199 40.2
1200 40.2
1201 40.2
1202 40.2
1203 40.25
1204 40.3
1205 40.35
1206 40.4
1207 40.4
1208 40.4
1209 40.4
1210 40.4
1211 40.4
1212 40.4
1213 40.4
1214 40.45
1215 40.45
1216 40.5
1217 40.55
1218 40.65
1219 40.65
1220 40.65
1221 40.65
1222 40.7
1223 40.7
1224 40.75
1225 40.8
1226 40.8
1227 40.8
1228 40.85
1229 40.85
1230 40.85
1231 40.85
1232 40.85
1233 40.85
1234 40.9
1235 40.9
1236 40.95
1237 41.0
1238 41.0
1239 41.0
1240 41.0
1241 41.2
1242 41.2
1243 41.35
1244 41.45
1245 41.45
1246 41.5
1247 41.6
1248 41.6
1249 41.6
1250 41.6
1251 41.75
1252 41.8
1253 41.8
1254 41.8
1255 41.8
1256 41.8
1257 41.85
1258 41.85
1259 41.9
1260 41.95
1261 41.95
1262 42.05
1263 42.05
1264 42.05
1265 42.05
1266 42.05
1267 42.1
1268 42.1
1269 42.2
1270 42.2
1271 42.2
1272 42.25
1273 42.25
1274 42.25
1275 42.25
1276 42.25
1277 42.25
1278 42.25
1279 42.25
1280 42.4
1281 42.45
1282 42.45
1283 42.45
1284 42.45
1285 42.5
1286 42.5
1287 42.5
1288 42.5
1289 42.5
1290 42.5
1291 42.5
1292 42.55
1293 42.55
1294 42.6
1295 42.65
1296 42.65
1297 42.75
1298 42.75
1299 42.75
1300 42.75
1301 42.75
1302 42.75
1303 42.75
1304 42.75
1305 42.8
1306 42.8
1307 42.85
1308 42.85
1309 42.9
1310 43.0
1311 43.1
1312 43.1
1313 43.35
1314 43.4
1315 43.4
1316 43.5
1317 43.5
1318 43.55
1319 43.7
1320 43.7
1321 43.7
1322 43.7
1323 43.75
1324 43.75
1325 43.85
1326 43.85
1327 43.85
1328 43.85
1329 43.85
1330 44.0
1331 44.0
1332 44.0
1333 44.0
1334 44.0
1335 44.0
1336 44.0
1337 44.0
1338 44.05
1339 44.05
1340 44.05
1341 44.05
1342 44.05
1343 44.05
1344 44.1
1345 44.1
1346 44.1
1347 44.15
1348 44.25
1349 44.35
1350 44.35
1351 44.35
1352 44.45
1353 44.5
1354 44.55
1355 44.7
1356 44.7
1357 44.75
1358 44.75
1359 44.75
1360 44.75
1361 44.9
1362 44.9
1363 44.9
1364 44.95
1365 45.0
1366 45.1
1367 45.1
1368 45.25
1369 45.25
1370 45.3
1371 45.3
1372 45.3
1373 45.4
1374 45.4
1375 45.45
1376 45.5
1377 45.55
1378 45.55
1379 45.55
1380 45.55
1381 45.6
1382 45.6
1383 45.6
1384 45.6
1385 45.6
1386 45.6
1387 45.6
1388 45.6
1389 45.7
1390 45.75
1391 45.75
1392 45.75
1393 45.75
1394 45.8
1395 45.8
1396 45.8
1397 45.8
1398 45.8
1399 45.8
1400 45.8
1401 45.85
1402 45.85
1403 45.85
1404 45.95
1405 46.05
1406 46.15
1407 46.15
1408 46.15
1409 46.15
1410 46.15
1411 46.15
1412 46.15
1413 46.15
1414 46.15
1415 46.15
1416 46.2
1417 46.2
1418 46.3
1419 46.3
1420 46.3
1421 46.4
1422 46.4
1423 46.5
1424 46.55
1425 46.55
1426 46.65
1427 46.65
1428 46.7
1429 46.75
1430 46.75
1431 46.75
1432 46.85
1433 46.9
1434 46.9
1435 46.9
1436 46.9
1437 46.95
1438 46.95
1439 46.95
1440 47.05
1441 47.15
1442 47.15
1443 47.15
1444 47.15
1445 47.15
1446 47.2
1447 47.2
1448 47.2
1449 47.2
1450 47.25
1451 47.3
1452 47.3
1453 47.4
1454 47.4
1455 47.4
1456 47.4
1457 47.45
1458 47.45
1459 47.45
1460 47.55
1461 47.55
1462 47.6
1463 47.6
1464 47.6
1465 47.6
1466 47.6
1467 47.6
1468 47.65
1469 47.65
1470 47.65
1471 47.65
1472 47.75
1473 47.75
1474 47.8
1475 47.8
1476 47.85
1477 47.85
1478 47.85
1479 47.85
1480 47.95
1481 47.95
1482 47.95
1483 47.95
1484 47.95
1485 47.95
1486 47.95
1487 47.95
1488 48.0
1489 48.0
1490 48.0
1491 48.0
1492 48.1
1493 48.2
1494 48.25
1495 48.25
1496 48.4
1497 48.4
1498 48.45
1499 48.45
1500 48.5
1501 48.5
1502 48.6
1503 48.6
1504 48.7
1505 48.75
1506 48.75
1507 48.8
1508 48.8
1509 48.85
1510 48.85
1511 48.9
1512 48.9
1513 48.9
1514 48.9
1515 48.9
1516 48.9
1517 48.95
1518 48.95
1519 48.95
1520 49.0
1521 49.0
1522 49.05
1523 49.1
1524 49.15
1525 49.15
1526 49.15
1527 49.15
1528 49.2
1529 49.2
1530 49.25
1531 49.25
1532 49.25
1533 49.3
1534 49.3
1535 49.3
1536 49.3
1537 49.3
1538 49.4
1539 49.4
1540 49.55
1541 49.55
1542 49.55
1543 49.55
1544 49.55
1545 49.55
1546 49.65
1547 49.95
1548 49.95
1549 50.0
1550 50.05
1551 50.05
1552 50.1
1553 50.15
1554 50.15
1555 50.2
1556 50.2
1557 50.2
1558 50.2
1559 50.2
1560 50.2
1561 50.2
1562 50.25
1563 50.25
1564 50.25
1565 50.25
1566 50.25
1567 50.3
1568 50.35
1569 50.35
1570 50.45
1571 50.45
1572 50.5
1573 50.7
1574 50.7
1575 50.75
1576 50.75
1577 50.75
1578 50.75
1579 50.75
1580 50.75
1581 50.75
1582 50.75
1583 50.8
1584 50.85
1585 50.9
1586 50.9
1587 51.0
1588 51.0
1589 51.05
1590 51.1
1591 51.1
1592 51.2
1593 51.2
1594 51.2
1595 51.25
1596 51.25
1597 51.25
1598 51.25
1599 51.3
1600 51.4
1601 51.45
1602 51.45
1603 51.45
1604 51.45
1605 51.5
1606 51.5
1607 51.5
1608 51.6
1609 51.6
1610 51.65
1611 51.65
1612 51.7
1613 51.8
1614 51.85
1615 51.85
1616 51.95
1617 51.95
1618 52.0
1619 52.15
1620 52.2
1621 52.35
1622 52.4
1623 52.4
1624 52.4
1625 52.4
1626 52.4
1627 52.45
1628 52.45
1629 52.45
1630 52.5
1631 52.5
1632 52.5
1633 52.5
1634 52.5
1635 52.6
1636 52.65
1637 52.65
1638 52.65
1639 52.7
1640 52.7
1641 52.7
1642 52.75
1643 52.75
1644 52.75
1645 52.75
1646 52.75
1647 52.75
1648 52.75
1649 52.8
1650 52.8
1651 52.8
1652 52.85
1653 52.85
1654 52.9
1655 52.9
1656 53.0
1657 53.0
1658 53.0
1659 53.0
1660 53.1
1661 53.2
1662 53.25
1663 53.3
1664 53.3
1665 53.3
1666 53.3
1667 53.3
1668 53.35
1669 53.45
1670 53.45
1671 53.45
1672 53.45
1673 53.55
1674 53.55
1675 53.55
1676 53.6
1677 53.65
1678 53.75
1679 53.75
1680 53.75
1681 53.85
1682 53.95
1683 54.1
1684 54.1
1685 54.15
1686 54.2
1687 54.3
1688 54.3
1689 54.3
1690 54.35
1691 54.35
1692 54.35
1693 54.35
1694 54.45
1695 54.45
1696 54.5
1697 54.5
1698 54.55
1699 54.55
1700 54.55
1701 54.75
1702 54.85
1703 54.85
1704 54.9
1705 54.95
1706 55.1
1707 55.15
1708 55.15
1709 55.15
1710 55.15
1711 55.15
1712 55.15
1713 55.15
1714 55.2
1715 55.2
1716 55.2
1717 55.2
1718 55.2
1719 55.25
1720 55.25
1721 55.35
1722 55.4
1723 55.5
1724 55.6
1725 55.65
1726 55.65
1727 55.65
1728 55.7
1729 55.7
1730 55.85
1731 55.85
1732 55.85
1733 55.85
1734 55.9
1735 55.9
1736 55.9
1737 55.9
1738 56.0
1739 56.0
1740 56.0
1741 56.05
1742 56.05
1743 56.05
1744 56.05
1745 56.05
1746 56.05
1747 56.1
1748 56.15
1749 56.15
1750 56.15
1751 56.15
1752 56.15
1753 56.15
1754 56.15
1755 56.15
1756 56.15
1757 56.2
1758 56.25
1759 56.25
1760 56.3
1761 56.35
1762 56.35
1763 56.4
1764 56.4
1765 56.4
1766 56.4
1767 56.4
1768 56.45
1769 56.45
1770 56.45
1771 56.45
1772 56.45
1773 56.5
1774 56.5
1775 56.6
1776 56.6
1777 56.6
1778 56.65
1779 56.65
1780 56.65
1781 56.65
1782 56.65
1783 56.65
1784 56.65
1785 56.65
1786 56.65
1787 56.65
1788 56.7
1789 56.75
1790 56.75
1791 56.75
1792 56.8
1793 56.85
1794 56.95
1795 56.95
1796 56.95
1797 56.95
1798 56.95
1799 57.0
1800 57.0
1801 57.05
1802 57.05
1803 57.1
1804 57.15
1805 57.15
1806 57.2
1807 57.2
1808 57.3
1809 57.35
1810 57.35
1811 57.35
1812 57.35
1813 57.4
1814 57.45
1815 57.45
1816 57.5
1817 57.5
1818 57.6
1819 57.6
1820 57.6
1821 57.7
1822 57.75
1823 57.8
1824 57.8
1825 57.8
1826 57.85
1827 57.85
1828 57.95
1829 57.95
1830 57.95
1831 57.95
1832 58.05
1833 58.05
1834 58.05
1835 58.15
1836 58.25
1837 58.25
1838 58.25
1839 58.25
1840 58.25
1841 58.25
1842 58.25
1843 58.25
1844 58.25
1845 58.25
1846 58.25
1847 58.4
1848 58.45
1849 58.5
1850 58.5
1851 58.55
1852 58.6
1853 58.6
1854 58.6
1855 58.6
1856 58.65
1857 58.65
1858 58.75
1859 58.75
1860 58.75
1861 58.85
1862 58.9
1863 58.9
1864 58.9
1865 58.9
1866 59.0
1867 59.05
1868 59.05
1869 59.1
1870 59.1
1871 59.2
1872 59.3
1873 59.3
1874 59.5
1875 59.8
1876 59.8
1877 59.8
1878 59.95
1879 59.95
1880 59.95
1881 59.95
1882 60.0
1883 60.05
1884 60.1
1885 60.15
1886 60.15
1887 60.15
1888 60.2
1889 60.2
1890 60.2
1891 60.25
1892 60.35
1893 60.35
1894 60.35
1895 60.35
1896 60.35
1897 60.35
1898 60.35
1899 60.4
1900 60.4
1901 60.45
1902 60.45
1903 60.5
1904 60.5
1905 60.5
1906 60.5
1907 60.5
1908 60.5
1909 60.55
1910 60.6
1911 60.6
1912 60.75
1913 60.8
1914 60.8
1915 60.85
1916 60.9
1917 60.9
1918 60.95
1919 60.95
1920 60.95
1921 60.95
1922 61.0
1923 61.0
1924 61.0
1925 61.1
1926 61.15
1927 61.15
1928 61.15
1929 61.15
1930 61.15
1931 61.15
1932 61.15
1933 61.15
1934 61.15
1935 61.35
1936 61.35
1937 61.35
1938 61.4
1939 61.4
1940 61.4
1941 61.5
1942 61.5
1943 61.5
1944 61.5
1945 61.55
1946 61.55
1947 61.65
1948 61.65
1949 61.65
1950 61.65
1951 61.65
1952 61.65
1953 61.65
1954 61.65
1955 61.65
1956 61.65
1957 61.7
1958 61.7
1959 61.7
1960 61.75
1961 61.75
1962 61.75
1963 61.85
1964 61.85
1965 61.85
1966 61.95
1967 62.0
1968 62.0
1969 62.1
1970 62.15
1971 62.15
1972 62.2
1973 62.2
1974 62.25
1975 62.25
1976 62.3
1977 62.3
1978 62.35
1979 62.4
1980 62.4
1981 62.45
1982 62.45
1983 62.45
1984 62.45
1985 62.5
1986 62.5
1987 62.55
1988 62.6
1989 62.6
1990 62.65
1991 62.7
1992 62.85
1993 62.95
1994 63.0
1995 63.0
1996 63.0
1997 63.0
1998 63.0
1999 63.1
2000 63.15
2001 63.15
2002 63.15
2003 63.15
2004 63.15
2005 63.15
2006 63.15
2007 63.15
2008 63.15
2009 63.15
2010 63.4
2011 63.5
2012 63.6
2013 63.65
2014 63.65
2015 63.65
2016 63.65
2017 63.65
2018 63.7
2019 63.7
2020 63.7
2021 63.8
2022 63.8
2023 63.85
2024 63.9
2025 63.9
2026 63.9
2027 63.95
2028 63.95
2029 64.1
2030 64.1
2031 64.1
2032 64.1
2033 64.2
2034 64.2
2035 64.25
2036 64.25
2037 64.25
2038 64.25
2039 64.25
2040 64.25
2041 64.3
2042 64.35
2043 64.45
2044 64.5
2045 64.5
2046 64.6
2047 64.65
2048 64.65
2049 64.65
2050 64.65
2051 64.65
2052 64.8
2053 64.9
2054 64.9
2055 64.9
2056 65.0
2057 65.0
2058 65.0
2059 65.0
2060 65.0
2061 65.0
2062 65.0
2063 65.0
2064 65.05
2065 65.05
2066 65.05
2067 65.05
2068 65.1
2069 65.1
2070 65.1
2071 65.1
2072 65.1
2073 65.15
2074 65.15
2075 65.15
2076 65.15
2077 65.15
2078 65.15
2079 65.15
2080 65.15
2081 65.25
2082 65.3
2083 65.35
2084 65.35
2085 65.35
2086 65.4
2087 65.45
2088 65.45
2089 65.45
2090 65.5
2091 65.5
2092 65.5
2093 65.5
2094 65.5
2095 65.65
2096 65.65
2097 65.7
2098 65.75
2099 65.75
2100 65.75
2101 65.75
2102 65.75
2103 65.75
2104 65.75
2105 65.85
2106 65.9
2107 65.9
2108 66.0
2109 66.0
2110 66.05
2111 66.1
2112 66.1
2113 66.1
2114 66.15
2115 66.15
2116 66.2
2117 66.2
2118 66.25
2119 66.25
2120 66.3
2121 66.4
2122 66.4
2123 66.4
2124 66.45
2125 66.45
2126 66.5
2127 66.5
2128 66.5
2129 66.6
2130 66.6
2131 66.6
2132 66.6
2133 66.6
2134 66.6
2135 66.65
2136 66.65
2137 66.65
2138 66.65
2139 66.65
2140 66.7
2141 66.7
2142 66.75
2143 66.8
2144 66.8
2145 66.8
2146 66.9
2147 67.0
2148 67.0
2149 67.0
2150 67.05
2151 67.05
2152 67.15
2153 67.2
2154 67.25
2155 67.25
2156 67.4
2157 67.5
2158 67.65
2159 67.65
2160 67.65
2161 67.65
2162 67.65
2163 67.65
2164 67.65
2165 67.85
2166 67.85
2167 67.85
2168 67.85
2169 67.9
2170 67.9
2171 67.95
2172 67.95
2173 67.95
2174 67.95
2175 68.0
2176 68.0
2177 68.05
2178 68.05
2179 68.05
2180 68.05
2181 68.1
2182 68.1
2183 68.1
2184 68.2
2185 68.2
2186 68.2
2187 68.2
2188 68.25
2189 68.25
2190 68.3
2191 68.3
2192 68.4
2193 68.5
2194 68.5
2195 68.5
2196 68.5
2197 68.5
2198 68.55
2199 68.55
2200 68.75
2201 68.8
2202 68.85
2203 68.9
2204 68.9
2205 68.9
2206 68.95
2207 69.0
2208 69.0
2209 69.0
2210 69.0
2211 69.05
2212 69.05
2213 69.05
2214 69.05
2215 69.1
2216 69.1
2217 69.1
2218 69.1
2219 69.1
2220 69.1
2221 69.1
2222 69.15
2223 69.2
2224 69.25
2225 69.25
2226 69.25
2227 69.4
2228 69.45
2229 69.45
2230 69.55
2231 69.6
2232 69.6
2233 69.6
2234 69.65
2235 69.65
2236 69.65
2237 69.7
2238 69.75
2239 69.75
2240 69.75
2241 69.75
2242 69.8
2243 69.85
2244 69.9
2245 69.95
2246 70.0
2247 70.0
2248 70.05
2249 70.15
2250 70.15
2251 70.15
2252 70.15
2253 70.2
2254 70.2
2255 70.2
2256 70.2
2257 70.2
2258 70.2
2259 70.2
2260 70.2
2261 70.2
2262 70.2
2263 70.2
2264 70.2
2265 70.2
2266 70.2
2267 70.2
2268 70.2
2269 70.2
2270 70.2
2271 70.2
2272 70.3
2273 70.4
2274 70.5
2275 70.55
2276 70.7
2277 70.7
2278 70.8
2279 70.85
2280 70.85
2281 70.9
2282 70.9
2283 70.9
2284 70.9
2285 70.95
2286 70.95
2287 70.95
2288 71.0
2289 71.1
2290 71.2
2291 71.2
2292 71.3
2293 71.3
2294 71.3
2295 71.4
2296 71.4
2297 71.4
2298 71.4
2299 71.45
2300 71.45
2301 71.45
2302 71.45
2303 71.45
2304 71.45
2305 71.45
2306 71.5
2307 71.55
2308 71.55
2309 71.55
2310 71.6
2311 71.65
2312 71.65
2313 71.7
2314 71.7
2315 71.75
2316 71.75
2317 71.75
2318 71.75
2319 71.95
2320 71.95
2321 72.0
2322 72.05
2323 72.05
2324 72.05
2325 72.05
2326 72.05
2327 72.05
2328 72.1
2329 72.15
2330 72.45
2331 72.5
2332 72.55
2333 72.55
2334 72.55
2335 72.55
2336 72.55
2337 72.55
2338 72.55
2339 72.55
2340 72.55
2341 72.55
2342 72.55
2343 72.7
2344 72.7
2345 72.8
2346 72.8
2347 72.85
2348 72.85
2349 72.9
2350 72.9
2351 72.9
2352 73.0
2353 73.0
2354 73.0
2355 73.05
2356 73.05
2357 73.05
2358 73.1
2359 73.1
2360 73.1
2361 73.1
2362 73.1
2363 73.15
2364 73.15
2365 73.2
2366 73.2
2367 73.2
2368 73.2
2369 73.25
2370 73.25
2371 73.3
2372 73.35
2373 73.4
2374 73.45
2375 73.5
2376 73.5
2377 73.65
2378 73.65
2379 73.65
2380 73.65
2381 73.7
2382 73.75
2383 73.8
2384 73.8
2385 73.8
2386 73.95
2387 74.0
2388 74.15
2389 74.15
2390 74.15
2391 74.15
2392 74.15
2393 74.25
2394 74.25
2395 74.25
2396 74.25
2397 74.25
2398 74.25
2399 74.3
2400 74.3
2401 74.3
2402 74.3
2403 74.3
2404 74.3
2405 74.3
2406 74.3
2407 74.3
2408 74.3
2409 74.3
2410 74.3
2411 74.45
2412 74.6
2413 74.6
2414 74.7
2415 74.75
2416 74.75
2417 74.75
2418 74.75
2419 74.8
2420 74.8
2421 74.8
2422 74.8
2423 74.8
2424 74.8
2425 74.8
2426 74.8
2427 74.85
2428 74.85
2429 74.85
2430 74.85
2431 74.85
2432 74.9
2433 74.9
2434 74.9
2435 74.9
2436 74.9
2437 74.95
2438 74.95
2439 74.95
2440 75.05
2441 75.1
2442 75.1
2443 75.15
2444 75.15
2445 75.25
2446 75.25
2447 75.3
2448 75.35
2449 75.35
2450 75.35
2451 75.35
2452 75.35
2453 75.4
2454 75.4
2455 75.4
2456 75.4
2457 75.45
2458 75.45
2459 75.45
2460 75.5
2461 75.5
2462 75.5
2463 75.5
2464 75.5
2465 75.5
2466 75.5
2467 75.5
2468 75.5
2469 75.5
2470 75.55
2471 75.7
2472 75.7
2473 75.7
2474 75.7
2475 75.7
2476 75.75
2477 75.85
2478 75.85
2479 75.85
2480 75.9
2481 76.0
2482 76.0
2483 76.0
2484 76.0
2485 76.0
2486 76.05
2487 76.05
2488 76.2
2489 76.2
2490 76.2
2491 76.35
2492 76.4
2493 76.45
2494 76.45
2495 76.45
2496 76.45
2497 76.45
2498 76.45
2499 76.45
2500 76.5
2501 76.6
2502 76.6
2503 76.6
2504 76.6
2505 76.6
2506 76.6
2507 76.6
2508 76.6
2509 76.6
2510 76.6
2511 76.6
2512 76.6
2513 76.65
2514 76.65
2515 76.65
2516 76.65
2517 76.65
2518 76.75
2519 76.8
2520 76.85
2521 76.85
2522 76.85
2523 77.0
2524 77.05
2525 77.05
2526 77.1
2527 77.1
2528 77.1
2529 77.1
2530 77.15
2531 77.4
2532 77.6
2533 77.65
2534 77.65
2535 77.65
2536 77.65
2537 77.65
2538 77.65
2539 77.7
2540 77.7
2541 77.7
2542 77.75
2543 77.75
2544 77.8
2545 77.8
2546 77.8
2547 77.8
2548 77.8
2549 77.85
2550 77.85
2551 77.9
2552 77.9
2553 77.9
2554 77.9
2555 77.95
2556 77.95
2557 78.0
2558 78.1
2559 78.15
2560 78.25
2561 78.25
2562 78.25
2563 78.25
2564 78.25
2565 78.25
2566 78.25
2567 78.25
2568 78.25
2569 78.4
2570 78.4
2571 78.4
2572 78.4
2573 78.45
2574 78.5
2575 78.5
2576 78.7
2577 78.7
2578 78.75
2579 78.75
2580 78.75
2581 78.9
2582 78.95
2583 79.05
2584 79.05
2585 79.05
2586 79.05
2587 79.05
2588 79.05
2589 79.05
2590 79.05
2591 79.05
2592 79.05
2593 79.05
2594 79.15
2595 79.15
2596 79.15
2597 79.15
2598 79.2
2599 79.2
2600 79.3
2601 79.3
2602 79.3
2603 79.35
2604 79.35
2605 79.35
2606 79.35
2607 79.35
2608 79.35
2609 79.45
2610 79.45
2611 79.45
2612 79.45
2613 79.5
2614 79.55
2615 79.6
2616 79.65
2617 79.65
2618 79.65
2619 79.7
2620 79.75
2621 79.75
2622 79.75
2623 79.8
2624 79.85
2625 79.85
2626 79.9
2627 79.9
2628 79.9
2629 79.9
2630 79.95
2631 80.1
2632 80.1
2633 80.1
2634 80.15
2635 80.15
2636 80.2
2637 80.2
2638 80.2
2639 80.2
2640 80.2
2641 80.2
2642 80.2
2643 80.25
2644 80.25
2645 80.25
2646 80.25
2647 80.35
2648 80.35
2649 80.35
2650 80.35
2651 80.35
2652 80.35
2653 80.35
2654 80.35
2655 80.35
2656 80.35
2657 80.35
2658 80.35
2659 80.4
2660 80.4
2661 80.45
2662 80.6
2663 80.65
2664 80.85
2665 80.9
2666 80.9
2667 80.9
2668 80.95
2669 81.0
2670 81.05
2671 81.05
2672 81.05
2673 81.05
2674 81.05
2675 81.15
2676 81.15
2677 81.15
2678 81.15
2679 81.15
2680 81.2
2681 81.2
2682 81.2
2683 81.25
2684 81.3
2685 81.3
2686 81.4
2687 81.4
2688 81.4
2689 81.4
2690 81.4
2691 81.5
2692 81.55
2693 81.55
2694 81.6
2695 81.6
2696 81.65
2697 81.7
2698 81.7
2699 81.7
2700 81.7
2701 81.8
2702 81.8
2703 81.9
2704 81.9
2705 81.9
2706 81.9
2707 81.9
2708 81.9
2709 81.95
2710 81.95
2711 82.0
2712 82.0
2713 82.0
2714 82.05
2715 82.05
2716 82.05
2717 82.05
2718 82.05
2719 82.05
2720 82.1
2721 82.1
2722 82.1
2723 82.1
2724 82.1
2725 82.1
2726 82.1
2727 82.1
2728 82.1
2729 82.2
2730 82.2
2731 82.25
2732 82.3
2733 82.3
2734 82.3
2735 82.3
2736 82.3
2737 82.35
2738 82.45
2739 82.5
2740 82.5
2741 82.55
2742 82.55
2743 82.6
2744 82.7
2745 82.7
2746 82.7
2747 82.7
2748 82.7
2749 82.7
2750 82.7
2751 82.7
2752 82.7
2753 82.7
2754 82.7
2755 82.7
2756 82.75
2757 82.85
2758 82.85
2759 82.85
2760 82.85
2761 82.85
2762 82.85
2763 82.9
2764 83.0
2765 83.0
2766 83.0
2767 83.05
2768 83.05
2769 83.05
2770 83.05
2771 83.15
2772 83.2
2773 83.2
2774 83.25
2775 83.25
2776 83.25
2777 83.25
2778 83.25
2779 83.25
2780 83.25
2781 83.25
2782 83.3
2783 83.3
2784 83.35
2785 83.4
2786 83.4
2787 83.45
2788 83.55
2789 83.55
2790 83.6
2791 83.6
2792 83.6
2793 83.6
2794 83.65
2795 83.7
2796 83.7
2797 83.7
2798 83.7
2799 83.7
2800 83.7
2801 83.7
2802 83.75
2803 83.75
2804 83.75
2805 83.75
2806 83.75
2807 83.75
2808 83.8
2809 83.8
2810 83.8
2811 83.8
2812 83.8
2813 83.8
2814 83.8
2815 83.85
2816 83.85
2817 83.85
2818 83.95
2819 84.0
2820 84.05
2821 84.1
2822 84.15
2823 84.15
2824 84.15
2825 84.2
2826 84.25
2827 84.25
2828 84.25
2829 84.35
2830 84.35
2831 84.45
2832 84.45
2833 84.45
2834 84.45
2835 84.45
2836 84.45
2837 84.55
2838 84.55
2839 84.6
2840 84.6
2841 84.65
2842 84.8
2843 84.8
2844 84.9
2845 84.9
2846 84.9
2847 84.95
2848 84.95
2849 85.0
2850 85.05
2851 85.1
2852 85.1
2853 85.15
2854 85.2
2855 85.2
2856 85.2
2857 85.25
2858 85.25
2859 85.25
2860 85.3
2861 85.45
2862 85.45
2863 85.45
2864 85.45
2865 85.6
2866 85.7
2867 85.7
2868 85.7
2869 85.8
2870 85.8
2871 85.8
2872 85.8
2873 85.8
2874 85.85
2875 85.85
2876 85.85
2877 85.9
2878 85.9
2879 85.9
2880 85.9
2881 85.9
2882 85.95
2883 85.95
2884 86.1
2885 86.1
2886 86.15
2887 86.25
2888 86.25
2889 86.3
2890 86.3
2891 86.3
2892 86.3
2893 86.3
2894 86.4
2895 86.4
2896 86.4
2897 86.45
2898 86.45
2899 86.5
2900 86.5
2901 86.5
2902 86.6
2903 86.65
2904 86.65
2905 86.65
2906 86.65
2907 86.7
2908 86.75
2909 86.85
2910 86.85
2911 86.9
2912 86.9
2913 87.0
2914 87.0
2915 87.05
2916 87.05
2917 87.05
2918 87.05
2919 87.05
2920 87.1
2921 87.15
2922 87.25
2923 87.3
2924 87.35
2925 87.35
2926 87.35
2927 87.35
2928 87.35
2929 87.35
2930 87.35
2931 87.35
2932 87.4
2933 87.4
2934 87.45
2935 87.45
2936 87.45
2937 87.45
2938 87.5
2939 87.5
2940 87.5
2941 87.5
2942 87.55
2943 87.55
2944 87.7
2945 87.8
2946 87.8
2947 88.0
2948 88.05
2949 88.05
2950 88.05
2951 88.1
2952 88.1
2953 88.1
2954 88.1
2955 88.2
2956 88.25
2957 88.3
2958 88.3
2959 88.3
2960 88.35
2961 88.4
2962 88.4
2963 88.4
2964 88.4
2965 88.45
2966 88.45
2967 88.6
2968 88.7
2969 88.7
2970 88.7
2971 88.7
2972 88.7
2973 88.7
2974 88.75
2975 88.75
2976 88.75
2977 88.75
2978 88.75
2979 88.75
2980 88.85
2981 88.9
2982 88.9
2983 88.95
2984 89.0
2985 89.0
2986 89.05
2987 89.05
2988 89.05
2989 89.05
2990 89.05
2991 89.1
2992 89.1
2993 89.1
2994 89.1
2995 89.1
2996 89.1
2997 89.1
2998 89.15
2999 89.15
3000 89.15
3001 89.15
3002 89.15
3003 89.2
3004 89.2
3005 89.2
3006 89.3
3007 89.3
3008 89.3
3009 89.35
3010 89.35
3011 89.45
3012 89.45
3013 89.5
3014 89.5
3015 89.55
3016 89.6
3017 89.6
3018 89.6
3019 89.6
3020 89.65
3021 89.75
3022 89.85
3023 89.85
3024 89.85
3025 89.85
3026 89.85
3027 89.85
3028 89.85
3029 89.85
3030 89.9
3031 89.9
3032 89.9
3033 89.95
3034 89.95
3035 89.95
3036 89.95
3037 90.0
3038 90.0
3039 90.05
3040 90.05
3041 90.05
3042 90.05
3043 90.05
3044 90.05
3045 90.05
3046 90.05
3047 90.05
3048 90.15
3049 90.2
3050 90.2
3051 90.2
3052 90.25
3053 90.25
3054 90.25
3055 90.25
3056 90.35
3057 90.35
3058 90.35
3059 90.35
3060 90.4
3061 90.4
3062 90.4
3063 90.45
3064 90.45
3065 90.5
3066 90.55
3067 90.6
3068 90.6
3069 90.6
3070 90.65
3071 90.7
3072 90.7
3073 90.75
3074 90.75
3075 90.75
3076 90.75
3077 90.8
3078 90.8
3079 90.85
3080 90.85
3081 90.85
3082 90.85
3083 90.85
3084 90.85
3085 90.85
3086 90.9
3087 90.95
3088 90.95
3089 91.0
3090 91.05
3091 91.1
3092 91.15
3093 91.15
3094 91.15
3095 91.3
3096 91.3
3097 91.35
3098 91.35
3099 91.35
3100 91.4
3101 91.4
3102 91.4
3103 91.5
3104 91.55
3105 91.55
3106 91.55
3107 91.55
3108 91.65
3109 91.65
3110 91.65
3111 91.65
3112 91.65
3113 91.8
3114 91.85
3115 91.85
3116 91.85
3117 91.9
3118 91.9
3119 91.9
3120 91.9
3121 91.9
3122 91.95
3123 92.0
3124 92.0
3125 92.05
3126 92.05
3127 92.05
3128 92.05
3129 92.05
3130 92.15
3131 92.15
3132 92.15
3133 92.15
3134 92.15
3135 92.2
3136 92.3
3137 92.35
3138 92.35
3139 92.35
3140 92.35
3141 92.35
3142 92.35
3143 92.35
3144 92.35
3145 92.35
3146 92.4
3147 92.4
3148 92.4
3149 92.4
3150 92.5
3151 92.5
3152 92.5
3153 92.5
3154 92.5
3155 92.55
3156 92.65
3157 92.65
3158 92.75
3159 92.85
3160 92.85
3161 92.85
3162 93.0
3163 93.0
3164 93.0
3165 93.0
3166 93.1
3167 93.15
3168 93.2
3169 93.2
3170 93.25
3171 93.25
3172 93.25
3173 93.3
3174 93.35
3175 93.35
3176 93.4
3177 93.4
3178 93.4
3179 93.4
3180 93.4
3181 93.4
3182 93.45
3183 93.45
3184 93.55
3185 93.55
3186 93.55
3187 93.55
3188 93.55
3189 93.55
3190 93.55
3191 93.55
3192 93.6
3193 93.6
3194 93.6
3195 93.65
3196 93.65
3197 93.65
3198 93.65
3199 93.75
3200 93.75
3201 93.75
3202 93.75
3203 93.75
3204 93.8
3205 93.8
3206 93.8
3207 93.8
3208 93.8
3209 93.85
3210 93.85
3211 93.95
3212 93.95
3213 93.95
3214 94.05
3215 94.1
3216 94.1
3217 94.15
3218 94.15
3219 94.15
3220 94.25
3221 94.25
3222 94.25
3223 94.25
3224 94.25
3225 94.25
3226 94.3
3227 94.3
3228 94.3
3229 94.3
3230 94.4
3231 94.45
3232 94.45
3233 94.45
3234 94.45
3235 94.45
3236 94.45
3237 94.5
3238 94.5
3239 94.6
3240 94.7
3241 94.7
3242 94.75
3243 94.75
3244 94.75
3245 94.75
3246 94.75
3247 94.85
3248 94.85
3249 94.85
3250 94.85
3251 94.85
3252 94.85
3253 94.85
3254 94.85
3255 94.85
3256 94.9
3257 94.9
3258 95.0
3259 95.0
3260 95.0
3261 95.05
3262 95.05
3263 95.05
3264 95.05
3265 95.15
3266 95.2
3267 95.25
3268 95.3
3269 95.3
3270 95.4
3271 95.4
3272 95.4
3273 95.4
3274 95.4
3275 95.5
3276 95.55
3277 95.55
3278 95.55
3279 95.55
3280 95.55
3281 95.55
3282 95.55
3283 95.55
3284 95.55
3285 95.6
3286 95.6
3287 95.6
3288 95.6
3289 95.7
3290 95.7
3291 95.7
3292 95.8
3293 95.8
3294 95.8
3295 95.8
3296 95.85
3297 95.85
3298 95.85
3299 95.9
3300 95.95
3301 96.0
3302 96.0
3303 96.05
3304 96.05
3305 96.05
3306 96.05
3307 96.05
3308 96.1
3309 96.15
3310 96.15
3311 96.15
3312 96.15
3313 96.15
3314 96.15
3315 96.15
3316 96.15
3317 96.15
3318 96.15
3319 96.2
3320 96.2
3321 96.2
3322 96.3
3323 96.3
3324 96.35
3325 96.35
3326 96.35
3327 96.35
3328 96.4
3329 96.4
3330 96.5
3331 96.55
3332 96.55
3333 96.55
3334 96.55
3335 96.55
3336 96.65
3337 96.65
3338 96.7
3339 96.7
3340 96.75
3341 96.75
3342 96.75
3343 96.75
3344 96.75
3345 96.75
3346 96.75
3347 96.8
3348 96.85
3349 96.85
3350 96.85
3351 96.85
3352 96.9
3353 96.95
3354 96.95
3355 96.95
3356 96.95
3357 96.95
3358 96.95
3359 96.95
3360 96.95
3361 96.95
3362 97.05
3363 97.1
3364 97.15
3365 97.15
3366 97.2
3367 97.2
3368 97.2
3369 97.2
3370 97.2
3371 97.2
3372 97.25
3373 97.3
3374 97.3
3375 97.35
3376 97.35
3377 97.35
3378 97.35
3379 97.35
3380 97.35
3381 97.35
3382 97.35
3383 97.4
3384 97.4
3385 97.4
3386 97.4
3387 97.4
3388 97.55
3389 97.55
3390 97.55
3391 97.6
3392 97.65
3393 97.65
3394 97.75
3395 97.75
3396 97.75
3397 97.75
3398 97.8
3399 97.8
3400 97.9
3401 97.95
3402 97.95
3403 97.95
3404 98.0
3405 98.0
3406 98.0
3407 98.0
3408 98.0
3409 98.0
3410 98.05
3411 98.1
3412 98.1
3413 98.2
3414 98.25
3415 98.35
3416 98.35
3417 98.4
3418 98.45
3419 98.45
3420 98.45
3421 98.45
3422 98.5
3423 98.5
3424 98.6
3425 98.6
3426 98.65
3427 98.65
3428 98.65
3429 98.65
3430 98.65
3431 98.65
3432 98.65
3433 98.65
3434 98.65
3435 98.7
3436 98.7
3437 98.7
3438 98.7
3439 98.7
3440 98.75
3441 98.75
3442 98.9
3443 98.9
3444 98.9
3445 98.9
3446 99.05
3447 99.05
3448 99.05
3449 99.05
3450 99.05
3451 99.1
3452 99.1
3453 99.15
3454 99.2
3455 99.2
3456 99.25
3457 99.3
3458 99.3
3459 99.3
3460 99.3
3461 99.3
3462 99.5
3463 99.5
3464 99.5
3465 99.55
3466 99.55
3467 99.55
3468 99.55
3469 99.6
3470 99.6
3471 99.65
3472 99.7
3473 99.7
3474 99.7
3475 99.7
3476 99.7
3477 99.75
3478 99.8
3479 99.8
3480 99.8
3481 99.8
3482 99.85
3483 99.9
3484 99.9
3485 99.95
3486 100.05
3487 100.05
3488 100.05
3489 100.05
3490 100.05
3491 100.05
3492 100.15
3493 100.15
3494 100.15
3495 100.15
3496 100.15
3497 100.2
3498 100.25
3499 100.3
3500 100.4
3501 100.4
3502 100.55
3503 100.55
3504 100.55
3505 100.55
3506 100.6
3507 100.6
3508 100.65
3509 100.65
3510 100.65
3511 100.65
3512 100.65
3513 100.65
3514 100.7
3515 100.7
3516 100.7
3517 100.7
3518 100.7
3519 100.7
3520 100.7
3521 100.75
3522 100.75
3523 100.75
3524 100.75
3525 100.75
3526 100.9
3527 100.9
3528 100.95
3529 100.95
3530 101.0
3531 101.0
3532 101.0
3533 101.0
3534 101.0
3535 101.05
3536 101.05
3537 101.05
3538 101.1
3539 101.15
3540 101.25
3541 101.3
3542 101.3
3543 101.3
3544 101.3
3545 101.3
3546 101.4
3547 101.4
3548 101.4
3549 101.45
3550 101.45
3551 101.5
3552 101.6
3553 101.65
3554 101.65
3555 101.65
3556 101.65
3557 101.65
3558 101.7
3559 101.7
3560 101.75
3561 101.8
3562 101.8
3563 101.8
3564 101.8
3565 101.85
3566 101.85
3567 101.85
3568 101.85
3569 101.85
3570 101.85
3571 101.9
3572 101.95
3573 101.95
3574 101.95
3575 101.95
3576 101.95
3577 101.95
3578 101.95
3579 101.95
3580 102.05
3581 102.05
3582 102.05
3583 102.1
3584 102.1
3585 102.1
3586 102.1
3587 102.1
3588 102.1
3589 102.1
3590 102.1
3591 102.3
3592 102.35
3593 102.35
3594 102.4
3595 102.4
3596 102.4
3597 102.4
3598 102.45
3599 102.45
3600 102.45
3601 102.45
3602 102.55
3603 102.55
3604 102.55
3605 102.55
3606 102.55
3607 102.55
3608 102.55
3609 102.55
3610 102.55
3611 102.55
3612 102.55
3613 102.55
3614 102.55
3615 102.55
3616 102.55
3617 102.55
3618 102.55
3619 102.55
3620 102.55
3621 102.65
3622 102.65
3623 102.7
3624 102.7
3625 102.7
3626 102.7
3627 102.7
3628 102.7
3629 102.7
3630 102.7
3631 102.7
3632 102.7
3633 102.7
3634 102.7
3635 102.75
3636 102.75
3637 102.85
3638 102.9
3639 103.05
3640 103.05
3641 103.05
3642 103.1
3643 103.15
3644 103.15
3645 103.15
3646 103.15
3647 103.25
3648 103.25
3649 103.25
3650 103.25
3651 103.3
3652 103.45
3653 103.45
3654 103.5
3655 103.5
3656 103.55
3657 103.6
3658 103.6
3659 103.6
3660 103.6
3661 103.6
3662 103.65
3663 103.65
3664 103.75
3665 103.75
3666 103.75
3667 103.8
3668 103.8
3669 103.8
3670 103.8
3671 103.9
3672 103.9
3673 103.9
3674 103.95
3675 103.95
3676 103.95
3677 103.95
3678 103.95
3679 103.95
3680 103.95
3681 104.0
3682 104.05
3683 104.05
3684 104.05
3685 104.05
3686 104.05
3687 104.1
3688 104.1
3689 104.1
3690 104.1
3691 104.1
3692 104.1
3693 104.1
3694 104.1
3695 104.15
3696 104.15
3697 104.15
3698 104.2
3699 104.2
3700 104.2
3701 104.25
3702 104.25
3703 104.25
3704 104.25
3705 104.25
3706 104.25
3707 104.25
3708 104.3
3709 104.3
3710 104.3
3711 104.3
3712 104.35
3713 104.4
3714 104.4
3715 104.45
3716 104.45
3717 104.45
3718 104.5
3719 104.55
3720 104.55
3721 104.55
3722 104.55
3723 104.55
3724 104.55
3725 104.55
3726 104.6
3727 104.6
3728 104.6
3729 104.6
3730 104.65
3731 104.65
3732 104.65
3733 104.65
3734 104.65
3735 104.7
3736 104.75
3737 104.9
3738 104.9
3739 104.9
3740 104.9
3741 104.9
3742 104.9
3743 104.9
3744 105.1
3745 105.25
3746 105.25
3747 105.25
3748 105.25
3749 105.3
3750 105.3
3751 105.3
3752 105.3
3753 105.35
3754 105.35
3755 105.35
3756 105.35
3757 105.35
3758 105.35
3759 105.35
3760 105.35
3761 105.45
3762 105.5
3763 105.5
3764 105.5
3765 105.55
3766 105.55
3767 105.55
3768 105.6
3769 105.6
3770 105.6
3771 105.6
3772 105.6
3773 105.65
3774 105.65
3775 105.65
3776 105.7
3777 105.7
3778 105.7
3779 105.75
3780 105.8
3781 105.8
3782 105.8
3783 105.8
3784 105.85
3785 105.85
3786 105.9
3787 105.9
3788 105.9
3789 105.9
3790 105.9
3791 105.9
3792 105.9
3793 105.9
3794 105.95
3795 105.95
3796 106.05
3797 106.05
3798 106.05
3799 106.05
3800 106.05
3801 106.05
3802 106.05
3803 106.05
3804 106.05
3805 106.05
3806 106.1
3807 106.1
3808 106.1
3809 106.1
3810 106.1
3811 106.1
3812 106.1
3813 106.1
3814 106.1
3815 106.1
3816 106.15
3817 106.15
3818 106.2
3819 106.25
3820 106.25
3821 106.25
3822 106.25
3823 106.25
3824 106.25
3825 106.3
3826 106.3
3827 106.4
3828 106.4
3829 106.4
3830 106.4
3831 106.4
3832 106.4
3833 106.45
3834 106.5
3835 106.5
3836 106.5
3837 106.5
3838 106.7
3839 106.75
3840 106.75
3841 106.75
3842 106.75
3843 106.75
3844 106.75
3845 106.75
3846 106.75
3847 106.75
3848 106.75
3849 106.75
3850 106.75
3851 106.75
3852 106.8
3853 106.8
3854 106.8
3855 106.85
3856 106.85
3857 106.85
3858 106.9
3859 106.9
3860 106.9
3861 106.9
3862 106.9
3863 106.9
3864 106.9
3865 106.9
3866 106.9
3867 106.95
3868 106.95
3869 106.95
3870 106.95
3871 106.95
3872 106.95
3873 107.05
3874 107.05
3875 107.1
3876 107.2
3877 107.2
3878 107.25
3879 107.25
3880 107.25
3881 107.25
3882 107.25
3883 107.25
3884 107.25
3885 107.25
3886 107.25
3887 107.25
3888 107.25
3889 107.3
3890 107.3
3891 107.3
3892 107.35
3893 107.35
3894 107.35
3895 107.4
3896 107.4
3897 107.4
3898 107.4
3899 107.4
3900 107.4
3901 107.4
3902 107.45
3903 107.45
3904 107.45
3905 107.45
3906 107.5
3907 107.5
3908 107.6
3909 107.65
3910 107.65
3911 107.65
3912 107.65
3913 107.65
3914 107.65
3915 107.65
3916 107.65
3917 107.65
3918 107.65
3919 107.65
3920 107.65
3921 107.65
3922 107.65
3923 107.65
3924 107.65
3925 107.7
3926 107.75
3927 107.75
3928 107.8
3929 107.8
3930 107.8
3931 107.8
3932 107.8
3933 107.8
3934 107.8
3935 107.85
3936 107.85
3937 107.85
3938 107.9
3939 107.9
3940 107.9
3941 108.05
3942 108.05
3943 108.05
3944 108.05
3945 108.1
3946 108.3
3947 108.3
3948 108.3
3949 108.3
3950 108.35
3951 108.35
3952 108.35
3953 108.35
3954 108.35
3955 108.35
3956 108.35
3957 108.45
3958 108.5
3959 108.5
3960 108.5
3961 108.5
3962 108.55
3963 108.6
3964 108.65
3965 108.65
3966 108.65
3967 108.65
3968 108.65
3969 108.7
3970 108.7
3971 108.8
3972 108.8
3973 108.8
3974 108.8
3975 108.8
3976 108.8
3977 108.8
3978 108.95
3979 109.0
3980 109.0
3981 109.05
3982 109.05
3983 109.05
3984 109.2
3985 109.2
3986 109.25
3987 109.35
3988 109.35
3989 109.35
3990 109.35
3991 109.35
3992 109.4
3993 109.4
3994 109.4
3995 109.6
3996 109.7
3997 109.7
3998 109.7
3999 109.7
4000 109.8
4001 109.8
4002 109.8
4003 109.8
4004 109.8
4005 109.8
4006 109.8
4007 109.8
4008 109.8
4009 109.8
4010 109.8
4011 109.8
4012 109.8
4013 109.8
4014 109.8
4015 109.8
4016 109.8
4017 109.8
4018 109.8
4019 109.85
4020 109.85
4021 109.85
4022 109.9
4023 109.9
4024 109.9
4025 109.95
4026 110.05
4027 110.05
4028 110.05
4029 110.05
4030 110.05
4031 110.1
4032 110.1
4033 110.1
4034 110.1
4035 110.1
4036 110.15
4037 110.15
4038 110.2
4039 110.2
4040 110.2
4041 110.2
4042 110.2
4043 110.2
4044 110.2
4045 110.2
4046 110.3
4047 110.3
4048 110.45
4049 110.45
4050 110.55
4051 110.55
4052 110.6
4053 110.6
4054 110.6
4055 110.6
4056 110.6
4057 110.65
4058 110.65
4059 110.65
4060 110.65
4061 110.65
4062 110.65
4063 110.65
4064 110.7
4065 110.9
4066 110.95
4067 110.95
4068 111.0
4069 111.0
4070 111.0
4071 111.0
4072 111.0
4073 111.05
4074 111.1
4075 111.1
4076 111.1
4077 111.1
4078 111.1
4079 111.25
4080 111.3
4081 111.3
4082 111.3
4083 111.3
4084 111.35
4085 111.35
4086 111.35
4087 111.35
4088 111.35
4089 111.35
4090 111.35
4091 111.35
4092 111.35
4093 111.35
4094 111.35
4095 111.4
4096 111.4
4097 111.4
4098 111.45
4099 111.45
4100 111.45
4101 111.45
4102 111.45
4103 111.45
4104 111.45
4105 111.45
4106 111.45
4107 111.45
4108 111.45
4109 111.5
4110 111.5
4111 111.55
4112 111.55
4113 111.6
4114 111.6
4115 111.6
4116 111.65
4117 111.65
4118 111.65
4119 111.65
4120 111.8
4121 111.8
4122 111.8
4123 111.85
4124 111.85
4125 111.95
4126 111.95
4127 112.0
4128 112.0
4129 112.05
4130 112.1
4131 112.1
4132 112.1
4133 112.1
4134 112.15
4135 112.15
4136 112.2
4137 112.25
4138 112.3
4139 112.3
4140 112.3
4141 112.35
4142 112.35
4143 112.35
4144 112.35
4145 112.35
4146 112.35
4147 112.35
4148 112.35
4149 112.35
4150 112.35
4151 112.4
4152 112.45
4153 112.45
4154 112.45
4155 112.45
4156 112.45
4157 112.45
4158 112.5
4159 112.5
4160 112.5
4161 112.5
4162 112.5
4163 112.55
4164 112.65
4165 112.65
4166 112.65
4167 112.65
4168 112.65
4169 112.65
4170 112.65
4171 112.7
4172 112.7
4173 112.7
4174 112.75
4175 112.75
4176 112.85
4177 112.85
4178 112.95
4179 112.95
4180 112.95
4181 112.95
4182 112.95
4183 112.95
4184 112.95
4185 113.0
4186 113.1
4187 113.15
4188 113.15
4189 113.15
4190 113.15
4191 113.15
4192 113.2
4193 113.2
4194 113.2
4195 113.2
4196 113.2
4197 113.2
4198 113.3
4199 113.3
4200 113.3
4201 113.35
4202 113.35
4203 113.35
4204 113.35
4205 113.35
4206 113.4
4207 113.4
4208 113.55
4209 113.55
4210 113.55
4211 113.55
4212 113.55
4213 113.55
4214 113.65
4215 113.65
4216 113.7
4217 113.85
4218 113.85
4219 113.85
4220 113.85
4221 113.85
4222 113.9
4223 113.9
4224 113.9
4225 113.95
4226 113.95
4227 113.95
4228 113.95
4229 113.95
4230 113.95
4231 113.95
4232 113.95
4233 113.95
4234 114.05
4235 114.05
4236 114.15
4237 114.2
4238 114.2
4239 114.2
4240 114.2
4241 114.25
4242 114.25
4243 114.3
4244 114.3
4245 114.3
4246 114.3
4247 114.3
4248 114.35
4249 114.35
4250 114.35
4251 114.35
4252 114.35
4253 114.4
4254 114.4
4255 114.4
4256 114.4
4257 114.4
4258 114.5
4259 114.55
4260 114.55
4261 114.6
4262 114.6
4263 114.6
4264 114.65
4265 114.65
4266 114.65
4267 114.7
4268 114.75
4269 114.75
4270 114.75
4271 114.8
4272 114.8
4273 114.8
4274 114.8
4275 114.8
4276 114.8
4277 114.85
4278 114.85
4279 114.95
4280 114.95
4281 115.0
4282 115.0
4283 115.1
4284 115.1
4285 115.15
4286 115.2
4287 115.2
4288 115.2
4289 115.25
4290 115.25
4291 115.25
4292 115.3
4293 115.3
4294 115.3
4295 115.3
4296 115.3
4297 115.3
4298 115.45
4299 115.5
4300 115.5
4301 115.5
4302 115.5
4303 115.5
4304 115.5
4305 115.5
4306 115.5
4307 115.5
4308 115.55
4309 115.6
4310 115.65
4311 115.7
4312 115.7
4313 115.7
4314 115.7
4315 115.7
4316 115.7
4317 115.75
4318 115.75
4319 115.75
4320 115.75
4321 115.75
4322 115.75
4323 115.8
4324 115.8
4325 115.8
4326 115.85
4327 115.95
4328 115.95
4329 115.95
4330 115.95
4331 116.0
4332 116.0
4333 116.0
4334 116.05
4335 116.05
4336 116.05
4337 116.05
4338 116.1
4339 116.1
4340 116.1
4341 116.1
4342 116.1
4343 116.2
4344 116.2
4345 116.2
4346 116.2
4347 116.2
4348 116.2
4349 116.2
4350 116.2
4351 116.25
4352 116.25
4353 116.35
4354 116.35
4355 116.35
4356 116.4
4357 116.4
4358 116.4
4359 116.5
4360 116.5
4361 116.5
4362 116.5
4363 116.5
4364 116.5
4365 116.5
4366 116.5
4367 116.5
4368 116.5
4369 116.5
4370 116.5
4371 116.5
4372 116.5
4373 116.5
4374 116.55
4375 116.55
4376 116.6
4377 116.7
4378 116.7
4379 116.7
4380 116.7
4381 116.7
4382 116.7
4383 116.7
4384 116.7
4385 116.7
4386 116.7
4387 116.7
4388 116.8
4389 116.8
4390 116.8
4391 116.8
4392 116.8
4393 116.85
4394 116.85
4395 116.85
4396 116.85
4397 116.85
4398 116.85
4399 116.9
4400 116.9
4401 116.95
4402 116.95
4403 116.95
4404 116.95
4405 117.0
4406 117.0
4407 117.0
4408 117.0
4409 117.05
4410 117.1
4411 117.1
4412 117.1
4413 117.1
4414 117.2
4415 117.2
4416 117.2
4417 117.25
4418 117.25
4419 117.25
4420 117.3
4421 117.3
4422 117.35
4423 117.35
4424 117.35
4425 117.35
4426 117.35
4427 117.35
4428 117.35
4429 117.4
4430 117.5
4431 117.55
4432 117.55
4433 117.65
4434 117.7
4435 117.7
4436 117.8
4437 117.8
4438 117.8
4439 117.8
4440 117.85
4441 117.85
4442 117.85
4443 117.9
4444 117.9
4445 117.95
4446 117.95
4447 117.95
4448 117.95
4449 117.95
4450 117.95
4451 118.0
4452 118.0
4453 118.0
4454 118.0
4455 118.05
4456 118.05
4457 118.05
4458 118.05
4459 118.05
4460 118.05
4461 118.05
4462 118.05
4463 118.05
4464 118.1
4465 118.1
4466 118.1
4467 118.15
4468 118.15
4469 118.15
4470 118.15
4471 118.2
4472 118.3
4473 118.3
4474 118.3
4475 118.4
4476 118.4
4477 118.4
4478 118.45
4479 118.45
4480 118.45
4481 118.45
4482 118.55
4483 118.55
4484 118.6
4485 118.7
4486 118.85
4487 118.85
4488 118.9
4489 118.95
4490 118.95
4491 119.0
4492 119.0
4493 119.0
4494 119.15
4495 119.2
4496 119.2
4497 119.2
4498 119.25
4499 119.25
4500 119.35
4501 119.35
4502 119.35
4503 119.35
4504 119.35
4505 119.35
4506 119.35
4507 119.35
4508 119.35
4509 119.35
4510 119.4
4511 119.4
4512 119.4
4513 119.5
4514 119.5
4515 119.55
4516 119.55
4517 119.55
4518 119.55
4519 119.55
4520 119.55
4521 119.55
4522 119.55
4523 119.55
4524 119.55
4525 119.7
4526 119.7
4527 119.7
4528 119.7
4529 119.7
4530 119.7
4531 119.7
4532 119.85
4533 119.9
4534 119.9
4535 119.9
4536 119.9
4537 119.95
4538 120.0
4539 120.05
4540 120.05
4541 120.05
4542 120.05
4543 120.05
4544 120.05
4545 120.05
4546 120.05
4547 120.25
4548 120.3
4549 120.3
4550 120.35
4551 120.35
4552 120.35
4553 120.35
4554 120.35
4555 120.35
4556 120.45
4557 120.45
4558 120.45
4559 120.45
4560 120.5
4561 120.5
4562 120.5
4563 120.55
4564 120.6
4565 120.6
4566 120.65
4567 120.65
4568 120.7
4569 120.7
4570 120.7
4571 120.75
4572 120.75
4573 120.75
4574 120.75
4575 120.75
4576 120.75
4577 120.8
4578 120.8
4579 120.8
4580 120.8
4581 120.8
4582 120.85
4583 120.9
4584 121.0
4585 121.0
4586 121.0
4587 121.05
4588 121.05
4589 121.05
4590 121.05
4591 121.05
4592 121.05
4593 121.2
4594 121.2
4595 121.2
4596 121.2
4597 121.2
4598 121.2
4599 121.2
4600 121.2
4601 121.2
4602 121.2
4603 121.25
4604 121.3
4605 121.3
4606 121.3
4607 121.3
4608 121.3
4609 121.3
4610 121.35
4611 121.35
4612 121.35
4613 121.35
4614 121.35
4615 121.35
4616 121.35
4617 121.35
4618 121.4
4619 121.4
4620 121.4
4621 121.5
4622 121.5
4623 121.5
4624 121.5
4625 121.5
4626 121.55
4627 121.55
4628 121.6
4629 121.6
4630 121.6
4631 121.6
4632 121.6
4633 121.6
4634 121.7
4635 121.7
4636 121.7
4637 121.7
4638 121.7
4639 121.7
4640 121.75
4641 121.75
4642 121.75
4643 121.8
4644 121.8
4645 121.85
4646 121.85
4647 121.95
4648 122.05
4649 122.05
4650 122.05
4651 122.05
4652 122.1
4653 122.1
4654 122.1
4655 122.1
4656 122.1
4657 122.15
4658 122.2
4659 122.2
4660 122.2
4661 122.2
4662 122.2
4663 122.2
4664 122.2
4665 122.2
4666 122.25
4667 122.3
4668 122.35
4669 122.45
4670 122.45
4671 122.45
4672 122.65
4673 122.7
4674 122.7
4675 122.7
4676 122.7
4677 122.7
4678 122.7
4679 122.7
4680 122.7
4681 122.7
4682 122.7
4683 122.75
4684 122.75
4685 122.75
4686 122.8
4687 122.8
4688 122.8
4689 122.85
4690 122.85
4691 122.85
4692 122.85
4693 122.85
4694 122.85
4695 122.85
4696 122.85
4697 122.85
4698 122.85
4699 122.85
4700 122.85
4701 122.85
4702 123.0
4703 123.0
4704 123.0
4705 123.0
4706 123.0
4707 123.0
4708 123.0
4709 123.0
4710 123.0
4711 123.0
4712 123.0
4713 123.0
4714 123.0
4715 123.0
4716 123.05
4717 123.1
4718 123.15
4719 123.2
4720 123.2
4721 123.2
4722 123.2
4723 123.25
4724 123.25
4725 123.25
4726 123.25
4727 123.25
4728 123.25
4729 123.25
4730 123.25
4731 123.3
4732 123.3
4733 123.3
4734 123.3
4735 123.3
4736 123.35
4737 123.45
4738 123.55
4739 123.55
4740 123.55
4741 123.55
4742 123.55
4743 123.55
4744 123.55
4745 123.55
4746 123.55
4747 123.55
4748 123.55
4749 123.55
4750 123.65
4751 123.65
4752 123.7
4753 123.7
4754 123.75
4755 123.75
4756 123.75
4757 123.75
4758 123.75
4759 123.75
4760 123.8
4761 123.85
4762 123.85
4763 123.85
4764 123.85
4765 123.9
4766 123.95
4767 123.95
4768 123.95
4769 124.0
4770 124.05
4771 124.05
4772 124.05
4773 124.1
4774 124.1
4775 124.1
4776 124.15
4777 124.2
4778 124.2
4779 124.2
4780 124.2
4781 124.2
4782 124.2
4783 124.2
4784 124.2
4785 124.2
4786 124.2
4787 124.2
4788 124.2
4789 124.2
4790 124.2
4791 124.2
4792 124.2
4793 124.2
4794 124.25
4795 124.35
4796 124.35
4797 124.35
4798 124.35
4799 124.35
4800 124.45
4801 124.45
4802 124.45
4803 124.45
4804 124.45
4805 124.45
4806 124.45
4807 124.45
4808 124.45
4809 124.45
4810 124.5
4811 124.55
4812 124.55
4813 124.55
4814 124.55
4815 124.55
4816 124.55
4817 124.55
4818 124.55
4819 124.55
4820 124.6
4821 124.65
4822 124.65
4823 124.7
4824 124.75
4825 124.75
4826 124.75
4827 124.75
4828 124.75
4829 124.75
4830 124.75
4831 124.8
4832 124.8
4833 124.9
4834 124.9
4835 124.9
4836 124.95
4837 124.95
4838 124.95
4839 124.95
4840 125.0
4841 125.0
4842 125.0
4843 125.0
4844 125.0
4845 125.0
4846 125.0
4847 125.0
4848 125.1
4849 125.15
4850 125.15
4851 125.15
4852 125.15
4853 125.15
4854 125.15
4855 125.15
4856 125.15
4857 125.15
4858 125.15
4859 125.15
4860 125.15
4861 125.15
4862 125.2
4863 125.2
4864 125.25
4865 125.25
4866 125.25
4867 125.25
4868 125.25
4869 125.25
4870 125.25
4871 125.25
4872 125.25
4873 125.25
4874 125.25
4875 125.25
4876 125.3
4877 125.35
4878 125.35
4879 125.35
4880 125.4
4881 125.4
4882 125.4
4883 125.4
4884 125.4
4885 125.55
4886 125.55
4887 125.6
4888 125.6
4889 125.65
4890 125.65
4891 125.65
4892 125.75
4893 125.75
4894 125.8
4895 125.8
4896 125.8
4897 125.85
4898 125.85
4899 125.9
4900 125.9
4901 125.9
4902 125.95
4903 125.95
4904 126.05
4905 126.05
4906 126.05
4907 126.05
4908 126.05
4909 126.05
4910 126.1
4911 126.1
4912 126.1
4913 126.1
4914 126.1
4915 126.1
4916 126.1
4917 126.1
4918 126.1
4919 126.1
4920 126.1
4921 126.15
4922 126.15
4923 126.15
4924 126.15
4925 126.15
4926 126.15
4927 126.15
4928 126.15
4929 126.15
4930 126.2
4931 126.2
4932 126.2
4933 126.25
4934 126.3
4935 126.35
4936 126.4
4937 126.4
4938 126.45
4939 126.55
4940 126.55
4941 126.55
4942 126.7
4943 126.7
4944 126.7
4945 126.7
4946 126.7
4947 126.7
4948 126.7
4949 126.7
4950 126.7
4951 126.7
4952 126.75
4953 126.75
4954 126.75
4955 126.75
4956 126.75
4957 126.75
4958 126.75
4959 126.9
4960 126.9
4961 126.95
4962 126.95
4963 126.95
4964 126.95
4965 126.95
4966 126.95
4967 126.95
4968 127.15
4969 127.15
4970 127.15
4971 127.15
4972 127.2
4973 127.25
4974 127.25
4975 127.3
4976 127.3
4977 127.3
4978 127.3
4979 127.3
4980 127.3
4981 127.35
4982 127.35
4983 127.35
4984 127.35
4985 127.35
4986 127.45
4987 127.45
4988 127.45
4989 127.45
4990 127.45
4991 127.5
4992 127.5
4993 127.5
4994 127.5
4995 127.5
4996 127.55
4997 127.55
4998 127.55
4999 127.55
5000 127.55
5001 127.55
5002 127.65
5003 127.7
5004 127.7
5005 127.7
5006 127.75
5007 127.75
5008 127.75
5009 127.75
5010 127.75
5011 127.75
5012 127.8
5013 127.85
5014 127.85
5015 127.85
5016 127.85
5017 127.85
5018 127.85
5019 127.85
5020 127.85
5021 127.85
5022 127.85
5023 127.9
5024 127.9
5025 127.9
5026 127.9
5027 127.9
5028 127.9
5029 127.9
5030 127.95
5031 128.0
5032 128.0
5033 128.0
5034 128.0
5035 128.05
5036 128.15
5037 128.15
5038 128.15
5039 128.15
5040 128.2
5041 128.2
5042 128.2
5043 128.25
5044 128.25
5045 128.3
5046 128.3
5047 128.3
5048 128.35
5049 128.35
5050 128.35
5051 128.35
5052 128.35
5053 128.35
5054 128.35
5055 128.35
5056 128.35
5057 128.35
5058 128.4
5059 128.4
5060 128.4
5061 128.4
5062 128.4
5063 128.4
5064 128.4
5065 128.45
5066 128.45
5067 128.5
5068 128.5
5069 128.5
5070 128.55
5071 128.6
5072 128.6
5073 128.65
5074 128.65
5075 128.65
5076 128.65
5077 128.65
5078 128.7
5079 128.7
5080 128.7
5081 128.7
5082 128.7
5083 128.7
5084 128.7
5085 128.7
5086 128.7
5087 128.7
5088 128.75
5089 128.75
5090 128.9
5091 128.9
5092 128.95
5093 128.95
5094 128.95
5095 128.95
5096 128.95
5097 129.05
5098 129.15
5099 129.15
5100 129.15
5101 129.2
5102 129.2
5103 129.2
5104 129.2
5105 129.2
5106 129.2
5107 129.2
5108 129.2
5109 129.3
5110 129.4
5111 129.4
5112 129.4
5113 129.45
5114 129.5
5115 129.5
5116 129.5
5117 129.5
5118 129.5
5119 129.55
5120 129.55
5121 129.55
5122 129.55
5123 129.55
5124 129.55
5125 129.55
5126 129.55
5127 129.55
5128 129.55
5129 129.6
5130 129.7
5131 129.7
5132 129.75
5133 129.8
5134 129.85
5135 129.85
5136 129.85
5137 129.85
5138 129.85
5139 129.85
5140 129.85
5141 129.85
5142 129.85
5143 129.85
5144 129.85
5145 129.85
5146 129.85
5147 129.9
5148 129.9
5149 129.9
5150 129.9
5151 129.95
5152 130.0
5153 130.0
5154 130.05
5155 130.05
5156 130.05
5157 130.1
5158 130.1
5159 130.1
5160 130.2
5161 130.2
5162 130.25
5163 130.35
5164 130.35
5165 130.4
5166 130.45
5167 130.45
5168 130.45
5169 130.45
5170 130.45
5171 130.5
5172 130.55
5173 130.55
5174 130.55
5175 130.55
5176 130.55
5177 130.55
5178 130.55
5179 130.55
5180 130.55
5181 130.55
5182 130.6
5183 130.6
5184 130.6
5185 130.6
5186 130.6
5187 130.65
5188 130.65
5189 130.65
5190 130.65
5191 130.65
5192 130.7
5193 130.75
5194 130.75
5195 130.8
5196 130.8
5197 130.8
5198 130.8
5199 130.8
5200 130.85
5201 130.85
5202 130.85
5203 130.85
5204 130.85
5205 130.85
5206 130.85
5207 130.85
5208 130.85
5209 130.85
5210 130.95
5211 130.95
5212 131.05
5213 131.05
5214 131.05
5215 131.1
5216 131.1
5217 131.1
5218 131.15
5219 131.15
5220 131.15
5221 131.15
5222 131.2
5223 131.2
5224 131.2
5225 131.2
5226 131.2
5227 131.2
5228 131.2
5229 131.25
5230 131.25
5231 131.3
5232 131.3
5233 131.35
5234 131.35
5235 131.4
5236 131.4
5237 131.4
5238 131.4
5239 131.4
5240 131.4
5241 131.45
5242 131.5
5243 131.55
5244 131.55
5245 131.55
5246 131.55
5247 131.55
5248 131.55
5249 131.6
5250 131.6
5251 131.6
5252 131.6
5253 131.6
5254 131.65
5255 131.65
5256 131.65
5257 131.65
5258 131.8
5259 131.8
5260 131.85
5261 131.85
5262 131.85
5263 131.85
5264 131.9
5265 131.9
5266 131.9
5267 131.9
5268 131.9
5269 131.9
5270 131.9
5271 131.9
5272 131.9
5273 131.9
5274 131.9
5275 131.9
5276 131.9
5277 131.9
5278 131.9
5279 131.9
5280 132.0
5281 132.0
5282 132.0
5283 132.0
5284 132.05
5285 132.05
5286 132.1
5287 132.1
5288 132.1
5289 132.1
5290 132.1
5291 132.1
5292 132.15
5293 132.15
5294 132.15
5295 132.15
5296 132.15
5297 132.15
5298 132.15
5299 132.25
5300 132.25
5301 132.25
5302 132.3
5303 132.35
5304 132.45
5305 132.45
5306 132.45
5307 132.5
5308 132.55
5309 132.6
5310 132.6
5311 132.6
5312 132.6
5313 132.6
5314 132.6
5315 132.65
5316 132.65
5317 132.7
5318 132.75
5319 132.75
5320 132.75
5321 132.8
5322 132.8
5323 132.85
5324 132.85
5325 132.85
5326 132.95
5327 132.95
5328 132.95
5329 132.95
5330 132.95
5331 132.95
5332 133.0
5333 133.0
5334 133.0
5335 133.05
5336 133.05
5337 133.1
5338 133.1
5339 133.15
5340 133.15
5341 133.15
5342 133.15
5343 133.15
5344 133.2
5345 133.2
5346 133.25
5347 133.25
5348 133.25
5349 133.25
5350 133.3
5351 133.3
5352 133.3
5353 133.3
5354 133.3
5355 133.3
5356 133.35
5357 133.35
5358 133.35
5359 133.4
5360 133.4
5361 133.4
5362 133.45
5363 133.45
5364 133.45
5365 133.45
5366 133.5
5367 133.5
5368 133.5
5369 133.5
5370 133.5
5371 133.5
5372 133.5
5373 133.5
5374 133.6
5375 133.6
5376 133.6
5377 133.6
5378 133.6
5379 133.6
5380 133.65
5381 133.65
5382 133.7
5383 133.7
5384 133.7
5385 133.7
5386 133.7
5387 133.7
5388 133.7
5389 133.7
5390 133.7
5391 133.7
5392 133.7
5393 133.7
5394 133.7
5395 133.7
5396 133.7
5397 133.7
5398 133.75
5399 133.75
5400 133.75
5401 133.75
5402 133.75
5403 133.75
5404 133.75
5405 133.75
5406 133.75
5407 133.75
5408 133.75
5409 133.75
5410 133.75
5411 133.8
5412 133.8
5413 133.8
5414 133.8
5415 133.8
5416 133.8
5417 133.8
5418 133.8
5419 133.8
5420 133.85
5421 134.05
5422 134.05
5423 134.05
5424 134.05
5425 134.05
5426 134.05
5427 134.15
5428 134.15
5429 134.15
5430 134.15
5431 134.15
5432 134.15
5433 134.15
5434 134.15
5435 134.15
5436 134.15
5437 134.15
5438 134.15
5439 134.15
5440 134.15
5441 134.15
5442 134.15
5443 134.15
5444 134.15
5445 134.3
5446 134.3
5447 134.35
5448 134.35
5449 134.35
5450 134.35
5451 134.35
5452 134.35
5453 134.35
5454 134.35
5455 134.35
5456 134.35
5457 134.35
5458 134.4
5459 134.45
5460 134.45
5461 134.45
5462 134.45
5463 134.45
5464 134.45
5465 134.45
5466 134.45
5467 134.45
5468 134.5
5469 134.5
5470 134.5
5471 134.55
5472 134.6
5473 134.6
5474 134.6
5475 134.65
5476 134.65
5477 134.8
5478 134.85
5479 134.9
5480 134.95
5481 134.95
5482 135.0
5483 135.0
5484 135.0
5485 135.0
5486 135.0
5487 135.0
5488 135.0
5489 135.0
5490 135.0
5491 135.05
5492 135.1
5493 135.1
5494 135.1
5495 135.1
5496 135.1
5497 135.1
5498 135.15
5499 135.15
5500 135.15
5501 135.15
5502 135.15
5503 135.15
5504 135.15
5505 135.2
5506 135.2
5507 135.25
5508 135.25
5509 135.25
5510 135.35
5511 135.35
5512 135.35
5513 135.35
5514 135.35
5515 135.4
5516 135.4
5517 135.45
5518 135.45
5519 135.45
5520 135.45
5521 135.45
5522 135.5
5523 135.5
5524 135.5
5525 135.5
5526 135.55
5527 135.55
5528 135.55
5529 135.55
5530 135.55
5531 135.65
5532 135.7
5533 135.7
5534 135.75
5535 135.75
5536 135.75
5537 135.75
5538 135.75
5539 135.75
5540 135.75
5541 135.8
5542 135.8
5543 135.85
5544 135.85
5545 135.9
5546 135.9
5547 135.9
5548 135.9
5549 135.9
5550 135.9
5551 135.9
5552 135.9
5553 135.9
5554 135.9
5555 135.9
5556 135.9
5557 135.9
5558 136.0
5559 136.0
5560 136.0
5561 136.0
5562 136.05
5563 136.05
5564 136.05
5565 136.05
5566 136.05
5567 136.05
5568 136.1
5569 136.1
5570 136.1
5571 136.1
5572 136.1
5573 136.1
5574 136.1
5575 136.1
5576 136.1
5577 136.1
5578 136.1
5579 136.2
5580 136.2
5581 136.2
5582 136.2
5583 136.25
5584 136.35
5585 136.35
5586 136.35
5587 136.4
5588 136.4
5589 136.4
5590 136.4
5591 136.45
5592 136.45
5593 136.45
5594 136.45
5595 136.45
5596 136.45
5597 136.5
5598 136.5
5599 136.55
5600 136.6
5601 136.6
5602 136.6
5603 136.7
5604 136.75
5605 136.75
5606 136.75
5607 136.8
5608 136.85
5609 136.85
5610 136.85
5611 136.9
5612 136.9
5613 136.9
5614 136.9
5615 136.9
5616 136.95
5617 136.95
5618 137.0
5619 137.0
5620 137.0
5621 137.0
5622 137.0
5623 137.05
5624 137.05
5625 137.05
5626 137.1
5627 137.1
5628 137.1
5629 137.1
5630 137.1
5631 137.1
5632 137.1
5633 137.1
5634 137.1
5635 137.1
5636 137.15
5637 137.15
5638 137.15
5639 137.15
5640 137.15
5641 137.25
5642 137.25
5643 137.25
5644 137.25
5645 137.25
5646 137.3
5647 137.3
5648 137.3
5649 137.3
5650 137.3
5651 137.3
5652 137.3
5653 137.3
5654 137.3
5655 137.3
5656 137.3
5657 137.3
5658 137.35
5659 137.35
5660 137.35
5661 137.35
5662 137.35
5663 137.45
5664 137.45
5665 137.45
5666 137.5
5667 137.5
5668 137.5
5669 137.5
5670 137.5
5671 137.5
5672 137.5
5673 137.5
5674 137.5
5675 137.5
5676 137.5
5677 137.5
5678 137.5
5679 137.5
5680 137.5
5681 137.5
5682 137.5
5683 137.55
5684 137.6
5685 137.65
5686 137.65
5687 137.75
5688 137.8
5689 137.8
5690 137.8
5691 137.8
5692 137.8
5693 137.8
5694 137.8
5695 137.8
5696 137.8
5697 137.9
5698 137.9
5699 137.9
5700 137.9
5701 137.9
5702 137.9
5703 137.9
5704 137.9
5705 137.95
5706 137.95
5707 137.95
5708 137.95
5709 137.95
5710 137.95
5711 137.95
5712 137.95
5713 137.95
5714 137.95
5715 138.0
5716 138.05
5717 138.05
5718 138.05
5719 138.05
5720 138.1
5721 138.1
5722 138.15
5723 138.15
5724 138.15
5725 138.15
5726 138.15
5727 138.15
5728 138.2
5729 138.2
5730 138.25
5731 138.3
5732 138.3
5733 138.3
5734 138.3
5735 138.3
5736 138.3
5737 138.3
5738 138.3
5739 138.35
5740 138.35
5741 138.35
5742 138.35
5743 138.35
5744 138.35
5745 138.4
5746 138.4
5747 138.5
5748 138.5
5749 138.55
5750 138.55
5751 138.55
5752 138.6
5753 138.6
5754 138.6
5755 138.6
5756 138.6
5757 138.6
5758 138.6
5759 138.6
5760 138.7
5761 138.8
5762 138.8
5763 138.85
5764 138.85
5765 138.9
5766 138.9
5767 138.95
5768 139.0
5769 139.0
5770 139.05
5771 139.1
5772 139.1
5773 139.15
5774 139.2
5775 139.2
5776 139.2
5777 139.2
5778 139.2
5779 139.25
5780 139.25
5781 139.25
5782 139.25
5783 139.25
5784 139.35
5785 139.35
5786 139.35
5787 139.35
5788 139.35
5789 139.4
5790 139.4
5791 139.45
5792 139.45
5793 139.45
5794 139.45
5795 139.45
5796 139.5
5797 139.55
5798 139.6
5799 139.65
5800 139.65
5801 139.65
5802 139.65
5803 139.65
5804 139.65
5805 139.65
5806 139.75
5807 139.75
5808 139.75
5809 139.75
5810 139.75
5811 139.75
5812 139.75
5813 139.75
5814 139.8
5815 139.8
5816 139.8
5817 139.8
5818 139.8
5819 139.8
5820 139.8
5821 139.8
5822 139.85
5823 139.9
5824 139.9
5825 139.95
5826 139.95
5827 139.95
5828 139.95
5829 139.95
5830 139.95
5831 140.0
5832 140.0
5833 140.0
5834 140.0
5835 140.05
5836 140.05
5837 140.05
5838 140.05
5839 140.05
5840 140.05
5841 140.1
5842 140.1
5843 140.1
5844 140.1
5845 140.1
5846 140.1
5847 140.15
5848 140.15
5849 140.15
5850 140.15
5851 140.15
5852 140.15
5853 140.15
5854 140.15
5855 140.2
5856 140.2
5857 140.2
5858 140.2
5859 140.25
5860 140.25
5861 140.3
5862 140.3
5863 140.3
5864 140.3
5865 140.35
5866 140.4
5867 140.4
5868 140.4
5869 140.45
5870 140.45
5871 140.45
5872 140.5
5873 140.5
5874 140.5
5875 140.5
5876 140.5
5877 140.5
5878 140.6
5879 140.6
5880 140.6
5881 140.6
5882 140.6
5883 140.65
5884 140.65
5885 140.65
5886 140.65
5887 140.65
5888 140.65
5889 140.65
5890 140.65
5891 140.65
5892 140.65
5893 140.65
5894 140.65
5895 140.65
5896 140.65
5897 140.7
5898 140.7
5899 140.75
5900 140.75
5901 140.8
5902 140.8
5903 140.8
5904 140.9
5905 140.9
5906 140.9
5907 140.9
5908 140.9
5909 140.9
5910 141.0
5911 141.0
5912 141.0
5913 141.0
5914 141.0
5915 141.0
5916 141.0
5917 141.0
5918 141.1
5919 141.15
5920 141.15
5921 141.15
5922 141.15
5923 141.2
5924 141.2
5925 141.2
5926 141.25
5927 141.25
5928 141.25
5929 141.25
5930 141.25
5931 141.25
5932 141.25
5933 141.25
5934 141.25
5935 141.25
5936 141.25
5937 141.25
5938 141.25
5939 141.25
5940 141.3
5941 141.3
5942 141.3
5943 141.3
5944 141.3
5945 141.3
5946 141.3
5947 141.3
5948 141.3
5949 141.3
5950 141.3
5951 141.3
5952 141.3
5953 141.35
5954 141.35
5955 141.35
5956 141.35
5957 141.4
5958 141.4
5959 141.4
5960 141.4
5961 141.4
5962 141.4
5963 141.4
5964 141.4
5965 141.4
5966 141.4
5967 141.4
5968 141.4
5969 141.45
5970 141.45
5971 141.55
5972 141.55
5973 141.55
5974 141.55
5975 141.55
5976 141.55
5977 141.55
5978 141.55
5979 141.6
5980 141.65
5981 141.65
5982 141.65
5983 141.65
5984 141.65
5985 141.7
5986 141.7
5987 141.7
5988 141.7
5989 141.7
5990 141.75
5991 141.75
5992 141.75
5993 141.75
5994 141.75
5995 141.75
5996 141.85
5997 141.85
5998 141.85
5999 141.85
