#iterations fitness
0 0.0
1 0.0
2 0.0
3 0.3
4 0.65
5 0.75
6 1.05
7 1.15
8 1.15
9 1.15
10 1.25
11 1.25
12 1.25
13 1.55
14 1.9
15 1.9
16 1.9
17 1.95
18 1.95
19 2.0
20 2.0
21 2.0
22 2.2
23 2.2
24 2.45
25 2.45
26 2.45
27 2.45
28 2.55
29 2.55
30 2.55
31 2.75
32 2.85
33 2.85
34 2.85
35 2.85
36 3.0
37 3.05
38 3.05
39 3.05
40 3.05
41 3.05
42 3.2
43 3.2
44 3.25
45 3.3
46 3.3
47 3.3
48 3.3
49 3.3
50 3.3
51 3.3
52 3.3
53 3.3
54 3.3
55 3.3
56 3.3
57 3.3
58 3.4
59 3.4
60 3.4
61 3.4
62 3.4
63 3.4
64 3.45
65 3.45
66 3.45
67 3.45
68 3.45
69 3.45
70 3.45
71 3.45
72 3.45
73 3.45
74 3.45
75 3.45
76 3.45
77 3.6
78 3.6
79 3.6
80 3.6
81 3.6
82 3.65
83 3.65
84 3.65
85 3.65
86 3.65
87 3.75
88 3.75
89 3.8
90 3.8
91 3.8
92 3.8
93 3.8
94 3.8
95 3.85
96 3.85
97 3.85
98 3.85
99 3.85
100 4.05
101 4.1
102 4.2
103 4.3
104 4.4
105 4.45
106 4.45
107 4.45
108 4.45
109 4.45
110 4.45
111 4.45
112 4.45
113 4.5
114 4.5
115 4.5
116 4.5
117 4.55
118 4.7
119 4.7
120 4.75
121 4.75
122 4.8
123 4.85
124 4.85
125 4.85
126 4.85
127 4.85
128 4.85
129 4.95
130 5.15
131 5.2
132 5.35
133 5.4
134 5.4
135 5.4
136 5.5
137 5.55
138 5.65
139 5.65
140 5.65
141 5.65
142 5.65
143 5.7
144 5.7
145 5.85
146 5.9
147 5.95
148 6.05
149 6.05
150 6.1
151 6.15
152 6.2
153 6.25
154 6.25
155 6.25
156 6.25
157 6.25
158 6.25
159 6.25
160 6.35
161 6.35
162 6.5
163 6.5
164 6.5
165 6.5
166 6.7
167 6.7
168 6.7
169 6.7
170 6.7
171 6.7
172 6.7
173 6.85
174 6.9
175 6.9
176 6.9
177 6.9
178 7.2
179 7.2
180 7.25
181 7.25
182 7.3
183 7.3
184 7.3
185 7.3
186 7.35
187 7.4
188 7.4
189 7.5
190 7.5
191 7.5
192 7.55
193 7.55
194 7.55
195 7.55
196 7.55
197 7.65
198 7.85
199 7.85
200 7.95
201 7.95
202 7.95
203 7.95
204 7.95
205 7.95
206 7.95
207 7.95
208 7.95
209 8.0
210 8.0
211 8.05
212 8.1
213 8.15
214 8.15
215 8.15
216 8.15
217 8.15
218 8.2
219 8.2
220 8.2
221 8.2
222 8.2
223 8.3
224 8.4
225 8.45
226 8.45
227 8.5
228 8.5
229 8.5
230 8.5
231 8.6
232 8.6
233 8.65
234 8.65
235 8.65
236 8.65
237 8.75
238 8.85
239 8.95
240 8.95
241 8.95
242 8.95
243 8.95
244 8.95
245 8.95
246 9.1
247 9.1
248 9.1
249 9.15
250 9.15
251 9.3
252 9.35
253 9.35
254 9.5
255 9.5
256 9.5
257 9.55
258 9.6
259 9.6
260 9.6
261 9.6
262 9.65
263 9.65
264 9.7
265 9.7
266 9.7
267 9.95
268 10.1
269 10.1
270 10.1
271 10.1
272 10.1
273 10.1
274 10.1
275 10.2
276 10.2
277 10.35
278 10.5
279 10.5
280 10.5
281 10.5
282 10.5
283 10.5
284 10.5
285 10.5
286 10.55
287 10.8
288 10.8
289 10.8
290 10.85
291 10.95
292 10.95
293 10.95
294 11.0
295 11.0
296 11.0
297 11.05
298 11.05
299 11.1
300 11.1
301 11.1
302 11.15
303 11.15
304 11.15
305 11.15
306 11.15
307 11.15
308 11.15
309 11.15
310 11.15
311 11.15
312 11.15
313 11.15
314 11.15
315 11.15
316 11.15
317 11.15
318 11.15
319 11.25
320 11.25
321 11.25
322 11.25
323 11.25
324 11.35
325 11.35
326 11.35
327 11.35
328 11.4
329 11.5
330 11.5
331 11.55
332 11.75
333 11.75
334 11.75
335 11.85
336 11.85
337 11.85
338 11.9
339 11.9
340 11.9
341 11.9
342 11.9
343 11.95
344 12.0
345 12.05
346 12.05
347 12.1
348 12.1
349 12.25
350 12.25
351 12.25
352 12.25
353 12.3
354 12.35
355 12.4
356 12.45
357 12.55
358 12.75
359 12.75
360 12.75
361 12.75
362 12.8
363 12.8
364 12.8
365 12.8
366 12.95
367 13.1
368 13.1
369 13.1
370 13.15
371 13.15
372 13.2
373 13.2
374 13.2
375 13.3
376 13.3
377 13.4
378 13.4
379 13.45
380 13.45
381 13.7
382 13.75
383 13.75
384 13.8
385 13.85
386 13.9
387 13.95
388 13.95
389 14.1
390 14.1
391 14.1
392 14.15
393 14.15
394 14.15
395 14.15
396 14.15
397 14.15
398 14.15
399 14.15
400 14.2
401 14.2
402 14.2
403 14.2
404 14.2
405 14.3
406 14.3
407 14.3
408 14.3
409 14.3
410 14.4
411 14.4
412 14.4
413 14.4
414 14.5
415 14.5
416 14.5
417 14.55
418 14.55
419 14.6
420 14.8
421 14.85
422 14.85
423 15.05
424 15.05
425 15.1
426 15.1
427 15.15
428 15.2
429 15.25
430 15.3
431 15.3
432 15.35
433 15.35
434 15.35
435 15.35
436 15.5
437 15.55
438 15.6
439 15.6
440 15.7
441 15.7
442 15.75
443 15.75
444 15.75
445 15.8
446 16.1
447 16.1
448 16.15
449 16.15
450 16.15
451 16.2
452 16.2
453 16.2
454 16.2
455 16.2
456 16.2
457 16.2
458 16.2
459 16.25
460 16.25
461 16.35
462 16.35
463 16.45
464 16.45
465 16.45
466 16.45
467 16.5
468 16.55
469 16.55
470 16.6
471 16.7
472 16.7
473 16.7
474 16.7
475 16.7
476 16.8
477 16.8
478 16.8
479 16.85
480 16.85
481 16.85
482 16.85
483 16.85
484 17.0
485 17.0
486 17.0
487 17.05
488 17.05
489 17.05
490 17.05
491 17.05
492 17.05
493 17.05
494 17.05
495 17.2
496 17.3
497 17.3
498 17.35
499 17.4
500 17.45
501 17.55
502 17.55
503 17.55
504 17.6
505 17.6
506 17.65
507 17.65
508 17.65
509 17.7
510 17.7
511 17.7
512 17.7
513 17.9
514 17.9
515 17.9
516 17.95
517 17.95
518 17.95
519 17.95
520 17.95
521 18.05
522 18.05
523 18.05
524 18.1
525 18.1
526 18.15
527 18.15
528 18.2
529 18.2
530 18.2
531 18.25
532 18.25
533 18.25
534 18.25
535 18.3
536 18.3
537 18.35
538 18.35
539 18.35
540 18.4
541 18.4
542 18.4
543 18.45
544 18.5
545 18.5
546 18.5
547 18.5
548 18.5
549 18.5
550 18.5
551 18.6
552 18.6
553 18.6
554 18.6
555 18.6
556 18.7
557 18.7
558 18.8
559 18.8
560 18.9
561 18.9
562 18.9
563 19.0
564 19.15
565 19.15
566 19.2
567 19.25
568 19.25
569 19.25
570 19.35
571 19.45
572 19.55
573 19.55
574 19.55
575 19.55
576 19.55
577 19.55
578 19.55
579 19.55
580 19.6
581 19.7
582 19.7
583 19.7
584 19.8
585 19.85
586 19.9
587 19.95
588 19.95
589 19.95
590 20.1
591 20.15
592 20.2
593 20.3
594 20.3
595 20.45
596 20.45
597 20.45
598 20.45
599 20.45
600 20.45
601 20.5
602 20.5
603 20.5
604 20.5
605 20.5
606 20.5
607 20.5
608 20.5
609 20.55
610 20.55
611 20.55
612 20.6
613 20.6
614 20.6
615 20.65
616 20.65
617 20.7
618 20.85
619 20.85
620 21.15
621 21.15
622 21.35
623 21.35
624 21.4
625 21.45
626 21.45
627 21.45
628 21.5
629 21.6
630 21.6
631 21.6
632 21.85
633 21.85
634 21.85
635 21.85
636 21.9
637 21.9
638 21.9
639 21.9
640 21.95
641 22.05
642 22.05
643 22.05
644 22.05
645 22.1
646 22.15
647 22.15
648 22.15
649 22.2
650 22.25
651 22.3
652 22.3
653 22.3
654 22.3
655 22.3
656 22.3
657 22.35
658 22.45
659 22.45
660 22.45
661 22.45
662 22.45
663 22.5
664 22.5
665 22.5
666 22.5
667 22.55
668 22.55
669 22.55
670 22.65
671 22.7
672 22.7
673 22.75
674 22.8
675 22.85
676 22.85
677 22.85
678 22.85
679 22.85
680 22.85
681 22.9
682 22.95
683 23.0
684 23.0
685 23.0
686 23.05
687 23.1
688 23.1
689 23.2
690 23.25
691 23.25
692 23.25
693 23.25
694 23.3
695 23.55
696 23.55
697 23.65
698 23.75
699 23.75
700 23.75
701 23.85
702 23.85
703 23.85
704 23.85
705 23.85
706 23.85
707 23.85
708 23.85
709 23.85
710 23.85
711 23.9
712 23.95
713 23.95
714 23.95
715 24.05
716 24.15
717 24.15
718 24.2
719 24.2
720 24.2
721 24.3
722 24.3
723 24.35
724 24.35
725 24.35
726 24.4
727 24.5
728 24.65
729 24.7
730 24.7
731 24.7
732 24.85
733 24.85
734 24.85
735 24.85
736 24.9
737 24.9
738 24.9
739 24.95
740 24.95
741 24.95
742 25.05
743 25.05
744 25.05
745 25.05
746 25.05
747 25.05
748 25.05
749 25.05
750 25.1
751 25.15
752 25.15
753 25.15
754 25.2
755 25.2
756 25.25
757 25.3
758 25.3
759 25.45
760 25.5
761 25.5
762 25.55
763 25.6
764 25.75
765 25.75
766 25.75
767 25.8
768 25.8
769 25.9
770 25.9
771 25.95
772 26.05
773 26.15
774 26.2
775 26.2
776 26.35
777 26.35
778 26.45
779 26.45
780 26.5
781 26.55
782 26.55
783 26.55
784 26.6
785 26.6
786 26.6
787 26.65
788 26.7
789 26.7
790 26.7
791 26.7
792 26.75
793 26.95
794 26.95
795 26.95
796 26.95
797 27.05
798 27.05
799 27.05
800 27.05
801 27.05
802 27.1
803 27.15
804 27.15
805 27.15
806 27.2
807 27.3
808 27.3
809 27.35
810 27.35
811 27.4
812 27.4
813 27.4
814 27.4
815 27.45
816 27.45
817 27.45
818 27.65
819 27.65
820 27.65
821 27.7
822 27.8
823 27.95
824 28.0
825 28.0
826 28.15
827 28.15
828 28.15
829 28.25
830 28.25
831 28.3
832 28.3
833 28.35
834 28.6
835 28.7
836 28.7
837 28.7
838 28.7
839 28.7
840 28.7
841 28.7
842 28.7
843 28.75
844 28.8
845 28.8
846 28.8
847 28.85
848 28.85
849 28.95
850 28.95
851 28.95
852 28.95
853 28.95
854 28.95
855 29.05
856 29.05
857 29.05
858 29.15
859 29.15
860 29.15
861 29.25
862 29.3
863 29.3
864 29.3
865 29.35
866 29.4
867 29.5
868 29.5
869 29.55
870 29.65
871 29.65
872 29.65
873 29.7
874 29.7
875 29.7
876 29.7
877 29.7
878 29.75
879 29.75
880 29.85
881 29.85
882 29.85
883 29.85
884 29.85
885 29.9
886 30.05
887 30.1
888 30.1
889 30.1
890 30.2
891 30.2
892 30.2
893 30.25
894 30.35
895 30.4
896 30.5
897 30.55
898 30.55
899 30.55
900 30.55
901 30.55
902 30.6
903 30.7
904 30.75
905 30.85
906 30.85
907 30.85
908 30.85
909 30.95
910 30.95
911 30.95
912 30.95
913 30.95
914 30.95
915 31.0
916 31.05
917 31.05
918 31.15
919 31.15
920 31.15
921 31.15
922 31.2
923 31.3
924 31.3
925 31.35
926 31.35
927 31.35
928 31.35
929 31.4
930 31.45
931 31.45
932 31.45
933 31.45
934 31.45
935 31.5
936 31.5
937 31.5
938 31.5
939 31.5
940 31.5
941 31.75
942 31.75
943 31.85
944 31.9
945 31.95
946 31.95
947 31.95
948 31.95
949 31.95
950 32.0
951 32.0
952 32.0
953 32.0
954 32.0
955 32.0
956 32.0
957 32.05
958 32.15
959 32.2
960 32.2
961 32.2
962 32.2
963 32.2
964 32.25
965 32.3
966 32.4
967 32.4
968 32.4
969 32.6
970 32.6
971 32.6
972 32.6
973 32.6
974 32.7
975 32.7
976 32.7
977 32.75
978 32.75
979 32.75
980 32.9
981 32.95
982 33.0
983 33.05
984 33.05
985 33.1
986 33.1
987 33.1
988 33.15
989 33.15
990 33.15
991 33.15
992 33.15
993 33.15
994 33.2
995 33.2
996 33.2
997 33.25
998 33.25
999 33.3
1000 33.35
1001 33.45
1002 33.45
1003 33.45
1004 33.5
1005 33.7
1006 33.7
1007 33.75
1008 33.75
1009 33.75
1010 33.75
1011 33.8
1012 33.8
1013 33.8
1014 33.8
1015 33.8
1016 33.8
1017 33.8
1018 33.8
1019 33.8
1020 33.85
1021 33.85
1022 33.85
1023 33.95
1024 33.95
1025 33.95
1026 33.95
1027 34.05
1028 34.1
1029 34.1
1030 34.1
1031 34.1
1032 34.1
1033 34.1
1034 34.1
1035 34.1
1036 34.1
1037 34.1
1038 34.2
1039 34.2
1040 34.25
1041 34.35
1042 34.35
1043 34.45
1044 34.45
1045 34.45
1046 34.5
1047 34.65
1048 34.65
1049 34.8
1050 34.85
1051 34.85
1052 34.9
1053 34.95
1054 35.0
1055 35.0
1056 35.0
1057 35.0
1058 35.1
1059 35.1
1060 35.1
1061 35.1
1062 35.1
1063 35.1
1064 35.1
1065 35.2
1066 35.2
1067 35.2
1068 35.25
1069 35.25
1070 35.3
1071 35.4
1072 35.45
1073 35.5
1074 35.6
1075 35.7
1076 35.7
1077 35.7
1078 35.75
1079 35.75
1080 35.8
1081 35.8
1082 35.9
1083 36.0
1084 36.0
1085 36.15
1086 36.3
1087 36.3
1088 36.4
1089 36.45
1090 36.5
1091 36.5
1092 36.5
1093 36.5
1094 36.55
1095 36.6
1096 36.75
1097 36.85
1098 36.9
1099 36.9
1100 36.9
1101 36.95
1102 37.1
1103 37.1
1104 37.1
1105 37.1
1106 37.1
1107 37.15
1108 37.25
1109 37.25
1110 37.25
1111 37.3
1112 37.3
1113 37.3
1114 37.3
1115 37.3
1116 37.3
1117 37.3
1118 37.3
1119 37.3
1120 37.4
1121 37.45
1122 37.5
1123 37.5
1124 37.6
1125 37.6
1126 37.6
1127 37.75
1128 37.75
1129 37.75
1130 37.75
1131 37.75
1132 37.75
1133 37.75
1134 37.8
1135 37.8
1136 37.9
1137 37.9
1138 37.95
1139 37.95
1140 37.95
1141 37.95
1142 37.95
1143 38.0
1144 38.0
1145 38.05
1146 38.05
1147 38.05
1148 38.05
1149 38.1
1150 38.1
1151 38.1
1152 38.15
1153 38.25
1154 38.25
1155 38.25
1156 38.35
1157 38.4
1158 38.55
1159 38.65
1160 38.65
1161 38.65
1162 38.65
1163 38.7
1164 38.85
1165 38.9
1166 38.95
1167 38.95
1168 38.95
1169 38.95
1170 38.95
1171 38.95
1172 39.0
1173 39.1
1174 39.1
1175 39.15
1176 39.15
1177 39.15
1178 39.15
1179 39.3
1180 39.3
1181 39.35
1182 39.4
1183 39.5
1184 39.5
1185 39.55
1186 39.6
1187 39.6
1188 39.6
1189 39.65
1190 39.65
1191 39.65
1192 39.65
1193 39.7
1194 39.7
1195 39.8
1196 39.8
1197 39.8
1198 39.8
1199 39.8
1200 39.8
1201 39.8
1202 39.8
1203 39.85
1204 39.85
1205 39.85
1206 40.0
1207 40.05
1208 40.1
1209 40.1
1210 40.2
1211 40.2
1212 40.2
1213 40.4
1214 40.5
1215 40.5
1216 40.5
1217 40.5
1218 40.55
1219 40.65
1220 40.65
1221 40.95
1222 40.95
1223 40.95
1224 40.95
1225 41.0
1226 41.05
1227 41.05
1228 41.05
1229 41.05
1230 41.05
1231 41.05
1232 41.05
1233 41.05
1234 41.05
1235 41.1
1236 41.15
1237 41.15
1238 41.2
1239 41.2
1240 41.25
1241 41.25
1242 41.35
1243 41.35
1244 41.35
1245 41.4
1246 41.4
1247 41.4
1248 41.45
1249 41.45
1250 41.6
1251 41.6
1252 41.7
1253 41.8
1254 41.9
1255 41.9
1256 41.9
1257 41.9
1258 41.9
1259 41.9
1260 41.9
1261 41.95
1262 41.95
1263 42.0
1264 42.1
1265 42.1
1266 42.1
1267 42.1
1268 42.1
1269 42.1
1270 42.1
1271 42.2
1272 42.25
1273 42.35
1274 42.35
1275 42.5
1276 42.5
1277 42.5
1278 42.55
1279 42.55
1280 42.55
1281 42.55
1282 42.55
1283 42.6
1284 42.6
1285 42.65
1286 42.75
1287 42.75
1288 42.75
1289 42.75
1290 42.75
1291 42.75
1292 42.8
1293 42.85
1294 42.85
1295 42.9
1296 42.9
1297 42.9
1298 42.9
1299 42.9
1300 42.9
1301 42.9
1302 42.9
1303 42.95
1304 42.95
1305 42.95
1306 42.95
1307 43.0
1308 43.0
1309 43.1
1310 43.1
1311 43.2
1312 43.25
1313 43.25
1314 43.25
1315 43.35
1316 43.4
1317 43.5
1318 43.5
1319 43.55
1320 43.55
1321 43.55
1322 43.55
1323 43.6
1324 43.6
1325 43.6
1326 43.65
1327 43.75
1328 43.8
1329 43.8
1330 43.9
1331 43.9
1332 43.9
1333 44.0
1334 44.1
1335 44.1
1336 44.1
1337 44.1
1338 44.1
1339 44.1
1340 44.1
1341 44.2
1342 44.25
1343 44.25
1344 44.25
1345 44.25
1346 44.25
1347 44.3
1348 44.3
1349 44.35
1350 44.35
1351 44.35
1352 44.35
1353 44.35
1354 44.45
1355 44.55
1356 44.55
1357 44.55
1358 44.55
1359 44.55
1360 44.6
1361 44.6
1362 44.6
1363 44.65
1364 44.65
1365 44.65
1366 44.65
1367 44.65
1368 44.65
1369 44.65
1370 44.7
1371 44.75
1372 44.75
1373 44.75
1374 44.75
1375 44.75
1376 44.75
1377 44.75
1378 44.75
1379 44.8
1380 44.8
1381 45.0
1382 45.05
1383 45.05
1384 45.05
1385 45.05
1386 45.1
1387 45.1
1388 45.1
1389 45.2
1390 45.3
1391 45.3
1392 45.3
1393 45.35
1394 45.4
1395 45.4
1396 45.5
1397 45.65
1398 45.7
1399 45.7
1400 45.7
1401 45.75
1402 45.75
1403 45.75
1404 45.8
1405 45.85
1406 45.85
1407 45.9
1408 46.05
1409 46.05
1410 46.05
1411 46.05
1412 46.1
1413 46.1
1414 46.15
1415 46.15
1416 46.15
1417 46.35
1418 46.35
1419 46.35
1420 46.35
1421 46.35
1422 46.45
1423 46.55
1424 46.6
1425 46.6
1426 46.7
1427 46.75
1428 46.75
1429 46.75
1430 46.75
1431 46.85
1432 46.9
1433 46.9
1434 47.2
1435 47.25
1436 47.25
1437 47.25
1438 47.3
1439 47.3
1440 47.35
1441 47.35
1442 47.35
1443 47.4
1444 47.4
1445 47.4
1446 47.4
1447 47.4
1448 47.5
1449 47.6
1450 47.6
1451 47.7
1452 47.7
1453 47.7
1454 47.75
1455 47.75
1456 47.8
1457 47.85
1458 47.85
1459 47.85
1460 47.95
1461 47.95
1462 48.1
1463 48.1
1464 48.1
1465 48.1
1466 48.1
1467 48.15
1468 48.15
1469 48.15
1470 48.25
1471 48.25
1472 48.25
1473 48.25
1474 48.3
1475 48.3
1476 48.3
1477 48.3
1478 48.3
1479 48.3
1480 48.35
1481 48.35
1482 48.4
1483 48.5
1484 48.55
1485 48.55
1486 48.65
1487 48.65
1488 48.65
1489 48.65
1490 48.65
1491 48.7
1492 48.75
1493 48.75
1494 48.75
1495 48.75
1496 48.75
1497 48.75
1498 48.75
1499 48.75
1500 48.75
1501 48.75
1502 48.75
1503 48.75
1504 48.9
1505 48.9
1506 48.9
1507 48.9
1508 48.9
1509 48.95
1510 49.05
1511 49.05
1512 49.05
1513 49.1
1514 49.1
1515 49.2
1516 49.2
1517 49.2
1518 49.2
1519 49.25
1520 49.25
1521 49.25
1522 49.35
1523 49.35
1524 49.5
1525 49.55
1526 49.65
1527 49.8
1528 49.85
1529 49.9
1530 50.0
1531 50.0
1532 50.0
1533 50.0
1534 50.1
1535 50.1
1536 50.15
1537 50.2
1538 50.25
1539 50.25
1540 50.25
1541 50.25
1542 50.25
1543 50.25
1544 50.3
1545 50.4
1546 50.55
1547 50.55
1548 50.55
1549 50.55
1550 50.55
1551 50.55
1552 50.6
1553 50.6
1554 50.6
1555 50.6
1556 50.7
1557 50.7
1558 50.7
1559 50.7
1560 50.75
1561 50.8
1562 50.8
1563 50.85
1564 51.0
1565 51.05
1566 51.15
1567 51.15
1568 51.15
1569 51.15
1570 51.15
1571 51.2
1572 51.2
1573 51.2
1574 51.2
1575 51.2
1576 51.2
1577 51.2
1578 51.4
1579 51.4
1580 51.55
1581 51.55
1582 51.55
1583 51.55
1584 51.55
1585 51.55
1586 51.6
1587 51.6
1588 51.6
1589 51.65
1590 51.7
1591 51.7
1592 51.7
1593 51.7
1594 51.75
1595 51.75
1596 51.75
1597 51.8
1598 51.8
1599 51.8
1600 51.8
1601 51.85
1602 51.85
1603 51.85
1604 52.0
1605 52.05
1606 52.1
1607 52.25
1608 52.35
1609 52.35
1610 52.4
1611 52.4
1612 52.45
1613 52.55
1614 52.55
1615 52.55
1616 52.65
1617 52.7
1618 52.7
1619 52.7
1620 52.75
1621 52.75
1622 52.8
1623 52.8
1624 52.8
1625 52.8
1626 52.9
1627 52.9
1628 52.9
1629 52.9
1630 52.95
1631 52.95
1632 53.0
1633 53.0
1634 53.05
1635 53.05
1636 53.05
1637 53.05
1638 53.05
1639 53.05
1640 53.1
1641 53.1
1642 53.1
1643 53.1
1644 53.15
1645 53.3
1646 53.3
1647 53.3
1648 53.3
1649 53.45
1650 53.45
1651 53.45
1652 53.45
1653 53.45
1654 53.45
1655 53.5
1656 53.5
1657 53.55
1658 53.55
1659 53.55
1660 53.7
1661 53.7
1662 53.7
1663 53.7
1664 53.7
1665 53.7
1666 53.7
1667 53.7
1668 53.7
1669 53.8
1670 53.9
1671 53.9
1672 53.95
1673 54.15
1674 54.15
1675 54.15
1676 54.25
1677 54.25
1678 54.25
1679 54.25
1680 54.25
1681 54.25
1682 54.25
1683 54.25
1684 54.3
1685 54.3
1686 54.3
1687 54.3
1688 54.45
1689 54.45
1690 54.45
1691 54.45
1692 54.45
1693 54.55
1694 54.55
1695 54.55
1696 54.55
1697 54.55
1698 54.55
1699 54.55
1700 54.55
1701 54.55
1702 54.6
1703 54.6
1704 54.6
1705 54.65
1706 54.65
1707 54.8
1708 54.8
1709 54.8
1710 54.8
1711 54.9
1712 54.95
1713 54.95
1714 54.95
1715 55.05
1716 55.05
1717 55.05
1718 55.05
1719 55.05
1720 55.1
1721 55.1
1722 55.2
1723 55.2
1724 55.2
1725 55.2
1726 55.2
1727 55.2
1728 55.2
1729 55.2
1730 55.25
1731 55.3
1732 55.3
1733 55.3
1734 55.4
1735 55.4
1736 55.5
1737 55.5
1738 55.55
1739 55.55
1740 55.55
1741 55.55
1742 55.6
1743 55.65
1744 55.65
1745 55.7
1746 55.7
1747 55.95
1748 55.95
1749 56.05
1750 56.05
1751 56.05
1752 56.05
1753 56.05
1754 56.1
1755 56.15
1756 56.25
1757 56.25
1758 56.25
1759 56.25
1760 56.3
1761 56.3
1762 56.3
1763 56.3
1764 56.3
1765 56.3
1766 56.3
1767 56.3
1768 56.3
1769 56.4
1770 56.4
1771 56.5
1772 56.5
1773 56.5
1774 56.55
1775 56.6
1776 56.6
1777 56.65
1778 56.65
1779 56.65
1780 56.65
1781 56.65
1782 56.65
1783 56.65
1784 56.65
1785 56.7
1786 56.7
1787 56.8
1788 56.8
1789 56.8
1790 56.8
1791 56.8
1792 56.8
1793 56.8
1794 56.9
1795 56.9
1796 56.9
1797 57.05
1798 57.05
1799 57.05
1800 57.05
1801 57.1
1802 57.15
1803 57.2
1804 57.25
1805 57.25
1806 57.35
1807 57.45
1808 57.45
1809 57.45
1810 57.5
1811 57.5
1812 57.55
1813 57.65
1814 57.65
1815 57.65
1816 57.75
1817 57.75
1818 57.8
1819 57.85
1820 57.9
1821 58.0
1822 58.1
1823 58.1
1824 58.2
1825 58.25
1826 58.25
1827 58.25
1828 58.25
1829 58.25
1830 58.3
1831 58.3
1832 58.3
1833 58.3
1834 58.3
1835 58.3
1836 58.35
1837 58.35
1838 58.35
1839 58.4
1840 58.4
1841 58.4
1842 58.4
1843 58.55
1844 58.55
1845 58.55
1846 58.6
1847 58.6
1848 58.6
1849 58.6
1850 58.65
1851 58.65
1852 58.65
1853 58.7
1854 58.7
1855 58.7
1856 58.7
1857 58.75
1858 58.75
1859 58.75
1860 58.75
1861 58.75
1862 58.75
1863 58.8
1864 58.8
1865 58.85
1866 58.85
1867 58.9
1868 58.95
1869 59.05
1870 59.15
1871 59.35
1872 59.45
1873 59.45
1874 59.5
1875 59.55
1876 59.55
1877 59.6
1878 59.65
1879 59.75
1880 59.75
1881 59.8
1882 59.9
1883 59.9
1884 59.9
1885 59.95
1886 60.0
1887 60.0
1888 60.05
1889 60.05
1890 60.1
1891 60.1
1892 60.1
1893 60.1
1894 60.2
1895 60.2
1896 60.2
1897 60.2
1898 60.2
1899 60.2
1900 60.2
1901 60.4
1902 60.45
1903 60.45
1904 60.45
1905 60.55
1906 60.55
1907 60.6
1908 60.7
1909 60.7
1910 60.8
1911 60.8
1912 60.85
1913 60.85
1914 60.85
1915 60.85
1916 60.85
1917 60.85
1918 60.85
1919 60.85
1920 60.85
1921 60.95
1922 60.95
1923 60.95
1924 60.95
1925 60.95
1926 61.0
1927 61.0
1928 61.0
1929 61.1
1930 61.1
1931 61.1
1932 61.1
1933 61.1
1934 61.1
1935 61.1
1936 61.2
1937 61.2
1938 61.2
1939 61.2
1940 61.2
1941 61.2
1942 61.2
1943 61.2
1944 61.2
1945 61.2
1946 61.25
1947 61.25
1948 61.25
1949 61.25
1950 61.25
1951 61.25
1952 61.25
1953 61.35
1954 61.35
1955 61.35
1956 61.35
1957 61.4
1958 61.4
1959 61.4
1960 61.4
1961 61.5
1962 61.5
1963 61.5
1964 61.5
1965 61.65
1966 61.7
1967 61.7
1968 61.7
1969 61.7
1970 61.7
1971 61.7
1972 61.75
1973 61.85
1974 62.05
1975 62.15
1976 62.15
1977 62.15
1978 62.2
1979 62.25
1980 62.25
1981 62.25
1982 62.25
1983 62.25
1984 62.25
1985 62.25
1986 62.25
1987 62.25
1988 62.35
1989 62.35
1990 62.4
1991 62.45
1992 62.45
1993 62.55
1994 62.6
1995 62.6
1996 62.6
1997 62.6
1998 62.6
1999 62.8
2000 62.8
2001 62.8
2002 62.8
2003 62.8
2004 62.85
2005 62.9
2006 62.9
2007 62.9
2008 62.9
2009 62.9
2010 62.95
2011 63.05
2012 63.05
2013 63.05
2014 63.05
2015 63.1
2016 63.15
2017 63.2
2018 63.25
2019 63.25
2020 63.35
2021 63.35
2022 63.4
2023 63.45
2024 63.45
2025 63.45
2026 63.45
2027 63.45
2028 63.45
2029 63.45
2030 63.45
2031 63.5
2032 63.5
2033 63.5
2034 63.5
2035 63.5
2036 63.6
2037 63.65
2038 63.65
2039 63.65
2040 63.65
2041 63.7
2042 63.75
2043 63.75
2044 63.75
2045 63.75
2046 63.75
2047 63.75
2048 63.75
2049 63.75
2050 63.8
2051 63.9
2052 63.9
2053 63.9
2054 63.95
2055 63.95
2056 64.0
2057 64.05
2058 64.1
2059 64.1
2060 64.1
2061 64.1
2062 64.1
2063 64.15
2064 64.25
2065 64.25
2066 64.25
2067 64.3
2068 64.35
2069 64.35
2070 64.35
2071 64.35
2072 64.35
2073 64.45
2074 64.45
2075 64.45
2076 64.55
2077 64.55
2078 64.55
2079 64.55
2080 64.55
2081 64.6
2082 64.65
2083 64.65
2084 64.65
2085 64.65
2086 64.7
2087 64.7
2088 64.75
2089 64.75
2090 64.75
2091 64.75
2092 64.8
2093 64.8
2094 64.9
2095 65.0
2096 65.1
2097 65.1
2098 65.1
2099 65.1
2100 65.1
2101 65.1
2102 65.15
2103 65.25
2104 65.25
2105 65.3
2106 65.3
2107 65.4
2108 65.45
2109 65.45
2110 65.45
2111 65.5
2112 65.5
2113 65.5
2114 65.5
2115 65.55
2116 65.55
2117 65.6
2118 65.6
2119 65.7
2120 65.85
2121 65.85
2122 65.85
2123 65.85
2124 65.85
2125 65.85
2126 65.85
2127 65.85
2128 65.85
2129 65.85
2130 65.85
2131 65.85
2132 65.85
2133 65.9
2134 65.9
2135 65.9
2136 65.9
2137 66.0
2138 66.05
2139 66.05
2140 66.05
2141 66.05
2142 66.05
2143 66.05
2144 66.05
2145 66.05
2146 66.15
2147 66.15
2148 66.2
2149 66.2
2150 66.35
2151 66.5
2152 66.5
2153 66.5
2154 66.55
2155 66.55
2156 66.55
2157 66.55
2158 66.55
2159 66.6
2160 66.6
2161 66.6
2162 66.6
2163 66.6
2164 66.6
2165 66.6
2166 66.6
2167 66.65
2168 66.75
2169 66.75
2170 66.75
2171 66.75
2172 66.85
2173 66.9
2174 66.9
2175 66.95
2176 67.0
2177 67.05
2178 67.05
2179 67.05
2180 67.05
2181 67.05
2182 67.05
2183 67.05
2184 67.05
2185 67.05
2186 67.05
2187 67.05
2188 67.1
2189 67.15
2190 67.15
2191 67.15
2192 67.2
2193 67.2
2194 67.25
2195 67.35
2196 67.35
2197 67.4
2198 67.4
2199 67.45
2200 67.45
2201 67.45
2202 67.55
2203 67.55
2204 67.55
2205 67.6
2206 67.6
2207 67.6
2208 67.6
2209 67.65
2210 67.7
2211 67.75
2212 67.75
2213 67.75
2214 67.85
2215 67.85
2216 67.85
2217 67.85
2218 67.85
2219 67.85
2220 67.85
2221 67.85
2222 67.95
2223 68.0
2224 68.0
2225 68.1
2226 68.15
2227 68.15
2228 68.15
2229 68.15
2230 68.15
2231 68.15
2232 68.15
2233 68.25
2234 68.25
2235 68.3
2236 68.3
2237 68.3
2238 68.35
2239 68.35
2240 68.35
2241 68.35
2242 68.35
2243 68.35
2244 68.35
2245 68.35
2246 68.4
2247 68.5
2248 68.5
2249 68.5
2250 68.55
2251 68.55
2252 68.6
2253 68.65
2254 68.7
2255 68.85
2256 68.85
2257 68.85
2258 68.85
2259 68.95
2260 69.0
2261 69.0
2262 69.05
2263 69.05
2264 69.05
2265 69.1
2266 69.1
2267 69.1
2268 69.1
2269 69.1
2270 69.25
2271 69.3
2272 69.3
2273 69.3
2274 69.3
2275 69.35
2276 69.35
2277 69.4
2278 69.4
2279 69.45
2280 69.45
2281 69.45
2282 69.5
2283 69.55
2284 69.55
2285 69.6
2286 69.6
2287 69.6
2288 69.6
2289 69.6
2290 69.7
2291 69.7
2292 69.7
2293 69.7
2294 69.75
2295 69.75
2296 69.8
2297 69.9
2298 69.9
2299 69.95
2300 70.05
2301 70.05
2302 70.2
2303 70.25
2304 70.25
2305 70.25
2306 70.4
2307 70.4
2308 70.4
2309 70.45
2310 70.45
2311 70.5
2312 70.5
2313 70.65
2314 70.65
2315 70.65
2316 70.65
2317 70.7
2318 70.7
2319 70.7
2320 70.75
2321 70.75
2322 70.75
2323 70.75
2324 70.8
2325 70.85
2326 70.9
2327 70.95
2328 70.95
2329 70.95
2330 70.95
2331 70.95
2332 71.0
2333 71.0
2334 71.0
2335 71.05
2336 71.05
2337 71.1
2338 71.2
2339 71.2
2340 71.25
2341 71.35
2342 71.35
2343 71.4
2344 71.4
2345 71.4
2346 71.4
2347 71.45
2348 71.45
2349 71.45
2350 71.45
2351 71.45
2352 71.45
2353 71.45
2354 71.45
2355 71.5
2356 71.5
2357 71.5
2358 71.5
2359 71.55
2360 71.65
2361 71.65
2362 71.65
2363 71.65
2364 71.7
2365 71.7
2366 71.85
2367 71.85
2368 71.9
2369 71.9
2370 71.9
2371 71.9
2372 71.9
2373 71.9
2374 71.9
2375 71.95
2376 72.0
2377 72.0
2378 72.0
2379 72.15
2380 72.15
2381 72.2
2382 72.3
2383 72.3
2384 72.4
2385 72.55
2386 72.55
2387 72.6
2388 72.65
2389 72.7
2390 72.7
2391 72.7
2392 72.7
2393 72.7
2394 72.75
2395 72.75
2396 72.8
2397 72.8
2398 72.8
2399 72.85
2400 72.9
2401 72.95
2402 73.05
2403 73.1
2404 73.1
2405 73.1
2406 73.1
2407 73.1
2408 73.1
2409 73.1
2410 73.1
2411 73.1
2412 73.3
2413 73.3
2414 73.45
2415 73.45
2416 73.45
2417 73.5
2418 73.5
2419 73.5
2420 73.5
2421 73.65
2422 73.65
2423 73.65
2424 73.65
2425 73.8
2426 73.85
2427 73.85
2428 73.85
2429 73.9
2430 73.95
2431 73.95
2432 73.95
2433 73.95
2434 74.05
2435 74.05
2436 74.05
2437 74.1
2438 74.1
2439 74.1
2440 74.15
2441 74.2
2442 74.2
2443 74.2
2444 74.2
2445 74.2
2446 74.2
2447 74.2
2448 74.2
2449 74.2
2450 74.2
2451 74.4
2452 74.45
2453 74.45
2454 74.45
2455 74.55
2456 74.55
2457 74.55
2458 74.85
2459 74.85
2460 74.85
2461 74.85
2462 74.85
2463 74.85
2464 74.9
2465 74.9
2466 74.9
2467 74.95
2468 74.95
2469 75.0
2470 75.0
2471 75.05
2472 75.05
2473 75.05
2474 75.05
2475 75.05
2476 75.05
2477 75.15
2478 75.35
2479 75.45
2480 75.65
2481 75.65
2482 75.65
2483 75.65
2484 75.65
2485 75.65
2486 75.65
2487 75.65
2488 75.65
2489 75.65
2490 75.65
2491 75.65
2492 75.65
2493 75.7
2494 75.8
2495 75.8
2496 75.8
2497 75.8
2498 75.8
2499 75.8
2500 75.8
2501 75.8
2502 75.85
2503 75.85
2504 75.85
2505 75.85
2506 75.9
2507 75.95
2508 76.1
2509 76.15
2510 76.15
2511 76.15
2512 76.25
2513 76.3
2514 76.3
2515 76.3
2516 76.35
2517 76.35
2518 76.35
2519 76.35
2520 76.45
2521 76.55
2522 76.55
2523 76.55
2524 76.55
2525 76.55
2526 76.55
2527 76.55
2528 76.6
2529 76.6
2530 76.6
2531 76.65
2532 76.65
2533 76.7
2534 76.7
2535 76.7
2536 76.7
2537 76.7
2538 76.7
2539 76.7
2540 76.7
2541 76.75
2542 76.75
2543 76.75
2544 76.75
2545 76.75
2546 76.8
2547 76.8
2548 76.8
2549 76.8
2550 76.8
2551 76.9
2552 76.9
2553 76.95
2554 76.95
2555 76.95
2556 76.95
2557 76.95
2558 76.95
2559 77.0
2560 77.1
2561 77.1
2562 77.15
2563 77.15
2564 77.15
2565 77.15
2566 77.2
2567 77.2
2568 77.25
2569 77.25
2570 77.3
2571 77.35
2572 77.35
2573 77.35
2574 77.4
2575 77.45
2576 77.55
2577 77.6
2578 77.6
2579 77.6
2580 77.6
2581 77.6
2582 77.6
2583 77.6
2584 77.6
2585 77.6
2586 77.6
2587 77.6
2588 77.7
2589 77.75
2590 77.75
2591 77.75
2592 77.75
2593 77.75
2594 77.75
2595 77.85
2596 77.9
2597 77.95
2598 78.0
2599 78.0
2600 78.0
2601 78.0
2602 78.0
2603 78.0
2604 78.1
2605 78.15
2606 78.25
2607 78.25
2608 78.25
2609 78.25
2610 78.25
2611 78.25
2612 78.25
2613 78.25
2614 78.25
2615 78.25
2616 78.25
2617 78.25
2618 78.35
2619 78.4
2620 78.4
2621 78.45
2622 78.45
2623 78.5
2624 78.6
2625 78.6
2626 78.6
2627 78.65
2628 78.65
2629 78.65
2630 78.65
2631 78.75
2632 78.75
2633 78.75
2634 78.75
2635 78.75
2636 78.8
2637 78.85
2638 78.9
2639 78.95
2640 78.95
2641 78.95
2642 78.95
2643 78.95
2644 78.95
2645 78.95
2646 78.95
2647 78.95
2648 78.95
2649 78.95
2650 79.0
2651 79.1
2652 79.1
2653 79.1
2654 79.1
2655 79.2
2656 79.3
2657 79.3
2658 79.3
2659 79.35
2660 79.35
2661 79.35
2662 79.35
2663 79.4
2664 79.4
2665 79.4
2666 79.4
2667 79.4
2668 79.45
2669 79.45
2670 79.5
2671 79.6
2672 79.6
2673 79.6
2674 79.6
2675 79.6
2676 79.6
2677 79.6
2678 79.6
2679 79.6
2680 79.6
2681 79.6
2682 79.6
2683 79.6
2684 79.7
2685 79.9
2686 79.95
2687 80.0
2688 80.0
2689 80.0
2690 80.0
2691 80.0
2692 80.0
2693 80.0
2694 80.05
2695 80.05
2696 80.15
2697 80.2
2698 80.2
2699 80.2
2700 80.2
2701 80.25
2702 80.25
2703 80.3
2704 80.3
2705 80.3
2706 80.3
2707 80.5
2708 80.5
2709 80.5
2710 80.5
2711 80.5
2712 80.5
2713 80.5
2714 80.5
2715 80.55
2716 80.55
2717 80.55
2718 80.6
2719 80.6
2720 80.6
2721 80.6
2722 80.6
2723 80.7
2724 80.75
2725 80.75
2726 80.75
2727 80.8
2728 80.8
2729 80.8
2730 80.8
2731 80.8
2732 80.85
2733 80.9
2734 80.9
2735 81.0
2736 81.05
2737 81.1
2738 81.15
2739 81.3
2740 81.35
2741 81.4
2742 81.4
2743 81.4
2744 81.5
2745 81.5
2746 81.5
2747 81.55
2748 81.6
2749 81.6
2750 81.6
2751 81.6
2752 81.7
2753 81.75
2754 81.8
2755 81.85
2756 81.85
2757 81.85
2758 81.9
2759 81.9
2760 81.95
2761 81.95
2762 81.95
2763 81.95
2764 82.05
2765 82.05
2766 82.05
2767 82.1
2768 82.1
2769 82.1
2770 82.1
2771 82.1
2772 82.1
2773 82.15
2774 82.15
2775 82.2
2776 82.2
2777 82.35
2778 82.35
2779 82.35
2780 82.35
2781 82.35
2782 82.4
2783 82.6
2784 82.6
2785 82.6
2786 82.6
2787 82.6
2788 82.6
2789 82.6
2790 82.6
2791 82.65
2792 82.65
2793 82.65
2794 82.7
2795 82.7
2796 82.75
2797 82.75
2798 82.75
2799 82.8
2800 82.8
2801 82.8
2802 82.8
2803 82.8
2804 82.8
2805 82.8
2806 82.8
2807 82.85
2808 82.85
2809 82.9
2810 82.95
2811 83.0
2812 83.0
2813 83.0
2814 83.0
2815 83.0
2816 83.0
2817 83.0
2818 83.0
2819 83.1
2820 83.1
2821 83.1
2822 83.1
2823 83.15
2824 83.2
2825 83.25
2826 83.25
2827 83.25
2828 83.25
2829 83.25
2830 83.3
2831 83.45
2832 83.45
2833 83.55
2834 83.55
2835 83.55
2836 83.55
2837 83.55
2838 83.6
2839 83.6
2840 83.65
2841 83.65
2842 83.75
2843 83.75
2844 83.85
2845 84.0
2846 84.0
2847 84.0
2848 84.0
2849 84.0
2850 84.0
2851 84.0
2852 84.0
2853 84.05
2854 84.1
2855 84.1
2856 84.15
2857 84.15
2858 84.15
2859 84.25
2860 84.25
2861 84.35
2862 84.35
2863 84.35
2864 84.35
2865 84.35
2866 84.35
2867 84.35
2868 84.35
2869 84.35
2870 84.35
2871 84.45
2872 84.45
2873 84.45
2874 84.6
2875 84.6
2876 84.65
2877 84.65
2878 84.65
2879 84.65
2880 84.65
2881 84.65
2882 84.65
2883 84.65
2884 84.65
2885 84.65
2886 84.65
2887 84.75
2888 84.75
2889 84.75
2890 84.8
2891 84.85
2892 84.85
2893 84.85
2894 84.85
2895 84.85
2896 84.85
2897 84.85
2898 84.9
2899 84.9
2900 84.9
2901 84.95
2902 84.95
2903 85.0
2904 85.0
2905 85.0
2906 85.05
2907 85.15
2908 85.15
2909 85.15
2910 85.15
2911 85.15
2912 85.15
2913 85.15
2914 85.2
2915 85.2
2916 85.25
2917 85.3
2918 85.3
2919 85.3
2920 85.3
2921 85.35
2922 85.35
2923 85.4
2924 85.45
2925 85.45
2926 85.45
2927 85.45
2928 85.55
2929 85.6
2930 85.65
2931 85.65
2932 85.65
2933 85.65
2934 85.65
2935 85.65
2936 85.65
2937 85.65
2938 85.7
2939 85.7
2940 85.8
2941 85.85
2942 85.95
2943 85.95
2944 85.95
2945 85.95
2946 86.0
2947 86.0
2948 86.0
2949 86.1
2950 86.1
2951 86.15
2952 86.15
2953 86.15
2954 86.2
2955 86.25
2956 86.25
2957 86.3
2958 86.35
2959 86.35
2960 86.35
2961 86.35
2962 86.35
2963 86.45
2964 86.45
2965 86.5
2966 86.5
2967 86.6
2968 86.6
2969 86.6
2970 86.6
2971 86.6
2972 86.65
2973 86.65
2974 86.7
2975 86.7
2976 86.75
2977 86.85
2978 86.85
2979 86.85
2980 87.0
2981 87.0
2982 87.05
2983 87.05
2984 87.05
2985 87.05
2986 87.1
2987 87.1
2988 87.15
2989 87.15
2990 87.15
2991 87.15
2992 87.15
2993 87.25
2994 87.25
2995 87.25
2996 87.25
2997 87.25
2998 87.25
2999 87.35
3000 87.35
3001 87.4
3002 87.45
3003 87.45
3004 87.45
3005 87.45
3006 87.45
3007 87.55
3008 87.65
3009 87.7
3010 87.7
3011 87.7
3012 87.75
3013 87.75
3014 87.8
3015 87.8
3016 87.85
3017 87.85
3018 87.85
3019 87.85
3020 87.95
3021 88.05
3022 88.1
3023 88.15
3024 88.15
3025 88.2
3026 88.25
3027 88.3
3028 88.3
3029 88.35
3030 88.4
3031 88.4
3032 88.4
3033 88.4
3034 88.45
3035 88.55
3036 88.55
3037 88.55
3038 88.55
3039 88.55
3040 88.55
3041 88.55
3042 88.55
3043 88.55
3044 88.55
3045 88.55
3046 88.55
3047 88.6
3048 88.6
3049 88.65
3050 88.65
3051 88.7
3052 88.7
3053 88.7
3054 88.7
3055 88.7
3056 88.7
3057 88.75
3058 88.75
3059 88.75
3060 88.75
3061 88.75
3062 88.85
3063 88.85
3064 88.85
3065 88.85
3066 88.85
3067 88.85
3068 88.95
3069 88.95
3070 88.95
3071 88.95
3072 88.95
3073 89.0
3074 89.0
3075 89.0
3076 89.0
3077 89.0
3078 89.0
3079 89.1
3080 89.15
3081 89.15
3082 89.15
3083 89.2
3084 89.2
3085 89.2
3086 89.2
3087 89.25
3088 89.3
3089 89.3
3090 89.3
3091 89.35
3092 89.4
3093 89.4
3094 89.4
3095 89.5
3096 89.5
3097 89.5
3098 89.5
3099 89.5
3100 89.5
3101 89.5
3102 89.55
3103 89.55
3104 89.7
3105 89.7
3106 89.75
3107 89.8
3108 89.8
3109 89.8
3110 89.8
3111 89.8
3112 89.8
3113 89.8
3114 89.8
3115 89.85
3116 89.85
3117 89.85
3118 89.9
3119 89.9
3120 89.9
3121 89.95
3122 90.05
3123 90.05
3124 90.05
3125 90.1
3126 90.2
3127 90.2
3128 90.25
3129 90.25
3130 90.3
3131 90.35
3132 90.35
3133 90.35
3134 90.35
3135 90.35
3136 90.4
3137 90.45
3138 90.45
3139 90.45
3140 90.45
3141 90.5
3142 90.5
3143 90.5
3144 90.55
3145 90.55
3146 90.55
3147 90.55
3148 90.55
3149 90.55
3150 90.55
3151 90.65
3152 90.65
3153 90.7
3154 90.7
3155 90.8
3156 90.8
3157 90.9
3158 90.9
3159 90.9
3160 90.9
3161 90.95
3162 90.95
3163 91.0
3164 91.0
3165 91.0
3166 91.15
3167 91.15
3168 91.25
3169 91.3
3170 91.3
3171 91.3
3172 91.3
3173 91.35
3174 91.45
3175 91.45
3176 91.5
3177 91.5
3178 91.5
3179 91.5
3180 91.6
3181 91.6
3182 91.6
3183 91.7
3184 91.7
3185 91.8
3186 91.85
3187 91.9
3188 91.9
3189 91.9
3190 91.9
3191 91.95
3192 91.95
3193 91.95
3194 92.05
3195 92.1
3196 92.1
3197 92.15
3198 92.15
3199 92.15
3200 92.2
3201 92.25
3202 92.25
3203 92.25
3204 92.25
3205 92.3
3206 92.3
3207 92.35
3208 92.4
3209 92.4
3210 92.4
3211 92.45
3212 92.45
3213 92.45
3214 92.55
3215 92.55
3216 92.55
3217 92.65
3218 92.65
3219 92.65
3220 92.65
3221 92.65
3222 92.65
3223 92.65
3224 92.7
3225 92.7
3226 92.75
3227 92.75
3228 92.75
3229 92.8
3230 92.8
3231 92.8
3232 92.8
3233 92.8
3234 92.95
3235 92.95
3236 93.0
3237 93.0
3238 93.05
3239 93.05
3240 93.05
3241 93.1
3242 93.15
3243 93.15
3244 93.2
3245 93.2
3246 93.2
3247 93.2
3248 93.2
3249 93.2
3250 93.2
3251 93.2
3252 93.25
3253 93.25
3254 93.3
3255 93.3
3256 93.3
3257 93.35
3258 93.35
3259 93.35
3260 93.35
3261 93.4
3262 93.4
3263 93.4
3264 93.5
3265 93.5
3266 93.55
3267 93.75
3268 93.75
3269 93.75
3270 93.9
3271 93.9
3272 93.9
3273 93.9
3274 93.9
3275 93.9
3276 93.9
3277 93.9
3278 93.9
3279 93.9
3280 93.9
3281 93.9
3282 93.9
3283 93.9
3284 93.9
3285 93.9
3286 93.9
3287 93.9
3288 93.9
3289 94.0
3290 94.0
3291 94.0
3292 94.1
3293 94.1
3294 94.1
3295 94.15
3296 94.15
3297 94.15
3298 94.25
3299 94.35
3300 94.45
3301 94.45
3302 94.45
3303 94.5
3304 94.6
3305 94.65
3306 94.65
3307 94.65
3308 94.7
3309 94.75
3310 94.75
3311 94.8
3312 94.8
3313 94.8
3314 94.8
3315 94.8
3316 94.8
3317 94.95
3318 94.95
3319 94.95
3320 94.95
3321 95.05
3322 95.05
3323 95.25
3324 95.25
3325 95.3
3326 95.3
3327 95.3
3328 95.3
3329 95.35
3330 95.35
3331 95.35
3332 95.35
3333 95.35
3334 95.35
3335 95.35
3336 95.35
3337 95.35
3338 95.35
3339 95.35
3340 95.35
3341 95.35
3342 95.35
3343 95.4
3344 95.4
3345 95.4
3346 95.4
3347 95.4
3348 95.5
3349 95.5
3350 95.5
3351 95.5
3352 95.5
3353 95.5
3354 95.55
3355 95.55
3356 95.65
3357 95.65
3358 95.7
3359 95.75
3360 95.75
3361 95.85
3362 95.85
3363 95.85
3364 95.85
3365 95.85
3366 95.85
3367 95.9
3368 95.95
3369 96.0
3370 96.05
3371 96.1
3372 96.1
3373 96.1
3374 96.1
3375 96.1
3376 96.1
3377 96.1
3378 96.1
3379 96.1
3380 96.1
3381 96.1
3382 96.1
3383 96.15
3384 96.15
3385 96.15
3386 96.2
3387 96.2
3388 96.2
3389 96.2
3390 96.2
3391 96.2
3392 96.3
3393 96.35
3394 96.35
3395 96.35
3396 96.35
3397 96.35
3398 96.35
3399 96.4
3400 96.45
3401 96.45
3402 96.5
3403 96.5
3404 96.55
3405 96.55
3406 96.55
3407 96.65
3408 96.65
3409 96.85
3410 96.85
3411 96.85
3412 96.85
3413 96.85
3414 96.85
3415 96.85
3416 96.85
3417 97.0
3418 97.0
3419 97.0
3420 97.05
3421 97.05
3422 97.05
3423 97.05
3424 97.05
3425 97.05
3426 97.05
3427 97.05
3428 97.15
3429 97.15
3430 97.15
3431 97.2
3432 97.2
3433 97.2
3434 97.2
3435 97.2
3436 97.2
3437 97.2
3438 97.2
3439 97.2
3440 97.2
3441 97.2
3442 97.2
3443 97.2
3444 97.2
3445 97.3
3446 97.3
3447 97.35
3448 97.35
3449 97.35
3450 97.45
3451 97.45
3452 97.45
3453 97.45
3454 97.5
3455 97.5
3456 97.55
3457 97.6
3458 97.6
3459 97.6
3460 97.6
3461 97.6
3462 97.6
3463 97.75
3464 97.75
3465 97.8
3466 97.8
3467 97.8
3468 97.9
3469 97.9
3470 97.9
3471 97.9
3472 98.0
3473 98.0
3474 98.05
3475 98.05
3476 98.05
3477 98.1
3478 98.1
3479 98.1
3480 98.1
3481 98.1
3482 98.15
3483 98.2
3484 98.2
3485 98.3
3486 98.3
3487 98.35
3488 98.5
3489 98.5
3490 98.55
3491 98.55
3492 98.6
3493 98.6
3494 98.6
3495 98.6
3496 98.6
3497 98.6
3498 98.75
3499 98.85
3500 98.85
3501 98.95
3502 99.0
3503 99.15
3504 99.15
3505 99.2
3506 99.2
3507 99.2
3508 99.2
3509 99.35
3510 99.35
3511 99.35
3512 99.4
3513 99.4
3514 99.4
3515 99.4
3516 99.4
3517 99.45
3518 99.45
3519 99.5
3520 99.5
3521 99.5
3522 99.5
3523 99.5
3524 99.5
3525 99.5
3526 99.55
3527 99.55
3528 99.55
3529 99.55
3530 99.55
3531 99.55
3532 99.55
3533 99.55
3534 99.6
3535 99.75
3536 99.8
3537 99.8
3538 99.85
3539 99.85
3540 99.85
3541 99.85
3542 99.85
3543 99.9
3544 99.9
3545 99.9
3546 99.9
3547 99.9
3548 99.95
3549 99.95
3550 99.95
3551 99.95
3552 99.95
3553 99.95
3554 99.95
3555 99.95
3556 99.95
3557 100.0
3558 100.0
3559 100.1
3560 100.1
3561 100.1
3562 100.1
3563 100.15
3564 100.15
3565 100.2
3566 100.25
3567 100.25
3568 100.3
3569 100.3
3570 100.3
3571 100.3
3572 100.3
3573 100.3
3574 100.3
3575 100.35
3576 100.4
3577 100.45
3578 100.5
3579 100.55
3580 100.65
3581 100.65
3582 100.65
3583 100.75
3584 100.75
3585 100.75
3586 100.75
3587 100.75
3588 100.75
3589 100.75
3590 100.75
3591 100.75
3592 100.75
3593 100.75
3594 100.75
3595 100.75
3596 100.75
3597 100.75
3598 100.75
3599 100.75
3600 100.95
3601 100.95
3602 101.05
3603 101.05
3604 101.1
3605 101.1
3606 101.1
3607 101.1
3608 101.15
3609 101.2
3610 101.2
3611 101.2
3612 101.2
3613 101.25
3614 101.3
3615 101.3
3616 101.35
3617 101.35
3618 101.35
3619 101.35
3620 101.35
3621 101.35
3622 101.35
3623 101.35
3624 101.35
3625 101.35
3626 101.35
3627 101.35
3628 101.35
3629 101.35
3630 101.4
3631 101.4
3632 101.4
3633 101.45
3634 101.45
3635 101.5
3636 101.5
3637 101.5
3638 101.5
3639 101.5
3640 101.5
3641 101.5
3642 101.5
3643 101.7
3644 101.75
3645 101.8
3646 101.8
3647 101.9
3648 101.9
3649 101.9
3650 101.9
3651 101.9
3652 101.9
3653 101.9
3654 101.95
3655 102.0
3656 102.0
3657 102.0
3658 102.0
3659 102.0
3660 102.0
3661 102.0
3662 102.0
3663 102.1
3664 102.15
3665 102.15
3666 102.15
3667 102.15
3668 102.15
3669 102.15
3670 102.25
3671 102.25
3672 102.35
3673 102.35
3674 102.35
3675 102.35
3676 102.4
3677 102.4
3678 102.4
3679 102.5
3680 102.5
3681 102.5
3682 102.5
3683 102.5
3684 102.55
3685 102.6
3686 102.65
3687 102.7
3688 102.7
3689 102.7
3690 102.75
3691 102.75
3692 102.75
3693 102.75
3694 102.75
3695 102.75
3696 102.75
3697 102.75
3698 102.75
3699 102.75
3700 102.75
3701 102.75
3702 102.85
3703 102.9
3704 102.95
3705 102.95
3706 102.95
3707 102.95
3708 102.95
3709 102.95
3710 102.95
3711 102.95
3712 103.0
3713 103.0
3714 103.05
3715 103.1
3716 103.15
3717 103.15
3718 103.15
3719 103.15
3720 103.25
3721 103.25
3722 103.25
3723 103.3
3724 103.4
3725 103.5
3726 103.5
3727 103.55
3728 103.55
3729 103.55
3730 103.55
3731 103.55
3732 103.55
3733 103.6
3734 103.65
3735 103.65
3736 103.65
3737 103.65
3738 103.65
3739 103.7
3740 103.7
3741 103.7
3742 103.7
3743 103.7
3744 103.7
3745 103.7
3746 103.7
3747 103.7
3748 103.75
3749 103.8
3750 103.85
3751 103.95
3752 104.0
3753 104.05
3754 104.05
3755 104.05
3756 104.05
3757 104.05
3758 104.1
3759 104.1
3760 104.1
3761 104.1
3762 104.1
3763 104.1
3764 104.1
3765 104.1
3766 104.1
3767 104.2
3768 104.2
3769 104.25
3770 104.25
3771 104.25
3772 104.25
3773 104.25
3774 104.25
3775 104.3
3776 104.35
3777 104.35
3778 104.4
3779 104.4
3780 104.5
3781 104.55
3782 104.6
3783 104.65
3784 104.65
3785 104.65
3786 104.75
3787 104.75
3788 104.8
3789 104.85
3790 104.85
3791 104.85
3792 104.9
3793 104.9
3794 104.9
3795 104.9
3796 104.95
3797 104.95
3798 104.95
3799 105.0
3800 105.0
3801 105.15
3802 105.15
3803 105.15
3804 105.15
3805 105.2
3806 105.2
3807 105.25
3808 105.25
3809 105.25
3810 105.25
3811 105.25
3812 105.25
3813 105.25
3814 105.25
3815 105.25
3816 105.3
3817 105.3
3818 105.4
3819 105.4
3820 105.4
3821 105.4
3822 105.4
3823 105.4
3824 105.4
3825 105.4
3826 105.55
3827 105.55
3828 105.55
3829 105.6
3830 105.6
3831 105.65
3832 105.75
3833 105.75
3834 105.75
3835 105.75
3836 105.75
3837 105.75
3838 105.75
3839 105.75
3840 105.8
3841 105.8
3842 105.8
3843 105.8
3844 105.85
3845 105.85
3846 105.85
3847 106.1
3848 106.1
3849 106.1
3850 106.1
3851 106.1
3852 106.1
3853 106.1
3854 106.1
3855 106.1
3856 106.1
3857 106.1
3858 106.1
3859 106.1
3860 106.15
3861 106.2
3862 106.2
3863 106.2
3864 106.25
3865 106.25
3866 106.3
3867 106.3
3868 106.35
3869 106.4
3870 106.4
3871 106.4
3872 106.4
3873 106.45
3874 106.5
3875 106.5
3876 106.5
3877 106.55
3878 106.6
3879 106.7
3880 106.75
3881 106.75
3882 106.75
3883 106.8
3884 106.8
3885 106.9
3886 106.9
3887 106.9
3888 106.9
3889 106.95
3890 107.0
3891 107.05
3892 107.05
3893 107.05
3894 107.05
3895 107.1
3896 107.1
3897 107.1
3898 107.1
3899 107.1
3900 107.1
3901 107.1
3902 107.1
3903 107.1
3904 107.1
3905 107.1
3906 107.1
3907 107.15
3908 107.15
3909 107.15
3910 107.15
3911 107.2
3912 107.25
3913 107.25
3914 107.25
3915 107.25
3916 107.25
3917 107.25
3918 107.25
3919 107.25
3920 107.25
3921 107.25
3922 107.25
3923 107.35
3924 107.35
3925 107.35
3926 107.4
3927 107.55
3928 107.55
3929 107.7
3930 107.7
3931 107.7
3932 107.7
3933 107.7
3934 107.75
3935 107.85
3936 107.9
3937 107.9
3938 107.95
3939 107.95
3940 107.95
3941 107.95
3942 107.95
3943 108.0
3944 108.0
3945 108.1
3946 108.15
3947 108.15
3948 108.15
3949 108.2
3950 108.2
3951 108.25
3952 108.25
3953 108.25
3954 108.25
3955 108.3
3956 108.3
3957 108.3
3958 108.3
3959 108.3
3960 108.35
3961 108.4
3962 108.4
3963 108.4
3964 108.4
3965 108.4
3966 108.4
3967 108.5
3968 108.5
3969 108.5
3970 108.55
3971 108.65
3972 108.65
3973 108.75
3974 108.75
3975 108.8
3976 108.8
3977 108.8
3978 108.8
3979 108.8
3980 108.8
3981 108.8
3982 108.8
3983 108.9
3984 108.9
3985 108.9
3986 108.9
3987 108.9
3988 108.9
3989 109.0
3990 109.0
3991 109.0
3992 109.0
3993 109.0
3994 109.0
3995 109.0
3996 109.05
3997 109.05
3998 109.1
3999 109.1
4000 109.1
4001 109.1
4002 109.1
4003 109.1
4004 109.1
4005 109.1
4006 109.1
4007 109.1
4008 109.15
4009 109.25
4010 109.25
4011 109.25
4012 109.3
4013 109.3
4014 109.3
4015 109.35
4016 109.4
4017 109.4
4018 109.45
4019 109.5
4020 109.5
4021 109.5
4022 109.55
4023 109.55
4024 109.55
4025 109.55
4026 109.55
4027 109.55
4028 109.55
4029 109.55
4030 109.6
4031 109.6
4032 109.6
4033 109.65
4034 109.65
4035 109.65
4036 109.75
4037 109.75
4038 109.75
4039 109.8
4040 109.8
4041 109.85
4042 109.85
4043 109.85
4044 109.85
4045 109.85
4046 109.85
4047 109.85
4048 109.85
4049 109.85
4050 109.85
4051 109.85
4052 109.9
4053 109.9
4054 109.9
4055 109.9
4056 109.95
4057 109.95
4058 109.95
4059 109.95
4060 109.95
4061 109.95
4062 110.05
4063 110.1
4064 110.1
4065 110.15
4066 110.15
4067 110.15
4068 110.15
4069 110.2
4070 110.2
4071 110.25
4072 110.25
4073 110.3
4074 110.3
4075 110.3
4076 110.45
4077 110.6
4078 110.75
4079 110.75
4080 110.85
4081 110.85
4082 110.85
4083 110.85
4084 110.85
4085 110.9
4086 110.95
4087 110.95
4088 110.95
4089 110.95
4090 110.95
4091 111.0
4092 111.05
4093 111.05
4094 111.05
4095 111.1
4096 111.1
4097 111.1
4098 111.1
4099 111.1
4100 111.2
4101 111.25
4102 111.25
4103 111.25
4104 111.25
4105 111.25
4106 111.25
4107 111.25
4108 111.25
4109 111.3
4110 111.3
4111 111.3
4112 111.3
4113 111.3
4114 111.35
4115 111.35
4116 111.35
4117 111.35
4118 111.35
4119 111.35
4120 111.5
4121 111.5
4122 111.5
4123 111.5
4124 111.5
4125 111.6
4126 111.6
4127 111.6
4128 111.6
4129 111.6
4130 111.6
4131 111.65
4132 111.7
4133 111.7
4134 111.7
4135 111.7
4136 111.75
4137 111.75
4138 111.75
4139 111.75
4140 111.75
4141 111.75
4142 111.85
4143 111.85
4144 111.85
4145 111.85
4146 111.85
4147 111.85
4148 111.95
4149 111.95
4150 112.0
4151 112.0
4152 112.05
4153 112.05
4154 112.05
4155 112.2
4156 112.25
4157 112.4
4158 112.4
4159 112.5
4160 112.5
4161 112.55
4162 112.55
4163 112.55
4164 112.55
4165 112.55
4166 112.6
4167 112.75
4168 112.75
4169 112.75
4170 112.75
4171 112.75
4172 112.75
4173 112.75
4174 112.85
4175 112.9
4176 112.9
4177 113.0
4178 113.0
4179 113.0
4180 113.0
4181 113.0
4182 113.0
4183 113.0
4184 113.05
4185 113.05
4186 113.05
4187 113.05
4188 113.05
4189 113.05
4190 113.05
4191 113.2
4192 113.2
4193 113.2
4194 113.2
4195 113.2
4196 113.2
4197 113.2
4198 113.2
4199 113.2
4200 113.2
4201 113.2
4202 113.2
4203 113.25
4204 113.25
4205 113.3
4206 113.3
4207 113.45
4208 113.45
4209 113.45
4210 113.45
4211 113.5
4212 113.5
4213 113.5
4214 113.5
4215 113.55
4216 113.55
4217 113.55
4218 113.55
4219 113.55
4220 113.55
4221 113.55
4222 113.55
4223 113.55
4224 113.65
4225 113.65
4226 113.65
4227 113.65
4228 113.65
4229 113.75
4230 113.8
4231 113.8
4232 113.8
4233 113.85
4234 113.85
4235 113.85
4236 113.85
4237 113.9
4238 113.9
4239 113.9
4240 113.9
4241 113.95
4242 113.95
4243 114.05
4244 114.05
4245 114.05
4246 114.05
4247 114.05
4248 114.05
4249 114.05
4250 114.05
4251 114.05
4252 114.05
4253 114.05
4254 114.05
4255 114.1
4256 114.1
4257 114.1
4258 114.1
4259 114.15
4260 114.2
4261 114.2
4262 114.2
4263 114.2
4264 114.2
4265 114.2
4266 114.2
4267 114.2
4268 114.25
4269 114.3
4270 114.35
4271 114.4
4272 114.4
4273 114.4
4274 114.4
4275 114.45
4276 114.55
4277 114.6
4278 114.7
4279 114.7
4280 114.7
4281 114.7
4282 114.7
4283 114.7
4284 114.7
4285 114.7
4286 114.85
4287 114.85
4288 114.85
4289 114.85
4290 114.85
4291 114.85
4292 114.9
4293 114.95
4294 115.05
4295 115.05
4296 115.05
4297 115.05
4298 115.05
4299 115.05
4300 115.05
4301 115.05
4302 115.05
4303 115.15
4304 115.15
4305 115.15
4306 115.15
4307 115.15
4308 115.15
4309 115.15
4310 115.15
4311 115.2
4312 115.2
4313 115.2
4314 115.2
4315 115.25
4316 115.25
4317 115.25
4318 115.25
4319 115.25
4320 115.25
4321 115.25
4322 115.3
4323 115.3
4324 115.35
4325 115.35
4326 115.35
4327 115.35
4328 115.35
4329 115.35
4330 115.4
4331 115.45
4332 115.45
4333 115.45
4334 115.45
4335 115.45
4336 115.45
4337 115.45
4338 115.5
4339 115.55
4340 115.55
4341 115.6
4342 115.6
4343 115.6
4344 115.6
4345 115.65
4346 115.65
4347 115.65
4348 115.65
4349 115.65
4350 115.65
4351 115.75
4352 115.8
4353 115.8
4354 115.8
4355 115.8
4356 115.8
4357 115.85
4358 115.85
4359 115.85
4360 115.85
4361 115.85
4362 115.9
4363 115.9
4364 115.9
4365 115.9
4366 115.95
4367 115.95
4368 115.95
4369 115.95
4370 115.95
4371 115.95
4372 115.95
4373 116.0
4374 116.0
4375 116.0
4376 116.0
4377 116.1
4378 116.1
4379 116.1
4380 116.1
4381 116.1
4382 116.1
4383 116.1
4384 116.1
4385 116.1
4386 116.1
4387 116.1
4388 116.1
4389 116.1
4390 116.1
4391 116.1
4392 116.1
4393 116.1
4394 116.15
4395 116.15
4396 116.2
4397 116.2
4398 116.2
4399 116.25
4400 116.3
4401 116.35
4402 116.4
4403 116.45
4404 116.5
4405 116.55
4406 116.55
4407 116.55
4408 116.55
4409 116.55
4410 116.55
4411 116.6
4412 116.6
4413 116.65
4414 116.7
4415 116.8
4416 116.85
4417 116.85
4418 116.9
4419 116.9
4420 116.95
4421 116.95
4422 116.95
4423 116.95
4424 117.0
4425 117.0
4426 117.05
4427 117.05
4428 117.05
4429 117.05
4430 117.05
4431 117.05
4432 117.05
4433 117.05
4434 117.1
4435 117.1
4436 117.1
4437 117.1
4438 117.1
4439 117.1
4440 117.1
4441 117.15
4442 117.15
4443 117.15
4444 117.2
4445 117.2
4446 117.2
4447 117.25
4448 117.25
4449 117.25
4450 117.25
4451 117.3
4452 117.35
4453 117.35
4454 117.35
4455 117.35
4456 117.35
4457 117.35
4458 117.4
4459 117.4
4460 117.4
4461 117.5
4462 117.55
4463 117.55
4464 117.7
4465 117.8
4466 117.8
4467 117.85
4468 117.85
4469 117.85
4470 117.9
4471 118.0
4472 118.0
4473 118.0
4474 118.0
4475 118.0
4476 118.05
4477 118.05
4478 118.1
4479 118.1
4480 118.1
4481 118.1
4482 118.1
4483 118.2
4484 118.2
4485 118.2
4486 118.2
4487 118.2
4488 118.3
4489 118.35
4490 118.35
4491 118.35
4492 118.35
4493 118.35
4494 118.35
4495 118.35
4496 118.35
4497 118.35
4498 118.35
4499 118.35
4500 118.35
4501 118.45
4502 118.45
4503 118.45
4504 118.45
4505 118.45
4506 118.5
4507 118.5
4508 118.5
4509 118.5
4510 118.5
4511 118.55
4512 118.55
4513 118.55
4514 118.55
4515 118.55
4516 118.65
4517 118.65
4518 118.7
4519 118.7
4520 118.75
4521 118.75
4522 118.75
4523 118.8
4524 118.8
4525 118.8
4526 118.85
4527 118.85
4528 118.85
4529 118.85
4530 119.0
4531 119.0
4532 119.0
4533 119.05
4534 119.05
4535 119.05
4536 119.05
4537 119.05
4538 119.05
4539 119.05
4540 119.05
4541 119.05
4542 119.05
4543 119.05
4544 119.05
4545 119.05
4546 119.05
4547 119.05
4548 119.05
4549 119.05
4550 119.1
4551 119.1
4552 119.1
4553 119.1
4554 119.1
4555 119.1
4556 119.1
4557 119.1
4558 119.15
4559 119.15
4560 119.15
4561 119.15
4562 119.3
4563 119.3
4564 119.3
4565 119.3
4566 119.35
4567 119.35
4568 119.5
4569 119.5
4570 119.5
4571 119.5
4572 119.5
4573 119.5
4574 119.5
4575 119.5
4576 119.5
4577 119.5
4578 119.5
4579 119.6
4580 119.6
4581 119.6
4582 119.6
4583 119.6
4584 119.6
4585 119.6
4586 119.6
4587 119.75
4588 119.75
4589 119.75
4590 119.75
4591 119.85
4592 119.85
4593 119.85
4594 119.9
4595 119.9
4596 119.9
4597 119.9
4598 119.9
4599 119.9
4600 119.9
4601 119.9
4602 119.9
4603 119.9
4604 119.95
4605 119.95
4606 119.95
4607 120.0
4608 120.0
4609 120.0
4610 120.0
4611 120.1
4612 120.1
4613 120.1
4614 120.1
4615 120.1
4616 120.1
4617 120.15
4618 120.15
4619 120.2
4620 120.2
4621 120.25
4622 120.25
4623 120.25
4624 120.25
4625 120.25
4626 120.3
4627 120.3
4628 120.3
4629 120.3
4630 120.45
4631 120.45
4632 120.45
4633 120.45
4634 120.45
4635 120.45
4636 120.45
4637 120.5
4638 120.5
4639 120.5
4640 120.5
4641 120.5
4642 120.5
4643 120.5
4644 120.55
4645 120.55
4646 120.6
4647 120.6
4648 120.6
4649 120.65
4650 120.65
4651 120.75
4652 120.75
4653 120.75
4654 120.75
4655 120.75
4656 120.75
4657 120.75
4658 120.8
4659 120.8
4660 120.8
4661 120.8
4662 120.8
4663 120.8
4664 120.8
4665 120.8
4666 120.8
4667 120.8
4668 120.8
4669 120.8
4670 120.85
4671 120.9
4672 120.9
4673 120.9
4674 120.9
4675 120.95
4676 120.95
4677 121.0
4678 121.1
4679 121.15
4680 121.15
4681 121.15
4682 121.2
4683 121.25
4684 121.25
4685 121.25
4686 121.25
4687 121.4
4688 121.4
4689 121.4
4690 121.45
4691 121.45
4692 121.5
4693 121.55
4694 121.55
4695 121.65
4696 121.65
4697 121.7
4698 121.75
4699 121.75
4700 121.75
4701 121.75
4702 121.85
4703 121.85
4704 121.85
4705 121.85
4706 121.85
4707 121.9
4708 121.9
4709 121.9
4710 121.9
4711 121.9
4712 121.95
4713 121.95
4714 121.95
4715 121.95
4716 121.95
4717 122.0
4718 122.0
4719 122.1
4720 122.1
4721 122.1
4722 122.1
4723 122.1
4724 122.1
4725 122.15
4726 122.15
4727 122.2
4728 122.2
4729 122.2
4730 122.2
4731 122.2
4732 122.25
4733 122.3
4734 122.3
4735 122.35
4736 122.35
4737 122.35
4738 122.5
4739 122.55
4740 122.55
4741 122.6
4742 122.6
4743 122.6
4744 122.65
4745 122.65
4746 122.65
4747 122.65
4748 122.7
4749 122.7
4750 122.75
4751 122.8
4752 122.85
4753 122.85
4754 122.85
4755 122.85
4756 122.85
4757 122.9
4758 122.9
4759 122.9
4760 122.95
4761 123.0
4762 123.05
4763 123.05
4764 123.05
4765 123.05
4766 123.1
4767 123.15
4768 123.15
4769 123.25
4770 123.25
4771 123.3
4772 123.3
4773 123.3
4774 123.3
4775 123.3
4776 123.35
4777 123.35
4778 123.35
4779 123.4
4780 123.4
4781 123.4
4782 123.4
4783 123.4
4784 123.4
4785 123.4
4786 123.45
4787 123.45
4788 123.6
4789 123.6
4790 123.6
4791 123.6
4792 123.6
4793 123.65
4794 123.65
4795 123.65
4796 123.65
4797 123.65
4798 123.7
4799 123.7
4800 123.7
4801 123.7
4802 123.7
4803 123.7
4804 123.7
4805 123.7
4806 123.7
4807 123.7
4808 123.8
4809 123.8
4810 123.8
4811 123.8
4812 123.9
4813 123.9
4814 123.9
4815 123.9
4816 124.0
4817 124.15
4818 124.15
4819 124.15
4820 124.15
4821 124.15
4822 124.25
4823 124.25
4824 124.25
4825 124.25
4826 124.25
4827 124.25
4828 124.25
4829 124.25
4830 124.25
4831 124.25
4832 124.25
4833 124.25
4834 124.25
4835 124.4
4836 124.4
4837 124.4
4838 124.4
4839 124.45
4840 124.75
4841 124.75
4842 124.75
4843 124.75
4844 124.75
4845 124.8
4846 124.8
4847 124.8
4848 124.85
4849 124.85
4850 124.85
4851 124.85
4852 124.85
4853 124.85
4854 124.85
4855 124.9
4856 124.9
4857 124.95
4858 125.0
4859 125.05
4860 125.05
4861 125.05
4862 125.05
4863 125.05
4864 125.05
4865 125.05
4866 125.05
4867 125.05
4868 125.05
4869 125.05
4870 125.05
4871 125.15
4872 125.15
4873 125.15
4874 125.15
4875 125.2
4876 125.2
4877 125.2
4878 125.2
4879 125.3
4880 125.3
4881 125.3
4882 125.3
4883 125.3
4884 125.35
4885 125.35
4886 125.35
4887 125.35
4888 125.4
4889 125.4
4890 125.4
4891 125.4
4892 125.45
4893 125.5
4894 125.5
4895 125.5
4896 125.5
4897 125.5
4898 125.5
4899 125.5
4900 125.5
4901 125.5
4902 125.5
4903 125.5
4904 125.5
4905 125.5
4906 125.5
4907 125.55
4908 125.55
4909 125.55
4910 125.55
4911 125.55
4912 125.55
4913 125.55
4914 125.55
4915 125.55
4916 125.55
4917 125.55
4918 125.55
4919 125.55
4920 125.55
4921 125.55
4922 125.55
4923 125.7
4924 125.7
4925 125.7
4926 125.75
4927 125.75
4928 125.75
4929 125.75
4930 125.8
4931 125.8
4932 125.9
4933 125.95
4934 125.95
4935 125.95
4936 125.95
4937 125.95
4938 125.95
4939 125.95
4940 125.95
4941 126.0
4942 126.0
4943 126.0
4944 126.0
4945 126.0
4946 126.05
4947 126.05
4948 126.1
4949 126.1
4950 126.1
4951 126.1
4952 126.1
4953 126.15
4954 126.25
4955 126.25
4956 126.25
4957 126.25
4958 126.25
4959 126.35
4960 126.35
4961 126.35
4962 126.4
4963 126.4
4964 126.4
4965 126.4
4966 126.4
4967 126.4
4968 126.4
4969 126.4
4970 126.45
4971 126.55
4972 126.55
4973 126.6
4974 126.6
4975 126.6
4976 126.6
4977 126.6
4978 126.6
4979 126.6
4980 126.7
4981 126.75
4982 126.75
4983 126.75
4984 126.75
4985 126.8
4986 126.85
4987 126.85
4988 126.85
4989 126.85
4990 126.85
4991 126.85
4992 126.85
4993 126.85
4994 126.85
4995 126.85
4996 126.9
4997 126.9
4998 126.9
4999 126.9
5000 126.9
5001 126.9
5002 126.9
5003 126.9
5004 126.9
5005 126.9
5006 126.95
5007 126.95
5008 126.95
5009 126.95
5010 127.0
5011 127.0
5012 127.0
5013 127.05
5014 127.05
5015 127.05
5016 127.05
5017 127.05
5018 127.05
5019 127.05
5020 127.05
5021 127.05
5022 127.1
5023 127.1
5024 127.1
5025 127.15
5026 127.15
5027 127.15
5028 127.15
5029 127.15
5030 127.15
5031 127.15
5032 127.15
5033 127.2
5034 127.2
5035 127.25
5036 127.25
5037 127.25
5038 127.25
5039 127.25
5040 127.3
5041 127.35
5042 127.35
5043 127.35
5044 127.35
5045 127.35
5046 127.35
5047 127.35
5048 127.35
5049 127.35
5050 127.4
5051 127.45
5052 127.45
5053 127.45
5054 127.5
5055 127.5
5056 127.6
5057 127.6
5058 127.65
5059 127.65
5060 127.65
5061 127.65
5062 127.65
5063 127.65
5064 127.65
5065 127.7
5066 127.7
5067 127.75
5068 127.75
5069 127.85
5070 127.85
5071 127.9
5072 127.9
5073 127.9
5074 127.9
5075 127.9
5076 127.9
5077 127.9
5078 127.9
5079 127.9
5080 127.9
5081 127.9
5082 127.95
5083 128.0
5084 128.05
5085 128.05
5086 128.1
5087 128.15
5088 128.15
5089 128.15
5090 128.2
5091 128.2
5092 128.2
5093 128.2
5094 128.25
5095 128.25
5096 128.3
5097 128.35
5098 128.4
5099 128.4
5100 128.4
5101 128.4
5102 128.4
5103 128.4
5104 128.45
5105 128.45
5106 128.5
5107 128.5
5108 128.5
5109 128.5
5110 128.5
5111 128.5
5112 128.5
5113 128.5
5114 128.55
5115 128.55
5116 128.55
5117 128.6
5118 128.65
5119 128.65
5120 128.65
5121 128.65
5122 128.65
5123 128.75
5124 128.8
5125 128.8
5126 128.8
5127 128.8
5128 128.8
5129 128.85
5130 128.85
5131 128.85
5132 128.9
5133 128.9
5134 128.9
5135 128.9
5136 128.9
5137 128.9
5138 128.9
5139 128.9
5140 128.9
5141 128.9
5142 128.9
5143 128.9
5144 128.9
5145 129.0
5146 129.0
5147 129.0
5148 129.0
5149 129.0
5150 129.0
5151 129.0
5152 129.05
5153 129.05
5154 129.05
5155 129.1
5156 129.15
5157 129.2
5158 129.2
5159 129.2
5160 129.2
5161 129.25
5162 129.25
5163 129.25
5164 129.25
5165 129.25
5166 129.25
5167 129.25
5168 129.25
5169 129.3
5170 129.3
5171 129.3
5172 129.3
5173 129.3
5174 129.3
5175 129.4
5176 129.4
5177 129.4
5178 129.4
5179 129.45
5180 129.45
5181 129.45
5182 129.55
5183 129.6
5184 129.65
5185 129.85
5186 129.9
5187 129.9
5188 129.9
5189 129.95
5190 129.95
5191 129.95
5192 129.95
5193 129.95
5194 129.95
5195 129.95
5196 129.95
5197 129.95
5198 130.0
5199 130.0
5200 130.0
5201 130.0
5202 130.15
5203 130.2
5204 130.2
5205 130.2
5206 130.2
5207 130.25
5208 130.25
5209 130.25
5210 130.25
5211 130.25
5212 130.3
5213 130.3
5214 130.4
5215 130.4
5216 130.4
5217 130.4
5218 130.4
5219 130.4
5220 130.4
5221 130.45
5222 130.5
5223 130.6
5224 130.6
5225 130.6
5226 130.6
5227 130.65
5228 130.7
5229 130.7
5230 130.7
5231 130.7
5232 130.7
5233 130.7
5234 130.7
5235 130.7
5236 130.7
5237 130.7
5238 130.75
5239 130.8
5240 130.8
5241 130.8
5242 130.8
5243 130.8
5244 130.8
5245 130.85
5246 130.85
5247 130.85
5248 130.85
5249 130.9
5250 130.9
5251 130.9
5252 130.9
5253 130.9
5254 130.9
5255 130.9
5256 130.9
5257 130.95
5258 130.95
5259 130.95
5260 130.95
5261 130.95
5262 130.95
5263 131.0
5264 131.05
5265 131.1
5266 131.1
5267 131.1
5268 131.1
5269 131.1
5270 131.1
5271 131.1
5272 131.1
5273 131.1
5274 131.1
5275 131.1
5276 131.1
5277 131.1
5278 131.1
5279 131.1
5280 131.1
5281 131.2
5282 131.2
5283 131.25
5284 131.25
5285 131.25
5286 131.25
5287 131.25
5288 131.25
5289 131.35
5290 131.35
5291 131.55
5292 131.55
5293 131.6
5294 131.6
5295 131.6
5296 131.65
5297 131.7
5298 131.7
5299 131.7
5300 131.7
5301 131.7
5302 131.7
5303 131.7
5304 131.7
5305 131.7
5306 131.7
5307 131.7
5308 131.7
5309 131.75
5310 131.75
5311 131.75
5312 131.75
5313 131.75
5314 131.75
5315 131.75
5316 131.75
5317 131.75
5318 131.75
5319 131.75
5320 131.85
5321 131.85
5322 131.85
5323 131.85
5324 131.85
5325 131.9
5326 131.9
5327 131.9
5328 131.9
5329 131.9
5330 131.95
5331 131.95
5332 131.95
5333 131.95
5334 131.95
5335 131.95
5336 131.95
5337 131.95
5338 131.95
5339 132.0
5340 132.0
5341 132.0
5342 132.0
5343 132.1
5344 132.2
5345 132.25
5346 132.3
5347 132.3
5348 132.3
5349 132.3
5350 132.35
5351 132.35
5352 132.35
5353 132.35
5354 132.35
5355 132.35
5356 132.35
5357 132.45
5358 132.45
5359 132.55
5360 132.55
5361 132.55
5362 132.6
5363 132.6
5364 132.6
5365 132.65
5366 132.65
5367 132.65
5368 132.7
5369 132.7
5370 132.7
5371 132.7
5372 132.7
5373 132.7
5374 132.9
5375 132.95
5376 133.0
5377 133.0
5378 133.0
5379 133.05
5380 133.05
5381 133.05
5382 133.05
5383 133.05
5384 133.05
5385 133.05
5386 133.05
5387 133.05
5388 133.05
5389 133.05
5390 133.1
5391 133.1
5392 133.1
5393 133.1
5394 133.1
5395 133.15
5396 133.15
5397 133.15
5398 133.2
5399 133.2
5400 133.2
5401 133.2
5402 133.2
5403 133.2
5404 133.2
5405 133.2
5406 133.25
5407 133.25
5408 133.25
5409 133.3
5410 133.3
5411 133.3
5412 133.35
5413 133.35
5414 133.4
5415 133.4
5416 133.4
5417 133.45
5418 133.45
5419 133.45
5420 133.5
5421 133.5
5422 133.5
5423 133.5
5424 133.5
5425 133.5
5426 133.5
5427 133.55
5428 133.55
5429 133.55
5430 133.55
5431 133.55
5432 133.55
5433 133.6
5434 133.6
5435 133.6
5436 133.6
5437 133.6
5438 133.6
5439 133.6
5440 133.65
5441 133.65
5442 133.65
5443 133.7
5444 133.7
5445 133.75
5446 133.75
5447 133.75
5448 133.75
5449 133.8
5450 133.8
5451 133.8
5452 133.8
5453 133.8
5454 133.8
5455 133.8
5456 133.8
5457 133.8
5458 133.8
5459 133.85
5460 133.85
5461 133.85
5462 133.9
5463 133.95
5464 133.95
5465 133.95
5466 133.95
5467 133.95
5468 134.0
5469 134.0
5470 134.0
5471 134.0
5472 134.1
5473 134.1
5474 134.1
5475 134.1
5476 134.1
5477 134.1
5478 134.1
5479 134.15
5480 134.15
5481 134.15
5482 134.15
5483 134.15
5484 134.15
5485 134.25
5486 134.25
5487 134.25
5488 134.25
5489 134.25
5490 134.25
5491 134.25
5492 134.25
5493 134.25
5494 134.3
5495 134.3
5496 134.3
5497 134.3
5498 134.35
5499 134.4
5500 134.4
5501 134.4
5502 134.4
5503 134.4
5504 134.45
5505 134.5
5506 134.55
5507 134.55
5508 134.6
5509 134.6
5510 134.6
5511 134.6
5512 134.6
5513 134.6
5514 134.6
5515 134.6
5516 134.6
5517 134.65
5518 134.7
5519 134.7
5520 134.7
5521 134.7
5522 134.8
5523 134.8
5524 134.8
5525 134.8
5526 134.8
5527 134.8
5528 134.85
5529 134.85
5530 134.85
5531 134.85
5532 134.85
5533 134.85
5534 134.85
5535 134.85
5536 134.9
5537 134.95
5538 134.95
5539 134.95
5540 134.95
5541 135.05
5542 135.05
5543 135.05
5544 135.05
5545 135.25
5546 135.25
5547 135.3
5548 135.3
5549 135.3
5550 135.35
5551 135.35
5552 135.4
5553 135.4
5554 135.4
5555 135.4
5556 135.4
5557 135.4
5558 135.4
5559 135.4
5560 135.4
5561 135.4
5562 135.4
5563 135.4
5564 135.4
5565 135.4
5566 135.4
5567 135.45
5568 135.5
5569 135.5
5570 135.5
5571 135.5
5572 135.5
5573 135.5
5574 135.55
5575 135.55
5576 135.55
5577 135.55
5578 135.6
5579 135.7
5580 135.75
5581 135.8
5582 135.8
5583 135.8
5584 135.8
5585 135.9
5586 135.9
5587 135.9
5588 135.95
5589 135.95
5590 135.95
5591 135.95
5592 136.0
5593 136.0
5594 136.0
5595 136.0
5596 136.0
5597 136.0
5598 136.0
5599 136.0
5600 136.0
5601 136.0
5602 136.05
5603 136.05
5604 136.05
5605 136.05
5606 136.05
5607 136.1
5608 136.15
5609 136.15
5610 136.15
5611 136.15
5612 136.15
5613 136.15
5614 136.15
5615 136.15
5616 136.15
5617 136.15
5618 136.15
5619 136.2
5620 136.2
5621 136.2
5622 136.2
5623 136.2
5624 136.2
5625 136.2
5626 136.2
5627 136.2
5628 136.3
5629 136.3
5630 136.3
5631 136.3
5632 136.35
5633 136.35
5634 136.4
5635 136.45
5636 136.45
5637 136.5
5638 136.5
5639 136.5
5640 136.5
5641 136.5
5642 136.5
5643 136.5
5644 136.5
5645 136.5
5646 136.5
5647 136.55
5648 136.6
5649 136.6
5650 136.6
5651 136.6
5652 136.65
5653 136.65
5654 136.75
5655 136.8
5656 136.85
5657 136.85
5658 136.9
5659 136.9
5660 136.95
5661 136.95
5662 136.95
5663 137.05
5664 137.05
5665 137.05
5666 137.05
5667 137.05
5668 137.05
5669 137.05
5670 137.05
5671 137.05
5672 137.05
5673 137.1
5674 137.1
5675 137.15
5676 137.15
5677 137.15
5678 137.2
5679 137.2
5680 137.2
5681 137.25
5682 137.25
5683 137.25
5684 137.25
5685 137.3
5686 137.3
5687 137.3
5688 137.3
5689 137.3
5690 137.3
5691 137.3
5692 137.3
5693 137.35
5694 137.45
5695 137.45
5696 137.45
5697 137.45
5698 137.45
5699 137.45
5700 137.45
5701 137.5
5702 137.5
5703 137.55
5704 137.55
5705 137.55
5706 137.55
5707 137.55
5708 137.55
5709 137.55
5710 137.55
5711 137.55
5712 137.55
5713 137.55
5714 137.55
5715 137.55
5716 137.55
5717 137.55
5718 137.55
5719 137.55
5720 137.55
5721 137.6
5722 137.7
5723 137.7
5724 137.7
5725 137.7
5726 137.7
5727 137.7
5728 137.7
5729 137.8
5730 137.8
5731 137.8
5732 137.8
5733 137.8
5734 137.8
5735 137.8
5736 137.85
5737 137.9
5738 137.9
5739 137.95
5740 137.95
5741 137.95
5742 137.95
5743 137.95
5744 138.05
5745 138.05
5746 138.05
5747 138.1
5748 138.1
5749 138.1
5750 138.1
5751 138.1
5752 138.1
5753 138.2
5754 138.2
5755 138.25
5756 138.25
5757 138.3
5758 138.3
5759 138.35
5760 138.35
5761 138.35
5762 138.35
5763 138.4
5764 138.4
5765 138.4
5766 138.4
5767 138.4
5768 138.45
5769 138.45
5770 138.45
5771 138.45
5772 138.45
5773 138.5
5774 138.55
5775 138.6
5776 138.6
5777 138.6
5778 138.65
5779 138.65
5780 138.7
5781 138.7
5782 138.7
5783 138.7
5784 138.75
5785 138.75
5786 138.75
5787 138.75
5788 138.75
5789 138.75
5790 138.75
5791 138.75
5792 138.8
5793 138.8
5794 138.9
5795 138.9
5796 138.9
5797 138.9
5798 138.9
5799 138.9
5800 138.9
5801 138.9
5802 138.9
5803 138.9
5804 138.95
5805 138.95
5806 138.95
5807 139.05
5808 139.05
5809 139.05
5810 139.1
5811 139.1
5812 139.1
5813 139.2
5814 139.2
5815 139.25
5816 139.25
5817 139.3
5818 139.3
5819 139.3
5820 139.35
5821 139.35
5822 139.35
5823 139.35
5824 139.35
5825 139.35
5826 139.35
5827 139.35
5828 139.4
5829 139.4
5830 139.4
5831 139.45
5832 139.45
5833 139.45
5834 139.45
5835 139.45
5836 139.45
5837 139.45
5838 139.5
5839 139.5
5840 139.5
5841 139.5
5842 139.5
5843 139.6
5844 139.6
5845 139.6
5846 139.6
5847 139.6
5848 139.6
5849 139.65
5850 139.65
5851 139.65
5852 139.65
5853 139.65
5854 139.65
5855 139.8
5856 139.8
5857 139.85
5858 139.85
5859 139.9
5860 139.9
5861 139.95
5862 139.95
5863 139.95
5864 139.95
5865 139.95
5866 139.95
5867 139.95
5868 139.95
5869 140.0
5870 140.05
5871 140.05
5872 140.1
5873 140.1
5874 140.1
5875 140.1
5876 140.1
5877 140.2
5878 140.2
5879 140.2
5880 140.2
5881 140.25
5882 140.3
5883 140.3
5884 140.3
5885 140.3
5886 140.3
5887 140.3
5888 140.35
5889 140.35
5890 140.35
5891 140.35
5892 140.45
5893 140.45
5894 140.5
5895 140.55
5896 140.55
5897 140.6
5898 140.6
5899 140.6
5900 140.6
5901 140.65
5902 140.7
5903 140.75
5904 140.75
5905 140.75
5906 140.75
5907 140.75
5908 140.75
5909 140.75
5910 140.8
5911 140.8
5912 140.8
5913 140.8
5914 140.8
5915 140.8
5916 140.8
5917 140.8
5918 140.8
5919 140.8
5920 140.85
5921 140.85
5922 140.85
5923 140.85
5924 140.85
5925 140.85
5926 140.85
5927 140.9
5928 141.0
5929 141.1
5930 141.1
5931 141.1
5932 141.1
5933 141.1
5934 141.1
5935 141.2
5936 141.25
5937 141.25
5938 141.25
5939 141.25
5940 141.25
5941 141.25
5942 141.25
5943 141.3
5944 141.3
5945 141.3
5946 141.3
5947 141.3
5948 141.3
5949 141.3
5950 141.35
5951 141.35
5952 141.35
5953 141.35
5954 141.4
5955 141.4
5956 141.4
5957 141.4
5958 141.4
5959 141.4
5960 141.4
5961 141.45
5962 141.45
5963 141.45
5964 141.45
5965 141.45
5966 141.45
5967 141.45
5968 141.45
5969 141.45
5970 141.45
5971 141.45
5972 141.45
5973 141.45
5974 141.45
5975 141.45
5976 141.45
5977 141.45
5978 141.45
5979 141.45
5980 141.45
5981 141.45
5982 141.45
5983 141.45
5984 141.45
5985 141.45
5986 141.5
5987 141.5
5988 141.5
5989 141.5
5990 141.5
5991 141.5
5992 141.5
5993 141.5
5994 141.55
5995 141.55
5996 141.55
5997 141.55
5998 141.55
5999 141.55
