#iterations fitness
0 0.0
1 0.15
2 0.35
3 0.45
4 0.7
5 0.7
6 0.8
7 0.85
8 0.9
9 0.95
10 1.1
11 1.25
12 1.4
13 1.4
14 1.55
15 1.55
16 1.65
17 1.65
18 1.7
19 1.95
20 2.0
21 2.05
22 2.1
23 2.2
24 2.2
25 2.2
26 2.2
27 2.25
28 2.35
29 2.45
30 2.45
31 2.45
32 2.6
33 2.65
34 2.65
35 2.65
36 2.7
37 2.7
38 2.75
39 2.85
40 2.85
41 2.9
42 3.0
43 3.0
44 3.05
45 3.1
46 3.15
47 3.2
48 3.35
49 3.35
50 3.35
51 3.4
52 3.4
53 3.45
54 3.45
55 3.55
56 3.55
57 3.55
58 3.6
59 3.6
60 3.6
61 3.6
62 3.65
63 3.9
64 4.1
65 4.1
66 4.1
67 4.2
68 4.2
69 4.2
70 4.4
71 4.5
72 4.5
73 4.5
74 4.55
75 4.65
76 4.65
77 4.75
78 4.75
79 4.8
80 4.8
81 4.8
82 4.8
83 4.9
84 4.9
85 4.95
86 5.0
87 5.05
88 5.1
89 5.2
90 5.2
91 5.25
92 5.5
93 5.5
94 5.5
95 5.65
96 5.75
97 5.85
98 5.9
99 5.9
100 5.9
101 6.05
102 6.05
103 6.05
104 6.05
105 6.15
106 6.2
107 6.35
108 6.35
109 6.35
110 6.45
111 6.45
112 6.5
113 6.5
114 6.55
115 6.55
116 6.6
117 6.6
118 6.6
119 6.8
120 7.0
121 7.05
122 7.1
123 7.1
124 7.1
125 7.15
126 7.2
127 7.3
128 7.3
129 7.3
130 7.35
131 7.4
132 7.4
133 7.55
134 7.55
135 7.55
136 7.6
137 7.6
138 7.7
139 7.85
140 7.85
141 8.1
142 8.15
143 8.3
144 8.3
145 8.4
146 8.5
147 8.55
148 8.55
149 8.55
150 8.55
151 8.6
152 8.6
153 8.7
154 8.85
155 9.05
156 9.05
157 9.1
158 9.15
159 9.3
160 9.4
161 9.5
162 9.6
163 9.65
164 9.65
165 10.1
166 10.15
167 10.15
168 10.25
169 10.35
170 10.35
171 10.45
172 10.65
173 10.65
174 10.65
175 10.8
176 10.8
177 10.9
178 10.95
179 10.95
180 11.05
181 11.1
182 11.1
183 11.15
184 11.15
185 11.25
186 11.25
187 11.3
188 11.3
189 11.3
190 11.4
191 11.5
192 11.55
193 11.55
194 11.55
195 11.75
196 11.9
197 11.9
198 12.1
199 12.2
200 12.25
201 12.35
202 12.35
203 12.35
204 12.4
205 12.4
206 12.65
207 12.65
208 12.75
209 12.9
210 12.9
211 12.95
212 13.0
213 13.0
214 13.0
215 13.05
216 13.05
217 13.1
218 13.1
219 13.3
220 13.35
221 13.4
222 13.45
223 13.45
224 13.45
225 13.55
226 13.55
227 13.6
228 13.6
229 13.8
230 13.8
231 14.15
232 14.15
233 14.25
234 14.45
235 14.6
236 14.6
237 14.7
238 14.7
239 14.7
240 14.75
241 14.85
242 14.85
243 14.9
244 14.95
245 14.95
246 15.05
247 15.15
248 15.25
249 15.4
250 15.5
251 15.55
252 15.7
253 15.9
254 15.95
255 15.95
256 16.15
257 16.15
258 16.25
259 16.35
260 16.45
261 16.45
262 16.6
263 16.6
264 16.9
265 16.9
266 16.9
267 16.95
268 17.0
269 17.0
270 17.0
271 17.25
272 17.45
273 17.65
274 17.65
275 17.65
276 17.7
277 17.8
278 17.95
279 17.95
280 17.95
281 17.95
282 18.0
283 18.0
284 18.1
285 18.2
286 18.2
287 18.2
288 18.2
289 18.25
290 18.35
291 18.4
292 18.45
293 18.5
294 18.5
295 18.5
296 18.5
297 18.5
298 18.5
299 18.6
300 18.65
301 19.0
302 19.1
303 19.15
304 19.2
305 19.2
306 19.3
307 19.3
308 19.35
309 19.5
310 19.6
311 19.6
312 19.8
313 19.85
314 20.05
315 20.15
316 20.2
317 20.2
318 20.2
319 20.25
320 20.3
321 20.3
322 20.4
323 20.65
324 20.65
325 20.8
326 20.95
327 20.95
328 20.95
329 21.0
330 21.2
331 21.3
332 21.4
333 21.45
334 21.45
335 21.55
336 21.6
337 21.6
338 21.6
339 21.6
340 21.75
341 21.75
342 22.0
343 22.0
344 22.0
345 22.15
346 22.2
347 22.2
348 22.25
349 22.3
350 22.3
351 22.4
352 22.4
353 22.4
354 22.5
355 22.5
356 22.55
357 22.75
358 22.75
359 22.85
360 23.0
361 23.1
362 23.1
363 23.15
364 23.25
365 23.35
366 23.4
367 23.45
368 23.45
369 23.45
370 23.55
371 23.6
372 23.6
373 23.7
374 23.9
375 23.95
376 24.0
377 24.1
378 24.1
379 24.1
380 24.25
381 24.25
382 24.35
383 24.4
384 24.5
385 24.5
386 24.55
387 24.55
388 24.65
389 24.75
390 24.9
391 24.9
392 25.0
393 25.05
394 25.05
395 25.05
396 25.05
397 25.1
398 25.1
399 25.15
400 25.2
401 25.35
402 25.35
403 25.45
404 25.45
405 25.5
406 25.65
407 25.85
408 25.85
409 25.95
410 26.1
411 26.15
412 26.45
413 26.55
414 26.6
415 26.6
416 26.75
417 26.75
418 26.85
419 26.95
420 27.0
421 27.0
422 27.0
423 27.15
424 27.2
425 27.3
426 27.3
427 27.35
428 27.35
429 27.6
430 27.65
431 27.65
432 27.65
433 27.65
434 27.7
435 27.8
436 27.85
437 27.95
438 27.95
439 28.05
440 28.05
441 28.1
442 28.1
443 28.15
444 28.15
445 28.25
446 28.45
447 28.65
448 28.75
449 28.8
450 28.8
451 28.8
452 28.85
453 28.85
454 28.95
455 29.05
456 29.1
457 29.2
458 29.3
459 29.4
460 29.5
461 29.5
462 29.7
463 29.75
464 29.9
465 29.9
466 29.9
467 29.9
468 30.0
469 30.15
470 30.2
471 30.2
472 30.3
473 30.3
474 30.4
475 30.5
476 30.6
477 30.7
478 30.7
479 30.85
480 30.9
481 31.0
482 31.05
483 31.05
484 31.2
485 31.2
486 31.3
487 31.35
488 31.35
489 31.35
490 31.4
491 31.4
492 31.4
493 31.4
494 31.4
495 31.5
496 31.6
497 31.6
498 31.6
499 31.6
500 31.8
501 31.9
502 31.9
503 32.0
504 32.0
505 32.1
506 32.2
507 32.2
508 32.3
509 32.4
510 32.45
511 32.6
512 32.7
513 32.75
514 32.8
515 32.85
516 33.05
517 33.1
518 33.3
519 33.3
520 33.45
521 33.45
522 33.5
523 33.6
524 33.6
525 33.65
526 33.8
527 33.95
528 34.15
529 34.2
530 34.2
531 34.2
532 34.25
533 34.3
534 34.4
535 34.55
536 34.55
537 34.7
538 34.85
539 34.85
540 34.95
541 35.0
542 35.0
543 35.0
544 35.15
545 35.3
546 35.3
547 35.35
548 35.4
549 35.4
550 35.45
551 35.55
552 35.7
553 35.7
554 35.7
555 35.8
556 35.9
557 36.1
558 36.15
559 36.2
560 36.2
561 36.25
562 36.35
563 36.5
564 36.55
565 36.6
566 36.65
567 36.65
568 36.8
569 36.85
570 36.9
571 36.9
572 37.0
573 37.2
574 37.2
575 37.3
576 37.35
577 37.4
578 37.4
579 37.4
580 37.4
581 37.4
582 37.5
583 37.55
584 37.55
585 37.55
586 37.55
587 37.65
588 37.85
589 37.9
590 37.9
591 37.95
592 38.25
593 38.25
594 38.3
595 38.3
596 38.35
597 38.45
598 38.6
599 38.65
600 38.7
601 38.95
602 39.0
603 39.05
604 39.05
605 39.1
606 39.3
607 39.35
608 39.55
609 39.75
610 39.85
611 39.9
612 39.95
613 39.95
614 40.05
615 40.05
616 40.1
617 40.1
618 40.15
619 40.15
620 40.15
621 40.15
622 40.2
623 40.25
624 40.3
625 40.35
626 40.55
627 40.55
628 40.6
629 40.75
630 40.75
631 40.9
632 40.9
633 40.95
634 41.0
635 41.0
636 41.05
637 41.1
638 41.15
639 41.2
640 41.4
641 41.55
642 41.55
643 41.75
644 41.95
645 42.0
646 42.0
647 42.05
648 42.1
649 42.1
650 42.1
651 42.15
652 42.15
653 42.2
654 42.2
655 42.2
656 42.2
657 42.35
658 42.35
659 42.65
660 42.7
661 42.7
662 42.85
663 42.85
664 42.95
665 42.95
666 42.95
667 43.15
668 43.2
669 43.3
670 43.3
671 43.3
672 43.35
673 43.6
674 43.7
675 43.8
676 43.95
677 43.95
678 44.05
679 44.25
680 44.35
681 44.4
682 44.6
683 44.65
684 44.65
685 44.65
686 44.65
687 44.7
688 44.7
689 44.7
690 44.7
691 44.75
692 44.75
693 44.8
694 44.95
695 45.0
696 45.0
697 45.0
698 45.05
699 45.1
700 45.2
701 45.4
702 45.4
703 45.4
704 45.4
705 45.4
706 45.45
707 45.55
708 45.55
709 45.6
710 45.6
711 45.65
712 45.65
713 45.7
714 45.9
715 45.9
716 45.9
717 46.0
718 46.0
719 46.05
720 46.2
721 46.25
722 46.5
723 46.55
724 46.6
725 46.65
726 46.8
727 46.95
728 46.95
729 47.0
730 47.3
731 47.35
732 47.4
733 47.5
734 47.55
735 47.6
736 47.65
737 47.65
738 47.75
739 47.8
740 47.8
741 47.85
742 47.85
743 47.85
744 47.9
745 47.95
746 47.95
747 48.1
748 48.2
749 48.2
750 48.25
751 48.3
752 48.3
753 48.35
754 48.35
755 48.5
756 48.5
757 48.6
758 48.65
759 48.7
760 48.95
761 48.95
762 48.95
763 48.95
764 49.1
765 49.1
766 49.1
767 49.25
768 49.35
769 49.45
770 49.6
771 49.65
772 49.65
773 49.7
774 49.7
775 49.7
776 49.85
777 49.85
778 49.95
779 50.05
780 50.35
781 50.5
782 50.55
783 50.6
784 50.65
785 50.7
786 50.8
787 50.95
788 50.95
789 50.95
790 51.1
791 51.1
792 51.25
793 51.25
794 51.25
795 51.3
796 51.3
797 51.4
798 51.55
799 51.55
800 51.6
801 51.75
802 51.8
803 51.85
804 51.9
805 51.95
806 52.2
807 52.25
808 52.25
809 52.35
810 52.35
811 52.35
812 52.35
813 52.5
814 52.55
815 52.55
816 52.7
817 52.7
818 52.95
819 52.95
820 53.0
821 53.05
822 53.4
823 53.4
824 53.4
825 53.5
826 53.6
827 53.6
828 53.6
829 53.65
830 53.7
831 53.75
832 53.75
833 53.75
834 53.75
835 53.9
836 53.9
837 53.95
838 54.0
839 54.1
840 54.15
841 54.15
842 54.3
843 54.35
844 54.35
845 54.35
846 54.35
847 54.45
848 54.6
849 54.6
850 54.6
851 54.6
852 54.6
853 54.65
854 54.7
855 54.75
856 54.85
857 54.95
858 54.95
859 55.05
860 55.05
861 55.1
862 55.1
863 55.2
864 55.35
865 55.35
866 55.35
867 55.4
868 55.45
869 55.55
870 55.6
871 55.65
872 55.8
873 55.85
874 55.85
875 55.9
876 56.05
877 56.15
878 56.15
879 56.25
880 56.45
881 56.45
882 56.75
883 56.95
884 56.95
885 57.05
886 57.05
887 57.05
888 57.1
889 57.2
890 57.35
891 57.35
892 57.35
893 57.35
894 57.55
895 57.6
896 57.6
897 57.6
898 57.65
899 57.85
900 57.85
901 57.95
902 58.0
903 58.05
904 58.1
905 58.2
906 58.2
907 58.2
908 58.2
909 58.2
910 58.25
911 58.4
912 58.5
913 58.65
914 58.65
915 58.7
916 58.75
917 58.75
918 58.8
919 58.8
920 58.9
921 59.0
922 59.05
923 59.05
924 59.1
925 59.1
926 59.15
927 59.2
928 59.5
929 59.5
930 59.55
931 59.55
932 59.55
933 59.55
934 59.55
935 59.55
936 59.6
937 59.8
938 59.9
939 60.0
940 60.15
941 60.15
942 60.15
943 60.15
944 60.2
945 60.2
946 60.3
947 60.4
948 60.45
949 60.55
950 60.65
951 60.7
952 60.7
953 60.7
954 60.7
955 60.75
956 60.75
957 60.75
958 60.75
959 60.8
960 60.85
961 60.95
962 61.05
963 61.2
964 61.3
965 61.3
966 61.45
967 61.5
968 61.6
969 61.6
970 61.6
971 61.7
972 61.75
973 61.9
974 62.0
975 62.05
976 62.15
977 62.15
978 62.15
979 62.15
980 62.15
981 62.15
982 62.15
983 62.25
984 62.25
985 62.35
986 62.35
987 62.6
988 62.7
989 63.05
990 63.1
991 63.3
992 63.45
993 63.6
994 63.75
995 63.75
996 63.9
997 63.9
998 63.9
999 64.0
1000 64.0
1001 64.05
1002 64.15
1003 64.15
1004 64.2
1005 64.4
1006 64.5
1007 64.5
1008 64.5
1009 64.5
1010 64.5
1011 64.65
1012 64.8
1013 64.95
1014 65.0
1015 65.05
1016 65.1
1017 65.15
1018 65.15
1019 65.15
1020 65.25
1021 65.35
1022 65.4
1023 65.5
1024 65.55
1025 65.55
1026 65.55
1027 65.65
1028 65.65
1029 65.65
1030 65.7
1031 65.75
1032 65.8
1033 65.9
1034 65.9
1035 65.95
1036 66.1
1037 66.1
1038 66.1
1039 66.1
1040 66.2
1041 66.2
1042 66.35
1043 66.5
1044 66.5
1045 66.55
1046 66.8
1047 66.8
1048 66.95
1049 67.0
1050 67.1
1051 67.1
1052 67.1
1053 67.25
1054 67.3
1055 67.35
1056 67.5
1057 67.55
1058 67.55
1059 67.65
1060 67.7
1061 67.8
1062 67.8
1063 67.8
1064 67.8
1065 67.8
1066 67.85
1067 67.85
1068 67.9
1069 67.9
1070 68.05
1071 68.05
1072 68.15
1073 68.2
1074 68.25
1075 68.3
1076 68.3
1077 68.4
1078 68.6
1079 68.65
1080 68.65
1081 68.7
1082 68.7
1083 68.95
1084 69.1
1085 69.1
1086 69.1
1087 69.1
1088 69.2
1089 69.25
1090 69.3
1091 69.3
1092 69.3
1093 69.4
1094 69.45
1095 69.5
1096 69.5
1097 69.55
1098 69.6
1099 69.75
1100 69.95
1101 70.05
1102 70.05
1103 70.15
1104 70.15
1105 70.2
1106 70.35
1107 70.4
1108 70.4
1109 70.45
1110 70.45
1111 70.45
1112 70.5
1113 70.5
1114 70.5
1115 70.6
1116 70.75
1117 70.8
1118 70.85
1119 70.85
1120 71.05
1121 71.05
1122 71.2
1123 71.2
1124 71.2
1125 71.3
1126 71.3
1127 71.4
1128 71.6
1129 71.6
1130 71.75
1131 71.8
1132 71.85
1133 71.9
1134 71.95
1135 72.0
1136 72.1
1137 72.1
1138 72.1
1139 72.1
1140 72.1
1141 72.2
1142 72.2
1143 72.2
1144 72.35
1145 72.4
1146 72.45
1147 72.45
1148 72.6
1149 72.6
1150 72.7
1151 72.7
1152 72.75
1153 73.0
1154 73.0
1155 73.05
1156 73.05
1157 73.05
1158 73.1
1159 73.15
1160 73.2
1161 73.35
1162 73.35
1163 73.4
1164 73.6
1165 73.6
1166 73.75
1167 73.75
1168 73.75
1169 73.75
1170 73.75
1171 73.75
1172 73.9
1173 73.9
1174 74.0
1175 74.05
1176 74.1
1177 74.15
1178 74.15
1179 74.35
1180 74.35
1181 74.35
1182 74.35
1183 74.45
1184 74.45
1185 74.55
1186 74.55
1187 74.55
1188 74.65
1189 74.7
1190 74.7
1191 74.75
1192 74.85
1193 74.9
1194 75.0
1195 75.15
1196 75.15
1197 75.25
1198 75.3
1199 75.55
1200 75.55
1201 75.7
1202 75.7
1203 75.75
1204 75.75
1205 75.75
1206 76.2
1207 76.25
1208 76.25
1209 76.25
1210 76.25
1211 76.25
1212 76.35
1213 76.4
1214 76.45
1215 76.45
1216 76.45
1217 76.55
1218 76.65
1219 76.65
1220 76.65
1221 76.65
1222 76.7
1223 76.7
1224 76.8
1225 76.8
1226 76.8
1227 76.9
1228 77.0
1229 77.0
1230 77.0
1231 77.0
1232 77.1
1233 77.15
1234 77.2
1235 77.2
1236 77.25
1237 77.3
1238 77.35
1239 77.4
1240 77.4
1241 77.55
1242 77.65
1243 77.7
1244 78.15
1245 78.2
1246 78.2
1247 78.2
1248 78.25
1249 78.25
1250 78.3
1251 78.45
1252 78.5
1253 78.55
1254 78.6
1255 78.65
1256 78.75
1257 78.75
1258 78.8
1259 78.8
1260 78.85
1261 78.9
1262 78.95
1263 78.95
1264 78.95
1265 78.95
1266 78.95
1267 79.0
1268 79.0
1269 79.15
1270 79.15
1271 79.2
1272 79.35
1273 79.4
1274 79.55
1275 79.6
1276 79.65
1277 79.65
1278 79.75
1279 79.8
1280 79.8
1281 80.0
1282 80.3
1283 80.3
1284 80.4
1285 80.4
1286 80.5
1287 80.55
1288 80.6
1289 80.6
1290 80.7
1291 80.7
1292 80.75
1293 80.75
1294 80.9
1295 80.9
1296 80.9
1297 81.1
1298 81.15
1299 81.25
1300 81.35
1301 81.4
1302 81.45
1303 81.55
1304 81.6
1305 81.6
1306 81.6
1307 81.75
1308 81.75
1309 81.8
1310 81.85
1311 81.9
1312 81.95
1313 81.95
1314 81.95
1315 82.05
1316 82.15
1317 82.3
1318 82.3
1319 82.3
1320 82.3
1321 82.4
1322 82.4
1323 82.45
1324 82.45
1325 82.45
1326 82.45
1327 82.45
1328 82.55
1329 82.6
1330 82.65
1331 82.7
1332 82.7
1333 82.8
1334 82.9
1335 82.9
1336 82.9
1337 82.9
1338 83.0
1339 83.0
1340 83.05
1341 83.1
1342 83.15
1343 83.25
1344 83.35
1345 83.45
1346 83.5
1347 83.5
1348 83.55
1349 83.6
1350 83.7
1351 83.7
1352 83.75
1353 83.8
1354 83.85
1355 83.9
1356 83.9
1357 83.95
1358 84.0
1359 84.05
1360 84.1
1361 84.1
1362 84.1
1363 84.2
1364 84.3
1365 84.45
1366 84.5
1367 84.5
1368 84.5
1369 84.5
1370 84.5
1371 84.65
1372 84.7
1373 84.75
1374 84.8
1375 84.85
1376 84.85
1377 84.85
1378 85.0
1379 85.05
1380 85.15
1381 85.15
1382 85.2
1383 85.2
1384 85.25
1385 85.25
1386 85.65
1387 85.7
1388 85.75
1389 85.8
1390 85.95
1391 86.0
1392 86.05
1393 86.05
1394 86.05
1395 86.05
1396 86.05
1397 86.1
1398 86.1
1399 86.2
1400 86.25
1401 86.3
1402 86.35
1403 86.4
1404 86.55
1405 86.55
1406 86.55
1407 86.55
1408 86.65
1409 86.65
1410 86.65
1411 86.65
1412 86.75
1413 86.75
1414 86.8
1415 87.05
1416 87.2
1417 87.3
1418 87.35
1419 87.35
1420 87.45
1421 87.55
1422 87.6
1423 87.7
1424 87.8
1425 87.8
1426 87.8
1427 87.8
1428 87.9
1429 88.0
1430 88.0
1431 88.1
1432 88.1
1433 88.15
1434 88.15
1435 88.15
1436 88.2
1437 88.2
1438 88.35
1439 88.4
1440 88.4
1441 88.4
1442 88.5
1443 88.5
1444 88.5
1445 88.55
1446 88.6
1447 88.65
1448 88.65
1449 88.65
1450 88.65
1451 88.65
1452 88.7
1453 88.75
1454 88.95
1455 89.05
1456 89.05
1457 89.2
1458 89.3
1459 89.3
1460 89.4
1461 89.45
1462 89.45
1463 89.5
1464 89.6
1465 89.6
1466 89.65
1467 89.7
1468 89.8
1469 89.8
1470 89.85
1471 89.95
1472 89.95
1473 90.0
1474 90.2
1475 90.2
1476 90.25
1477 90.3
1478 90.3
1479 90.35
1480 90.4
1481 90.4
1482 90.45
1483 90.55
1484 90.55
1485 90.6
1486 90.65
1487 90.65
1488 90.65
1489 90.75
1490 90.8
1491 90.85
1492 90.85
1493 90.9
1494 90.9
1495 90.95
1496 90.95
1497 90.95
1498 91.05
1499 91.05
1500 91.15
1501 91.25
1502 91.3
1503 91.3
1504 91.35
1505 91.35
1506 91.45
1507 91.45
1508 91.45
1509 91.5
1510 91.55
1511 91.6
1512 91.65
1513 91.65
1514 91.7
1515 91.75
1516 91.8
1517 91.85
1518 91.85
1519 91.85
1520 91.85
1521 91.95
1522 92.0
1523 92.0
1524 92.0
1525 92.0
1526 92.0
1527 92.1
1528 92.1
1529 92.1
1530 92.25
1531 92.25
1532 92.4
1533 92.45
1534 92.45
1535 92.5
1536 92.55
1537 92.7
1538 92.85
1539 92.85
1540 92.9
1541 92.95
1542 93.0
1543 93.0
1544 93.1
1545 93.1
1546 93.2
1547 93.2
1548 93.2
1549 93.5
1550 93.65
1551 93.7
1552 93.7
1553 93.75
1554 93.8
1555 93.8
1556 93.8
1557 93.85
1558 93.85
1559 93.9
1560 93.9
1561 94.0
1562 94.0
1563 94.05
1564 94.05
1565 94.15
1566 94.15
1567 94.15
1568 94.3
1569 94.4
1570 94.4
1571 94.5
1572 94.55
1573 94.55
1574 94.6
1575 94.7
1576 94.7
1577 94.8
1578 94.8
1579 94.8
1580 94.8
1581 94.8
1582 94.85
1583 94.95
1584 95.1
1585 95.1
1586 95.1
1587 95.15
1588 95.25
1589 95.25
1590 95.25
1591 95.3
1592 95.3
1593 95.3
1594 95.4
1595 95.45
1596 95.45
1597 95.45
1598 95.6
1599 95.7
1600 95.75
1601 95.8
1602 95.8
1603 95.85
1604 95.85
1605 95.95
1606 96.15
1607 96.15
1608 96.15
1609 96.15
1610 96.3
1611 96.35
1612 96.4
1613 96.4
1614 96.45
1615 96.45
1616 96.6
1617 96.7
1618 96.7
1619 96.7
1620 96.7
1621 96.7
1622 96.7
1623 96.75
1624 97.0
1625 97.15
1626 97.2
1627 97.25
1628 97.3
1629 97.3
1630 97.35
1631 97.35
1632 97.35
1633 97.35
1634 97.45
1635 97.45
1636 97.55
1637 97.6
1638 97.6
1639 97.65
1640 97.7
1641 97.7
1642 97.7
1643 97.75
1644 97.75
1645 97.8
1646 97.85
1647 97.9
1648 97.9
1649 97.9
1650 97.95
1651 98.1
1652 98.1
1653 98.1
1654 98.2
1655 98.35
1656 98.4
1657 98.45
1658 98.5
1659 98.5
1660 98.5
1661 98.5
1662 98.6
1663 98.7
1664 98.7
1665 98.75
1666 98.8
1667 98.8
1668 98.8
1669 98.95
1670 99.0
1671 99.0
1672 99.0
1673 99.05
1674 99.05
1675 99.2
1676 99.2
1677 99.2
1678 99.2
1679 99.3
1680 99.35
1681 99.35
1682 99.4
1683 99.5
1684 99.55
1685 99.55
1686 99.55
1687 99.6
1688 99.6
1689 99.6
1690 99.65
1691 99.7
1692 99.7
1693 99.7
1694 99.7
1695 99.75
1696 99.75
1697 99.8
1698 99.9
1699 100.0
1700 100.0
1701 100.0
1702 100.05
1703 100.1
1704 100.2
1705 100.2
1706 100.2
1707 100.2
1708 100.25
1709 100.3
1710 100.3
1711 100.4
1712 100.45
1713 100.45
1714 100.6
1715 100.6
1716 100.7
1717 100.8
1718 100.85
1719 100.9
1720 100.95
1721 100.95
1722 101.1
1723 101.15
1724 101.2
1725 101.2
1726 101.2
1727 101.3
1728 101.3
1729 101.5
1730 101.6
1731 101.6
1732 101.6
1733 101.6
1734 101.6
1735 101.6
1736 101.6
1737 101.6
1738 101.6
1739 101.6
1740 101.65
1741 101.8
1742 101.95
1743 101.95
1744 102.0
1745 102.0
1746 102.0
1747 102.05
1748 102.05
1749 102.05
1750 102.05
1751 102.35
1752 102.35
1753 102.35
1754 102.35
1755 102.35
1756 102.4
1757 102.45
1758 102.55
1759 102.55
1760 102.55
1761 102.65
1762 102.65
1763 102.7
1764 102.7
1765 102.7
1766 102.75
1767 102.8
1768 102.8
1769 102.85
1770 102.9
1771 102.9
1772 102.95
1773 103.2
1774 103.3
1775 103.3
1776 103.35
1777 103.4
1778 103.45
1779 103.45
1780 103.55
1781 103.55
1782 103.55
1783 103.55
1784 103.6
1785 103.7
1786 103.7
1787 103.7
1788 103.75
1789 103.85
1790 103.95
1791 104.0
1792 104.0
1793 104.0
1794 104.0
1795 104.0
1796 104.15
1797 104.3
1798 104.3
1799 104.4
1800 104.45
1801 104.5
1802 104.55
1803 104.6
1804 104.65
1805 104.8
1806 104.8
1807 104.8
1808 104.8
1809 104.8
1810 104.85
1811 104.9
1812 104.95
1813 104.95
1814 104.95
1815 105.1
1816 105.25
1817 105.3
1818 105.3
1819 105.45
1820 105.45
1821 105.5
1822 105.6
1823 105.7
1824 105.7
1825 105.7
1826 105.7
1827 105.7
1828 105.7
1829 105.7
1830 105.7
1831 105.7
1832 105.75
1833 105.75
1834 105.85
1835 105.9
1836 105.9
1837 106.0
1838 106.05
1839 106.05
1840 106.05
1841 106.1
1842 106.15
1843 106.2
1844 106.25
1845 106.25
1846 106.3
1847 106.4
1848 106.5
1849 106.5
1850 106.55
1851 106.55
1852 106.55
1853 106.6
1854 106.6
1855 106.65
1856 106.65
1857 106.65
1858 106.8
1859 106.8
1860 106.95
1861 106.95
1862 107.0
1863 107.0
1864 107.05
1865 107.05
1866 107.05
1867 107.2
1868 107.2
1869 107.25
1870 107.25
1871 107.25
1872 107.3
1873 107.35
1874 107.45
1875 107.65
1876 107.65
1877 107.7
1878 107.7
1879 107.75
1880 107.75
1881 107.75
1882 107.8
1883 107.9
1884 107.9
1885 108.05
1886 108.05
1887 108.05
1888 108.05
1889 108.1
1890 108.1
1891 108.1
1892 108.2
1893 108.3
1894 108.3
1895 108.35
1896 108.35
1897 108.45
1898 108.45
1899 108.45
1900 108.45
1901 108.45
1902 108.45
1903 108.5
1904 108.55
1905 108.6
1906 108.6
1907 108.6
1908 108.7
1909 108.75
1910 108.85
1911 108.95
1912 108.95
1913 109.0
1914 109.1
1915 109.25
1916 109.25
1917 109.25
1918 109.25
1919 109.4
1920 109.45
1921 109.5
1922 109.55
1923 109.55
1924 109.55
1925 109.6
1926 109.6
1927 109.6
1928 109.65
1929 109.8
1930 109.8
1931 109.8
1932 109.85
1933 109.85
1934 109.85
1935 109.9
1936 109.9
1937 110.0
1938 110.1
1939 110.1
1940 110.1
1941 110.1
1942 110.15
1943 110.15
1944 110.3
1945 110.35
1946 110.4
1947 110.45
1948 110.6
1949 110.6
1950 110.6
1951 110.6
1952 110.65
1953 110.65
1954 110.7
1955 110.8
1956 110.8
1957 110.85
1958 110.9
1959 110.9
1960 110.9
1961 110.9
1962 110.9
1963 111.1
1964 111.1
1965 111.1
1966 111.15
1967 111.2
1968 111.25
1969 111.35
1970 111.35
1971 111.4
1972 111.4
1973 111.4
1974 111.5
1975 111.6
1976 111.75
1977 111.9
1978 111.95
1979 111.95
1980 111.95
1981 111.95
1982 112.15
1983 112.2
1984 112.2
1985 112.2
1986 112.2
1987 112.2
1988 112.35
1989 112.35
1990 112.35
1991 112.35
1992 112.45
1993 112.45
1994 112.6
1995 112.65
1996 112.65
1997 112.65
1998 112.65
1999 112.65
2000 112.65
2001 112.8
2002 112.85
2003 112.85
2004 112.85
2005 113.0
2006 113.0
2007 113.0
2008 113.05
2009 113.05
2010 113.05
2011 113.05
2012 113.05
2013 113.1
2014 113.1
2015 113.2
2016 113.35
2017 113.4
2018 113.4
2019 113.45
2020 113.45
2021 113.55
2022 113.55
2023 113.6
2024 113.6
2025 113.6
2026 113.6
2027 113.75
2028 113.75
2029 113.75
2030 113.8
2031 113.85
2032 113.85
2033 113.85
2034 113.95
2035 113.95
2036 114.15
2037 114.2
2038 114.25
2039 114.3
2040 114.45
2041 114.45
2042 114.45
2043 114.45
2044 114.45
2045 114.45
2046 114.55
2047 114.55
2048 114.55
2049 114.55
2050 114.55
2051 114.55
2052 114.55
2053 114.55
2054 114.6
2055 114.6
2056 114.6
2057 114.65
2058 114.7
2059 114.75
2060 114.85
2061 114.85
2062 114.9
2063 115.0
2064 115.15
2065 115.15
2066 115.15
2067 115.15
2068 115.2
2069 115.4
2070 115.45
2071 115.45
2072 115.45
2073 115.45
2074 115.5
2075 115.5
2076 115.55
2077 115.6
2078 115.6
2079 115.7
2080 115.75
2081 115.75
2082 115.8
2083 115.8
2084 115.9
2085 115.9
2086 115.95
2087 115.95
2088 116.0
2089 116.05
2090 116.1
2091 116.1
2092 116.1
2093 116.1
2094 116.1
2095 116.15
2096 116.35
2097 116.4
2098 116.55
2099 116.6
2100 116.65
2101 116.65
2102 116.7
2103 116.7
2104 116.7
2105 116.7
2106 116.7
2107 116.7
2108 116.7
2109 116.75
2110 116.8
2111 116.8
2112 116.8
2113 117.0
2114 117.1
2115 117.1
2116 117.15
2117 117.2
2118 117.25
2119 117.25
2120 117.3
2121 117.35
2122 117.35
2123 117.4
2124 117.4
2125 117.4
2126 117.55
2127 117.55
2128 117.55
2129 117.7
2130 117.7
2131 117.75
2132 117.75
2133 117.8
2134 117.8
2135 117.95
2136 118.0
2137 118.15
2138 118.15
2139 118.15
2140 118.2
2141 118.2
2142 118.25
2143 118.25
2144 118.25
2145 118.3
2146 118.4
2147 118.45
2148 118.45
2149 118.55
2150 118.55
2151 118.55
2152 118.6
2153 118.6
2154 118.65
2155 118.65
2156 118.65
2157 118.75
2158 118.75
2159 118.8
2160 118.8
2161 118.8
2162 118.8
2163 118.8
2164 118.8
2165 118.85
2166 118.85
2167 118.85
2168 118.85
2169 118.85
2170 118.85
2171 118.85
2172 118.9
2173 118.9
2174 119.0
2175 119.05
2176 119.05
2177 119.1
2178 119.15
2179 119.15
2180 119.25
2181 119.3
2182 119.4
2183 119.4
2184 119.4
2185 119.4
2186 119.4
2187 119.45
2188 119.55
2189 119.55
2190 119.6
2191 119.6
2192 119.6
2193 119.7
2194 119.8
2195 119.8
2196 119.9
2197 119.9
2198 119.95
2199 119.95
2200 120.0
2201 120.05
2202 120.15
2203 120.25
2204 120.3
2205 120.35
2206 120.35
2207 120.45
2208 120.5
2209 120.5
2210 120.5
2211 120.55
2212 120.55
2213 120.65
2214 120.65
2215 120.65
2216 120.65
2217 120.7
2218 120.7
2219 120.7
2220 120.7
2221 120.7
2222 120.8
2223 120.8
2224 120.85
2225 121.0
2226 121.0
2227 121.1
2228 121.3
2229 121.35
2230 121.4
2231 121.4
2232 121.45
2233 121.45
2234 121.45
2235 121.5
2236 121.5
2237 121.55
2238 121.7
2239 121.75
2240 121.8
2241 121.8
2242 121.85
2243 121.95
2244 121.95
2245 121.95
2246 121.95
2247 122.1
2248 122.1
2249 122.15
2250 122.35
2251 122.35
2252 122.4
2253 122.4
2254 122.4
2255 122.4
2256 122.4
2257 122.4
2258 122.45
2259 122.5
2260 122.5
2261 122.55
2262 122.55
2263 122.6
2264 122.6
2265 122.6
2266 122.6
2267 122.6
2268 122.6
2269 122.6
2270 122.75
2271 122.8
2272 122.8
2273 122.8
2274 122.85
2275 122.85
2276 122.9
2277 122.95
2278 123.05
2279 123.1
2280 123.1
2281 123.15
2282 123.2
2283 123.2
2284 123.2
2285 123.25
2286 123.35
2287 123.4
2288 123.4
2289 123.45
2290 123.45
2291 123.45
2292 123.45
2293 123.45
2294 123.6
2295 123.6
2296 123.6
2297 123.6
2298 123.65
2299 123.75
2300 123.8
2301 123.8
2302 123.9
2303 124.0
2304 124.0
2305 124.0
2306 124.0
2307 124.0
2308 124.0
2309 124.1
2310 124.15
2311 124.2
2312 124.2
2313 124.2
2314 124.2
2315 124.25
2316 124.35
2317 124.35
2318 124.35
2319 124.35
2320 124.4
2321 124.45
2322 124.45
2323 124.5
2324 124.6
2325 124.6
2326 124.6
2327 124.6
2328 124.65
2329 124.7
2330 124.8
2331 124.8
2332 124.8
2333 124.9
2334 124.95
2335 125.05
2336 125.1
2337 125.2
2338 125.2
2339 125.3
2340 125.3
2341 125.3
2342 125.4
2343 125.5
2344 125.6
2345 125.6
2346 125.6
2347 125.65
2348 125.7
2349 125.7
2350 125.7
2351 125.75
2352 125.75
2353 125.8
2354 125.8
2355 125.85
2356 125.9
2357 125.9
2358 125.9
2359 125.95
2360 126.0
2361 126.0
2362 126.05
2363 126.05
2364 126.15
2365 126.15
2366 126.2
2367 126.2
2368 126.2
2369 126.2
2370 126.25
2371 126.25
2372 126.25
2373 126.35
2374 126.35
2375 126.35
2376 126.4
2377 126.4
2378 126.4
2379 126.4
2380 126.4
2381 126.45
2382 126.55
2383 126.7
2384 126.8
2385 126.8
2386 126.9
2387 126.95
2388 127.0
2389 127.05
2390 127.05
2391 127.1
2392 127.1
2393 127.15
2394 127.2
2395 127.2
2396 127.2
2397 127.2
2398 127.2
2399 127.2
2400 127.25
2401 127.25
2402 127.25
2403 127.35
2404 127.4
2405 127.4
2406 127.4
2407 127.4
2408 127.6
2409 127.6
2410 127.6
2411 127.65
2412 127.7
2413 127.7
2414 127.95
2415 128.0
2416 128.0
2417 128.0
2418 128.0
2419 128.05
2420 128.05
2421 128.05
2422 128.05
2423 128.05
2424 128.1
2425 128.1
2426 128.1
2427 128.15
2428 128.2
2429 128.25
2430 128.3
2431 128.3
2432 128.3
2433 128.3
2434 128.35
2435 128.35
2436 128.35
2437 128.6
2438 128.6
2439 128.65
2440 128.65
2441 128.65
2442 128.7
2443 128.7
2444 128.75
2445 128.75
2446 128.75
2447 128.8
2448 128.8
2449 128.8
2450 128.9
2451 128.9
2452 128.9
2453 129.0
2454 129.0
2455 129.0
2456 129.0
2457 129.05
2458 129.1
2459 129.1
2460 129.2
2461 129.2
2462 129.3
2463 129.45
2464 129.5
2465 129.5
2466 129.55
2467 129.55
2468 129.55
2469 129.55
2470 129.65
2471 129.65
2472 129.7
2473 129.7
2474 129.85
2475 129.9
2476 130.0
2477 130.0
2478 130.05
2479 130.1
2480 130.1
2481 130.2
2482 130.2
2483 130.25
2484 130.3
2485 130.4
2486 130.4
2487 130.4
2488 130.45
2489 130.6
2490 130.6
2491 130.7
2492 130.7
2493 130.85
2494 130.95
2495 131.0
2496 131.0
2497 131.0
2498 131.0
2499 131.1
2500 131.15
2501 131.15
2502 131.15
2503 131.15
2504 131.15
2505 131.2
2506 131.2
2507 131.2
2508 131.3
2509 131.3
2510 131.35
2511 131.4
2512 131.5
2513 131.5
2514 131.55
2515 131.55
2516 131.7
2517 131.7
2518 131.7
2519 131.7
2520 131.7
2521 131.7
2522 131.8
2523 131.8
2524 131.8
2525 131.8
2526 131.8
2527 131.8
2528 131.8
2529 131.9
2530 131.95
2531 131.95
2532 132.05
2533 132.05
2534 132.1
2535 132.15
2536 132.25
2537 132.25
2538 132.25
2539 132.3
2540 132.3
2541 132.35
2542 132.4
2543 132.45
2544 132.45
2545 132.45
2546 132.5
2547 132.55
2548 132.55
2549 132.6
2550 132.6
2551 132.65
2552 132.65
2553 132.75
2554 132.75
2555 132.75
2556 132.8
2557 132.85
2558 132.85
2559 132.9
2560 132.9
2561 132.9
2562 132.9
2563 132.9
2564 132.95
2565 133.0
2566 133.2
2567 133.2
2568 133.25
2569 133.25
2570 133.25
2571 133.35
2572 133.45
2573 133.45
2574 133.45
2575 133.5
2576 133.5
2577 133.5
2578 133.55
2579 133.6
2580 133.6
2581 133.6
2582 133.7
2583 133.7
2584 133.7
2585 133.75
2586 133.8
2587 133.85
2588 133.95
2589 133.95
2590 134.0
2591 134.0
2592 134.05
2593 134.2
2594 134.25
2595 134.25
2596 134.3
2597 134.35
2598 134.4
2599 134.4
2600 134.4
2601 134.4
2602 134.45
2603 134.45
2604 134.45
2605 134.5
2606 134.6
2607 134.6
2608 134.7
2609 134.75
2610 134.8
2611 134.85
2612 135.0
2613 135.0
2614 135.15
2615 135.15
2616 135.25
2617 135.25
2618 135.25
2619 135.3
2620 135.4
2621 135.5
2622 135.5
2623 135.55
2624 135.55
2625 135.55
2626 135.55
2627 135.6
2628 135.6
2629 135.7
2630 135.7
2631 135.7
2632 135.7
2633 135.7
2634 135.7
2635 135.7
2636 135.85
2637 135.85
2638 135.85
2639 135.85
2640 136.0
2641 136.0
2642 136.0
2643 136.0
2644 136.0
2645 136.0
2646 136.0
2647 136.0
2648 136.1
2649 136.1
2650 136.1
2651 136.1
2652 136.2
2653 136.25
2654 136.25
2655 136.25
2656 136.25
2657 136.25
2658 136.3
2659 136.35
2660 136.35
2661 136.4
2662 136.4
2663 136.4
2664 136.5
2665 136.5
2666 136.6
2667 136.6
2668 136.6
2669 136.65
2670 136.7
2671 136.75
2672 136.85
2673 136.9
2674 136.9
2675 136.9
2676 136.95
2677 136.95
2678 136.95
2679 136.95
2680 136.95
2681 136.95
2682 136.95
2683 137.0
2684 137.0
2685 137.15
2686 137.2
2687 137.25
2688 137.3
2689 137.3
2690 137.3
2691 137.35
2692 137.35
2693 137.4
2694 137.4
2695 137.4
2696 137.4
2697 137.4
2698 137.45
2699 137.5
2700 137.55
2701 137.55
2702 137.6
2703 137.7
2704 137.7
2705 137.7
2706 137.7
2707 137.7
2708 137.7
2709 137.75
2710 137.75
2711 137.8
2712 137.8
2713 137.85
2714 138.0
2715 138.0
2716 138.0
2717 138.05
2718 138.1
2719 138.1
2720 138.15
2721 138.15
2722 138.15
2723 138.15
2724 138.15
2725 138.25
2726 138.3
2727 138.3
2728 138.3
2729 138.35
2730 138.35
2731 138.35
2732 138.4
2733 138.4
2734 138.4
2735 138.45
2736 138.5
2737 138.55
2738 138.6
2739 138.6
2740 138.65
2741 138.7
2742 138.75
2743 138.75
2744 138.8
2745 138.8
2746 138.8
2747 138.85
2748 138.85
2749 138.85
2750 138.85
2751 138.9
2752 138.9
2753 138.95
2754 138.95
2755 138.95
2756 139.0
2757 139.0
2758 139.0
2759 139.0
2760 139.05
2761 139.1
2762 139.1
2763 139.1
2764 139.15
2765 139.15
2766 139.25
2767 139.25
2768 139.35
2769 139.4
2770 139.4
2771 139.4
2772 139.5
2773 139.6
2774 139.65
2775 139.7
2776 139.7
2777 139.7
2778 139.75
2779 139.75
2780 139.85
2781 139.85
2782 139.85
2783 139.9
2784 140.0
2785 140.0
2786 140.0
2787 140.1
2788 140.15
2789 140.15
2790 140.15
2791 140.25
2792 140.3
2793 140.4
2794 140.4
2795 140.45
2796 140.45
2797 140.45
2798 140.55
2799 140.55
2800 140.65
2801 140.65
2802 140.7
2803 140.7
2804 140.7
2805 140.7
2806 140.7
2807 140.7
2808 140.7
2809 140.7
2810 140.7
2811 140.7
2812 140.7
2813 140.75
2814 140.75
2815 140.75
2816 140.85
2817 140.85
2818 140.9
2819 140.9
2820 140.9
2821 140.95
2822 141.05
2823 141.1
2824 141.1
2825 141.1
2826 141.1
2827 141.1
2828 141.2
2829 141.2
2830 141.3
2831 141.3
2832 141.35
2833 141.45
2834 141.45
2835 141.45
2836 141.45
2837 141.45
2838 141.45
2839 141.55
2840 141.55
2841 141.6
2842 141.65
2843 141.65
2844 141.65
2845 141.65
2846 141.65
2847 141.7
2848 141.75
2849 141.8
2850 141.8
2851 141.8
2852 141.85
2853 141.9
2854 141.9
2855 141.9
2856 141.95
2857 141.95
2858 142.0
2859 142.0
2860 142.05
2861 142.05
2862 142.05
2863 142.1
2864 142.35
2865 142.45
2866 142.5
2867 142.5
2868 142.5
2869 142.55
2870 142.55
2871 142.55
2872 142.55
2873 142.55
2874 142.55
2875 142.55
2876 142.55
2877 142.55
2878 142.55
2879 142.55
2880 142.55
2881 142.6
2882 142.6
2883 142.65
2884 142.7
2885 142.75
2886 142.75
2887 142.75
2888 142.8
2889 142.8
2890 142.8
2891 142.8
2892 142.85
2893 142.9
2894 143.0
2895 143.0
2896 143.0
2897 143.1
2898 143.2
2899 143.2
2900 143.2
2901 143.25
2902 143.35
2903 143.45
2904 143.5
2905 143.5
2906 143.55
2907 143.55
2908 143.55
2909 143.55
2910 143.6
2911 143.6
2912 143.7
2913 143.75
2914 143.75
2915 143.75
2916 143.8
2917 143.8
2918 143.85
2919 143.85
2920 143.85
2921 143.9
2922 143.95
2923 143.95
2924 144.1
2925 144.15
2926 144.3
2927 144.3
2928 144.35
2929 144.35
2930 144.35
2931 144.35
2932 144.35
2933 144.35
2934 144.35
2935 144.35
2936 144.4
2937 144.4
2938 144.4
2939 144.4
2940 144.4
2941 144.4
2942 144.55
2943 144.6
2944 144.6
2945 144.65
2946 144.7
2947 144.7
2948 144.7
2949 144.75
2950 144.75
2951 144.8
2952 144.8
2953 144.9
2954 144.9
2955 144.9
2956 144.9
2957 144.9
2958 144.9
2959 144.95
2960 144.95
2961 145.0
2962 145.15
2963 145.25
2964 145.3
2965 145.3
2966 145.3
2967 145.3
2968 145.35
2969 145.35
2970 145.45
2971 145.45
2972 145.6
2973 145.75
2974 145.75
2975 145.75
2976 145.85
2977 145.85
2978 145.9
2979 145.9
2980 145.95
2981 145.95
2982 146.0
2983 146.0
2984 146.0
2985 146.0
2986 146.05
2987 146.05
2988 146.05
2989 146.15
2990 146.15
2991 146.15
2992 146.2
2993 146.3
2994 146.3
2995 146.3
2996 146.3
2997 146.3
2998 146.3
2999 146.3
3000 146.4
3001 146.4
3002 146.4
3003 146.4
3004 146.45
3005 146.5
3006 146.5
3007 146.55
3008 146.6
3009 146.65
3010 146.65
3011 146.65
3012 146.65
3013 146.65
3014 146.7
3015 146.8
3016 146.8
3017 146.8
3018 146.8
3019 146.8
3020 146.8
3021 146.85
3022 146.85
3023 146.85
3024 146.9
3025 146.95
3026 146.95
3027 147.0
3028 147.05
3029 147.05
3030 147.1
3031 147.1
3032 147.1
3033 147.2
3034 147.2
3035 147.25
3036 147.3
3037 147.3
3038 147.35
3039 147.45
3040 147.45
3041 147.45
3042 147.5
3043 147.5
3044 147.5
3045 147.55
3046 147.55
3047 147.6
3048 147.6
3049 147.65
3050 147.65
3051 147.65
3052 147.65
3053 147.7
3054 147.7
3055 147.75
3056 147.75
3057 147.75
3058 147.8
3059 147.8
3060 147.85
3061 147.9
3062 147.9
3063 147.9
3064 147.9
3065 147.9
3066 147.9
3067 147.95
3068 148.0
3069 148.0
3070 148.1
3071 148.1
3072 148.1
3073 148.25
3074 148.25
3075 148.25
3076 148.4
3077 148.4
3078 148.4
3079 148.4
3080 148.4
3081 148.45
3082 148.45
3083 148.5
3084 148.5
3085 148.55
3086 148.6
3087 148.65
3088 148.65
3089 148.65
3090 148.65
3091 148.75
3092 148.75
3093 148.8
3094 148.85
3095 148.85
3096 148.85
3097 148.9
3098 149.05
3099 149.1
3100 149.15
3101 149.15
3102 149.15
3103 149.15
3104 149.15
3105 149.15
3106 149.2
3107 149.25
3108 149.25
3109 149.25
3110 149.25
3111 149.45
3112 149.5
3113 149.5
3114 149.55
3115 149.6
3116 149.6
3117 149.6
3118 149.65
3119 149.65
3120 149.65
3121 149.7
3122 149.7
3123 149.7
3124 149.75
3125 149.75
3126 149.75
3127 149.85
3128 149.85
3129 149.85
3130 149.85
3131 149.85
3132 150.0
3133 150.0
3134 150.0
3135 150.0
3136 150.05
3137 150.1
3138 150.1
3139 150.2
3140 150.2
3141 150.2
3142 150.2
3143 150.2
3144 150.2
3145 150.2
3146 150.25
3147 150.25
3148 150.25
3149 150.25
3150 150.25
3151 150.3
3152 150.4
3153 150.4
3154 150.45
3155 150.45
3156 150.45
3157 150.5
3158 150.5
3159 150.5
3160 150.5
3161 150.5
3162 150.5
3163 150.55
3164 150.6
3165 150.6
3166 150.65
3167 150.65
3168 150.65
3169 150.7
3170 150.7
3171 150.8
3172 150.8
3173 150.85
3174 150.9
3175 150.95
3176 150.95
3177 150.95
3178 151.0
3179 151.0
3180 151.0
3181 151.05
3182 151.05
3183 151.1
3184 151.1
3185 151.1
3186 151.1
3187 151.1
3188 151.15
3189 151.15
3190 151.15
3191 151.15
3192 151.15
3193 151.15
3194 151.2
3195 151.3
3196 151.45
3197 151.45
3198 151.45
3199 151.5
3200 151.55
3201 151.55
3202 151.55
3203 151.55
3204 151.55
3205 151.55
3206 151.6
3207 151.6
3208 151.7
3209 151.7
3210 151.7
3211 151.7
3212 151.7
3213 151.7
3214 151.7
3215 151.8
3216 151.8
3217 151.8
3218 151.8
3219 151.85
3220 151.85
3221 151.85
3222 151.9
3223 151.9
3224 151.95
3225 152.0
3226 152.0
3227 152.0
3228 152.0
3229 152.15
3230 152.15
3231 152.15
3232 152.2
3233 152.25
3234 152.35
3235 152.35
3236 152.35
3237 152.35
3238 152.4
3239 152.45
3240 152.5
3241 152.5
3242 152.5
3243 152.55
3244 152.55
3245 152.65
3246 152.7
3247 152.75
3248 152.75
3249 152.75
3250 152.8
3251 152.8
3252 152.8
3253 152.8
3254 152.85
3255 152.85
3256 152.9
3257 153.0
3258 153.1
3259 153.15
3260 153.15
3261 153.2
3262 153.2
3263 153.2
3264 153.2
3265 153.2
3266 153.2
3267 153.2
3268 153.2
3269 153.2
3270 153.25
3271 153.25
3272 153.25
3273 153.25
3274 153.35
3275 153.35
3276 153.45
3277 153.5
3278 153.5
3279 153.5
3280 153.6
3281 153.7
3282 153.75
3283 153.75
3284 153.75
3285 153.8
3286 153.85
3287 153.85
3288 153.85
3289 153.85
3290 153.9
3291 153.9
3292 153.9
3293 153.9
3294 153.9
3295 153.95
3296 153.95
3297 153.95
3298 154.0
3299 154.0
3300 154.0
3301 154.0
3302 154.0
3303 154.0
3304 154.0
3305 154.05
3306 154.05
3307 154.05
3308 154.05
3309 154.05
3310 154.05
3311 154.1
3312 154.15
3313 154.15
3314 154.15
3315 154.15
3316 154.15
3317 154.15
3318 154.2
3319 154.2
3320 154.2
3321 154.25
3322 154.3
3323 154.35
3324 154.35
3325 154.35
3326 154.4
3327 154.4
3328 154.4
3329 154.45
3330 154.45
3331 154.45
3332 154.45
3333 154.5
3334 154.5
3335 154.55
3336 154.6
3337 154.65
3338 154.75
3339 154.8
3340 154.8
3341 154.8
3342 154.85
3343 154.9
3344 154.9
3345 155.0
3346 155.0
3347 155.0
3348 155.0
3349 155.05
3350 155.05
3351 155.15
3352 155.15
3353 155.2
3354 155.2
3355 155.2
3356 155.2
3357 155.25
3358 155.25
3359 155.35
3360 155.4
3361 155.4
3362 155.4
3363 155.4
3364 155.4
3365 155.45
3366 155.45
3367 155.45
3368 155.45
3369 155.5
3370 155.55
3371 155.55
3372 155.55
3373 155.75
3374 155.8
3375 155.8
3376 155.85
3377 155.85
3378 155.85
3379 155.85
3380 155.95
3381 155.95
3382 155.95
3383 156.0
3384 156.0
3385 156.0
3386 156.0
3387 156.0
3388 156.0
3389 156.0
3390 156.0
3391 156.1
3392 156.1
3393 156.1
3394 156.1
3395 156.1
3396 156.15
3397 156.15
3398 156.15
3399 156.15
3400 156.15
3401 156.2
3402 156.2
3403 156.2
3404 156.2
3405 156.2
3406 156.25
3407 156.25
3408 156.3
3409 156.35
3410 156.35
3411 156.35
3412 156.35
3413 156.4
3414 156.4
3415 156.4
3416 156.4
3417 156.55
3418 156.6
3419 156.65
3420 156.65
3421 156.65
3422 156.7
3423 156.85
3424 157.0
3425 157.0
3426 157.0
3427 157.0
3428 157.05
3429 157.05
3430 157.05
3431 157.1
3432 157.1
3433 157.2
3434 157.25
3435 157.25
3436 157.25
3437 157.25
3438 157.25
3439 157.25
3440 157.25
3441 157.25
3442 157.3
3443 157.3
3444 157.4
3445 157.5
3446 157.5
3447 157.55
3448 157.55
3449 157.6
3450 157.6
3451 157.65
3452 157.7
3453 157.7
3454 157.75
3455 157.75
3456 157.75
3457 157.75
3458 157.75
3459 157.8
3460 157.85
3461 157.9
3462 157.95
3463 158.05
3464 158.05
3465 158.05
3466 158.1
3467 158.1
3468 158.1
3469 158.1
3470 158.15
3471 158.15
3472 158.15
3473 158.2
3474 158.25
3475 158.25
3476 158.25
3477 158.25
3478 158.25
3479 158.3
3480 158.3
3481 158.3
3482 158.35
3483 158.35
3484 158.35
3485 158.35
3486 158.35
3487 158.45
3488 158.45
3489 158.45
3490 158.45
3491 158.45
3492 158.5
3493 158.55
3494 158.65
3495 158.75
3496 158.8
3497 158.8
3498 158.8
3499 158.85
3500 158.85
3501 158.9
3502 158.9
3503 158.9
3504 158.9
3505 158.95
3506 159.0
3507 159.1
3508 159.1
3509 159.1
3510 159.15
3511 159.25
3512 159.3
3513 159.35
3514 159.35
3515 159.35
3516 159.35
3517 159.35
3518 159.4
3519 159.4
3520 159.4
3521 159.5
3522 159.5
3523 159.5
3524 159.5
3525 159.5
3526 159.5
3527 159.55
3528 159.55
3529 159.55
3530 159.55
3531 159.55
3532 159.55
3533 159.55
3534 159.6
3535 159.6
3536 159.65
3537 159.7
3538 159.7
3539 159.75
3540 159.75
3541 159.75
3542 159.8
3543 159.8
3544 159.8
3545 159.85
3546 159.85
3547 159.85
3548 159.95
3549 159.95
3550 160.0
3551 160.0
3552 160.05
3553 160.05
3554 160.05
3555 160.05
3556 160.15
3557 160.25
3558 160.25
3559 160.25
3560 160.3
3561 160.35
3562 160.35
3563 160.35
3564 160.35
3565 160.35
3566 160.35
3567 160.4
3568 160.45
3569 160.55
3570 160.55
3571 160.55
3572 160.65
3573 160.65
3574 160.65
3575 160.75
3576 160.75
3577 160.8
3578 160.8
3579 160.8
3580 160.8
3581 160.8
3582 160.8
3583 160.8
3584 160.8
3585 160.85
3586 160.85
3587 160.85
3588 160.9
3589 160.9
3590 160.9
3591 160.9
3592 160.9
3593 160.9
3594 160.95
3595 160.95
3596 161.0
3597 161.0
3598 161.05
3599 161.05
3600 161.2
3601 161.2
3602 161.2
3603 161.2
3604 161.2
3605 161.25
3606 161.25
3607 161.3
3608 161.4
3609 161.4
3610 161.4
3611 161.4
3612 161.45
3613 161.45
3614 161.45
3615 161.45
3616 161.45
3617 161.45
3618 161.45
3619 161.45
3620 161.45
3621 161.5
3622 161.5
3623 161.5
3624 161.6
3625 161.65
3626 161.7
3627 161.7
3628 161.8
3629 161.85
3630 161.9
3631 161.95
3632 161.95
3633 161.95
3634 161.95
3635 161.95
3636 162.0
3637 162.0
3638 162.05
3639 162.05
3640 162.05
3641 162.05
3642 162.05
3643 162.05
3644 162.1
3645 162.15
3646 162.15
3647 162.25
3648 162.25
3649 162.35
3650 162.35
3651 162.4
3652 162.4
3653 162.4
3654 162.45
3655 162.55
3656 162.7
3657 162.7
3658 162.7
3659 162.7
3660 162.7
3661 162.7
3662 162.7
3663 162.7
3664 162.7
3665 162.7
3666 162.75
3667 162.75
3668 162.75
3669 162.75
3670 162.75
3671 162.75
3672 162.75
3673 162.75
3674 162.75
3675 162.75
3676 162.75
3677 162.8
3678 162.85
3679 162.85
3680 162.85
3681 162.85
3682 162.9
3683 162.9
3684 162.9
3685 162.9
3686 163.0
3687 163.0
3688 163.15
3689 163.15
3690 163.15
3691 163.15
3692 163.15
3693 163.25
3694 163.3
3695 163.35
3696 163.35
3697 163.35
3698 163.35
3699 163.45
3700 163.45
3701 163.5
3702 163.5
3703 163.55
3704 163.55
3705 163.55
3706 163.55
3707 163.65
3708 163.65
3709 163.65
3710 163.7
3711 163.75
3712 163.8
3713 163.8
3714 163.8
3715 163.8
3716 163.8
3717 163.85
3718 163.85
3719 163.85
3720 163.85
3721 163.85
3722 163.85
3723 163.9
3724 163.9
3725 163.9
3726 163.95
3727 163.95
3728 163.95
3729 163.95
3730 163.95
3731 163.95
3732 164.0
3733 164.0
3734 164.0
3735 164.05
3736 164.05
3737 164.05
3738 164.05
3739 164.1
3740 164.1
3741 164.1
3742 164.15
3743 164.2
3744 164.2
3745 164.2
3746 164.2
3747 164.2
3748 164.2
3749 164.3
3750 164.3
3751 164.35
3752 164.4
3753 164.4
3754 164.4
3755 164.4
3756 164.4
3757 164.4
3758 164.4
3759 164.45
3760 164.45
3761 164.45
3762 164.45
3763 164.55
3764 164.55
3765 164.55
3766 164.65
3767 164.7
3768 164.7
3769 164.75
3770 164.75
3771 164.85
3772 164.85
3773 164.85
3774 164.95
3775 164.95
3776 164.95
3777 164.95
3778 164.95
3779 164.95
3780 164.95
3781 164.95
3782 164.95
3783 164.95
3784 164.95
3785 164.95
3786 165.0
3787 165.0
3788 165.0
3789 165.0
3790 165.05
3791 165.1
3792 165.1
3793 165.1
3794 165.15
3795 165.15
3796 165.2
3797 165.25
3798 165.25
3799 165.25
3800 165.25
3801 165.25
3802 165.25
3803 165.25
3804 165.25
3805 165.25
3806 165.25
3807 165.35
3808 165.4
3809 165.4
3810 165.45
3811 165.45
3812 165.45
3813 165.45
3814 165.45
3815 165.45
3816 165.45
3817 165.45
3818 165.45
3819 165.5
3820 165.5
3821 165.5
3822 165.5
3823 165.5
3824 165.5
3825 165.5
3826 165.5
3827 165.6
3828 165.65
3829 165.7
3830 165.75
3831 165.75
3832 165.75
3833 165.75
3834 165.75
3835 165.85
3836 165.9
3837 165.95
3838 165.95
3839 165.95
3840 166.05
3841 166.05
3842 166.05
3843 166.05
3844 166.05
3845 166.05
3846 166.05
3847 166.05
3848 166.05
3849 166.05
3850 166.05
3851 166.15
3852 166.15
3853 166.15
3854 166.15
3855 166.15
3856 166.15
3857 166.15
3858 166.15
3859 166.2
3860 166.2
3861 166.2
3862 166.2
3863 166.35
3864 166.35
3865 166.35
3866 166.35
3867 166.35
3868 166.4
3869 166.4
3870 166.4
3871 166.4
3872 166.4
3873 166.4
3874 166.4
3875 166.4
3876 166.4
3877 166.4
3878 166.45
3879 166.45
3880 166.45
3881 166.55
3882 166.55
3883 166.55
3884 166.6
3885 166.6
3886 166.65
3887 166.65
3888 166.75
3889 166.75
3890 166.8
3891 166.8
3892 166.85
3893 166.9
3894 166.9
3895 166.9
3896 166.9
3897 166.9
3898 166.9
3899 166.95
3900 167.0
3901 167.0
3902 167.05
3903 167.05
3904 167.1
3905 167.15
3906 167.2
3907 167.25
3908 167.25
3909 167.25
3910 167.25
3911 167.25
3912 167.3
3913 167.3
3914 167.3
3915 167.3
3916 167.3
3917 167.3
3918 167.35
3919 167.35
3920 167.35
3921 167.35
3922 167.35
3923 167.35
3924 167.4
3925 167.4
3926 167.45
3927 167.45
3928 167.45
3929 167.5
3930 167.5
3931 167.5
3932 167.5
3933 167.5
3934 167.55
3935 167.55
3936 167.6
3937 167.65
3938 167.75
3939 167.75
3940 167.8
3941 167.9
3942 167.95
3943 167.95
3944 167.95
3945 167.95
3946 167.95
3947 167.95
3948 167.95
3949 167.95
3950 168.0
3951 168.0
3952 168.0
3953 168.0
3954 168.0
3955 168.05
3956 168.05
3957 168.05
3958 168.05
3959 168.1
3960 168.1
3961 168.1
3962 168.1
3963 168.1
3964 168.2
3965 168.3
3966 168.3
3967 168.3
3968 168.3
3969 168.3
3970 168.3
3971 168.3
3972 168.3
3973 168.4
3974 168.45
3975 168.45
3976 168.45
3977 168.45
3978 168.45
3979 168.45
3980 168.55
3981 168.55
3982 168.55
3983 168.55
3984 168.55
3985 168.55
3986 168.55
3987 168.55
3988 168.6
3989 168.6
3990 168.65
3991 168.65
3992 168.65
3993 168.65
3994 168.7
3995 168.7
3996 168.7
3997 168.7
3998 168.7
3999 168.7
4000 168.75
4001 168.8
4002 168.8
4003 168.85
4004 168.85
4005 168.85
4006 168.9
4007 168.95
4008 169.0
4009 169.0
4010 169.05
4011 169.1
4012 169.2
4013 169.25
4014 169.25
4015 169.25
4016 169.25
4017 169.3
4018 169.3
4019 169.3
4020 169.3
4021 169.3
4022 169.3
4023 169.3
4024 169.3
4025 169.35
4026 169.35
4027 169.35
4028 169.35
4029 169.35
4030 169.35
4031 169.4
4032 169.4
4033 169.4
4034 169.45
4035 169.45
4036 169.45
4037 169.45
4038 169.45
4039 169.45
4040 169.45
4041 169.45
4042 169.45
4043 169.45
4044 169.45
4045 169.55
4046 169.6
4047 169.65
4048 169.65
4049 169.65
4050 169.7
4051 169.75
4052 169.8
4053 169.8
4054 169.85
4055 169.85
4056 169.9
4057 169.9
4058 169.95
4059 169.95
4060 169.95
4061 170.0
4062 170.0
4063 170.0
4064 170.0
4065 170.05
4066 170.05
4067 170.05
4068 170.05
4069 170.05
4070 170.05
4071 170.05
4072 170.05
4073 170.05
4074 170.05
4075 170.05
4076 170.05
4077 170.05
4078 170.05
4079 170.05
4080 170.05
4081 170.05
4082 170.05
4083 170.05
4084 170.05
4085 170.1
4086 170.15
4087 170.25
4088 170.25
4089 170.25
4090 170.25
4091 170.3
4092 170.35
4093 170.35
4094 170.35
4095 170.35
4096 170.4
4097 170.4
4098 170.4
4099 170.4
4100 170.45
4101 170.45
4102 170.5
4103 170.5
4104 170.5
4105 170.5
4106 170.6
4107 170.6
4108 170.6
4109 170.6
4110 170.6
4111 170.6
4112 170.6
4113 170.6
4114 170.65
4115 170.65
4116 170.65
4117 170.65
4118 170.7
4119 170.7
4120 170.7
4121 170.7
4122 170.7
4123 170.7
4124 170.7
4125 170.7
4126 170.7
4127 170.8
4128 170.8
4129 170.8
4130 170.8
4131 170.85
4132 170.95
4133 171.0
4134 171.0
4135 171.0
4136 171.0
4137 171.05
4138 171.05
4139 171.05
4140 171.05
4141 171.05
4142 171.1
4143 171.1
4144 171.15
4145 171.15
4146 171.2
4147 171.2
4148 171.25
4149 171.25
4150 171.25
4151 171.25
4152 171.25
4153 171.25
4154 171.3
4155 171.3
4156 171.35
4157 171.4
4158 171.4
4159 171.45
4160 171.45
4161 171.5
4162 171.5
4163 171.55
4164 171.55
4165 171.55
4166 171.55
4167 171.6
4168 171.65
4169 171.65
4170 171.65
4171 171.65
4172 171.65
4173 171.65
4174 171.65
4175 171.65
4176 171.65
4177 171.75
4178 171.75
4179 171.75
4180 171.75
4181 171.75
4182 171.75
4183 171.75
4184 171.75
4185 171.75
4186 171.8
4187 171.9
4188 171.9
4189 171.9
4190 171.9
4191 171.9
4192 171.9
4193 171.9
4194 171.9
4195 171.9
4196 171.95
4197 171.95
4198 171.95
4199 171.95
4200 171.95
4201 171.95
4202 172.0
4203 172.05
4204 172.05
4205 172.1
4206 172.1
4207 172.1
4208 172.15
4209 172.15
4210 172.15
4211 172.15
4212 172.15
4213 172.2
4214 172.2
4215 172.2
4216 172.25
4217 172.25
4218 172.25
4219 172.25
4220 172.35
4221 172.35
4222 172.35
4223 172.35
4224 172.35
4225 172.35
4226 172.45
4227 172.45
4228 172.45
4229 172.45
4230 172.5
4231 172.5
4232 172.55
4233 172.55
4234 172.55
4235 172.55
4236 172.65
4237 172.65
4238 172.65
4239 172.7
4240 172.7
4241 172.7
4242 172.7
4243 172.7
4244 172.7
4245 172.7
4246 172.75
4247 172.75
4248 172.75
4249 172.75
4250 172.75
4251 172.75
4252 172.75
4253 172.75
4254 172.75
4255 172.8
4256 172.8
4257 172.8
4258 172.8
4259 173.0
4260 173.0
4261 173.0
4262 173.05
4263 173.1
4264 173.15
4265 173.15
4266 173.2
4267 173.2
4268 173.25
4269 173.25
4270 173.35
4271 173.35
4272 173.35
4273 173.35
4274 173.35
4275 173.35
4276 173.35
4277 173.4
4278 173.4
4279 173.4
4280 173.45
4281 173.45
4282 173.45
4283 173.5
4284 173.5
4285 173.5
4286 173.5
4287 173.5
4288 173.5
4289 173.5
4290 173.5
4291 173.5
4292 173.5
4293 173.5
4294 173.55
4295 173.6
4296 173.6
4297 173.6
4298 173.65
4299 173.75
4300 173.75
4301 173.8
4302 173.85
4303 173.85
4304 173.9
4305 173.9
4306 173.95
4307 173.95
4308 173.95
4309 174.0
4310 174.05
4311 174.05
4312 174.05
4313 174.1
4314 174.1
4315 174.1
4316 174.15
4317 174.15
4318 174.15
4319 174.15
4320 174.15
4321 174.15
4322 174.15
4323 174.15
4324 174.15
4325 174.15
4326 174.15
4327 174.15
4328 174.15
4329 174.15
4330 174.15
4331 174.15
4332 174.15
4333 174.15
4334 174.15
4335 174.15
4336 174.15
4337 174.15
4338 174.15
4339 174.15
4340 174.15
4341 174.15
4342 174.15
4343 174.15
4344 174.2
4345 174.25
4346 174.25
4347 174.25
4348 174.25
4349 174.25
4350 174.25
4351 174.25
4352 174.25
4353 174.25
4354 174.25
4355 174.25
4356 174.25
4357 174.3
4358 174.3
4359 174.3
4360 174.3
4361 174.3
4362 174.3
4363 174.35
4364 174.35
4365 174.35
4366 174.35
4367 174.35
4368 174.35
4369 174.35
4370 174.35
4371 174.35
4372 174.35
4373 174.4
4374 174.4
4375 174.4
4376 174.4
4377 174.4
4378 174.4
4379 174.45
4380 174.45
4381 174.45
4382 174.45
4383 174.5
4384 174.5
4385 174.5
4386 174.55
4387 174.55
4388 174.55
4389 174.55
4390 174.55
4391 174.55
4392 174.55
4393 174.55
4394 174.6
4395 174.65
4396 174.65
4397 174.65
4398 174.7
4399 174.7
4400 174.7
4401 174.7
4402 174.8
4403 174.9
4404 174.95
4405 174.95
4406 174.95
4407 174.95
4408 175.05
4409 175.05
4410 175.05
4411 175.05
4412 175.05
4413 175.05
4414 175.1
4415 175.1
4416 175.1
4417 175.1
4418 175.1
4419 175.1
4420 175.1
4421 175.15
4422 175.15
4423 175.15
4424 175.15
4425 175.2
4426 175.2
4427 175.2
4428 175.2
4429 175.3
4430 175.3
4431 175.3
4432 175.3
4433 175.3
4434 175.3
4435 175.3
4436 175.3
4437 175.4
4438 175.4
4439 175.45
4440 175.45
4441 175.45
4442 175.45
4443 175.45
4444 175.45
4445 175.45
4446 175.45
4447 175.5
4448 175.5
4449 175.55
4450 175.55
4451 175.55
4452 175.55
4453 175.55
4454 175.55
4455 175.55
4456 175.55
4457 175.55
4458 175.55
4459 175.55
4460 175.55
4461 175.55
4462 175.55
4463 175.55
4464 175.55
4465 175.6
4466 175.6
4467 175.6
4468 175.65
4469 175.7
4470 175.7
4471 175.7
4472 175.7
4473 175.75
4474 175.75
4475 175.75
4476 175.8
4477 175.8
4478 175.8
4479 175.8
4480 175.8
4481 175.85
4482 175.85
4483 175.85
4484 175.85
4485 175.85
4486 175.9
4487 175.9
4488 175.95
4489 175.95
4490 176.0
4491 176.0
4492 176.05
4493 176.05
4494 176.05
4495 176.05
4496 176.05
4497 176.1
4498 176.1
4499 176.15
4500 176.15
4501 176.15
4502 176.15
4503 176.15
4504 176.15
4505 176.2
4506 176.2
4507 176.2
4508 176.2
4509 176.2
4510 176.2
4511 176.2
4512 176.3
4513 176.3
4514 176.4
4515 176.4
4516 176.4
4517 176.4
4518 176.45
4519 176.45
4520 176.45
4521 176.5
4522 176.5
4523 176.5
4524 176.5
4525 176.5
4526 176.5
4527 176.5
4528 176.5
4529 176.5
4530 176.5
4531 176.5
4532 176.5
4533 176.5
4534 176.55
4535 176.6
4536 176.6
4537 176.6
4538 176.65
4539 176.65
4540 176.7
4541 176.7
4542 176.7
4543 176.7
4544 176.75
4545 176.8
4546 176.85
4547 176.9
4548 176.9
4549 176.9
4550 176.9
4551 176.9
4552 176.9
4553 176.9
4554 176.9
4555 177.0
4556 177.0
4557 177.05
4558 177.05
4559 177.05
4560 177.05
4561 177.1
4562 177.1
4563 177.1
4564 177.1
4565 177.15
4566 177.15
4567 177.15
4568 177.15
4569 177.15
4570 177.15
4571 177.25
4572 177.25
4573 177.3
4574 177.3
4575 177.3
4576 177.3
4577 177.3
4578 177.3
4579 177.3
4580 177.3
4581 177.3
4582 177.3
4583 177.3
4584 177.3
4585 177.3
4586 177.3
4587 177.3
4588 177.3
4589 177.3
4590 177.3
4591 177.4
4592 177.4
4593 177.4
4594 177.4
4595 177.4
4596 177.4
4597 177.4
4598 177.45
4599 177.45
4600 177.45
4601 177.45
4602 177.45
4603 177.45
4604 177.45
4605 177.45
4606 177.45
4607 177.45
4608 177.5
4609 177.55
4610 177.55
4611 177.55
4612 177.6
4613 177.65
4614 177.75
4615 177.8
4616 177.8
4617 177.8
4618 177.85
4619 177.85
4620 177.85
4621 177.85
4622 177.85
4623 177.9
4624 177.9
4625 177.9
4626 177.9
4627 177.9
4628 177.9
4629 177.9
4630 177.95
4631 177.95
4632 177.95
4633 177.95
4634 177.95
4635 177.95
4636 178.0
4637 178.0
4638 178.0
4639 178.05
4640 178.05
4641 178.05
4642 178.05
4643 178.1
4644 178.1
4645 178.1
4646 178.1
4647 178.1
4648 178.1
4649 178.15
4650 178.15
4651 178.15
4652 178.2
4653 178.2
4654 178.2
4655 178.25
4656 178.25
4657 178.3
4658 178.3
4659 178.3
4660 178.35
4661 178.35
4662 178.35
4663 178.4
4664 178.45
4665 178.45
4666 178.45
4667 178.45
4668 178.45
4669 178.45
4670 178.45
4671 178.5
4672 178.5
4673 178.5
4674 178.5
4675 178.5
4676 178.5
4677 178.5
4678 178.5
4679 178.5
4680 178.5
4681 178.5
4682 178.5
4683 178.5
4684 178.55
4685 178.55
4686 178.6
4687 178.6
4688 178.6
4689 178.6
4690 178.6
4691 178.6
4692 178.65
4693 178.65
4694 178.65
4695 178.65
4696 178.65
4697 178.7
4698 178.7
4699 178.7
4700 178.75
4701 178.75
4702 178.75
4703 178.75
4704 178.75
4705 178.75
4706 178.75
4707 178.8
4708 178.8
4709 178.8
4710 178.85
4711 178.85
4712 178.85
4713 178.85
4714 178.85
4715 178.85
4716 178.85
4717 178.85
4718 178.85
4719 178.85
4720 178.85
4721 178.85
4722 178.9
4723 178.9
4724 178.9
4725 178.9
4726 178.95
4727 179.0
4728 179.0
4729 179.0
4730 179.0
4731 179.0
4732 179.0
4733 179.0
4734 179.0
4735 179.0
4736 179.0
4737 179.0
4738 179.0
4739 179.0
4740 179.0
4741 179.05
4742 179.05
4743 179.05
4744 179.05
4745 179.05
4746 179.05
4747 179.05
4748 179.05
4749 179.1
4750 179.1
4751 179.15
4752 179.15
4753 179.15
4754 179.3
4755 179.3
4756 179.35
4757 179.35
4758 179.35
4759 179.35
4760 179.35
4761 179.35
4762 179.35
4763 179.35
4764 179.4
4765 179.45
4766 179.45
4767 179.45
4768 179.5
4769 179.5
4770 179.5
4771 179.55
4772 179.6
4773 179.6
4774 179.6
4775 179.6
4776 179.6
4777 179.6
4778 179.6
4779 179.6
4780 179.6
4781 179.6
4782 179.6
4783 179.6
4784 179.6
4785 179.6
4786 179.6
4787 179.6
4788 179.65
4789 179.65
4790 179.65
4791 179.65
4792 179.7
4793 179.7
4794 179.7
4795 179.7
4796 179.7
4797 179.75
4798 179.75
4799 179.75
4800 179.75
4801 179.75
4802 179.75
4803 179.8
4804 179.8
4805 179.8
4806 179.9
4807 179.9
4808 179.9
4809 179.95
4810 179.95
4811 179.95
4812 179.95
4813 179.95
4814 180.0
4815 180.0
4816 180.0
4817 180.0
4818 180.0
4819 180.0
4820 180.0
4821 180.0
4822 180.05
4823 180.1
4824 180.1
4825 180.1
4826 180.1
4827 180.1
4828 180.1
4829 180.2
4830 180.2
4831 180.2
4832 180.2
4833 180.2
4834 180.2
4835 180.25
4836 180.25
4837 180.25
4838 180.25
4839 180.25
4840 180.25
4841 180.3
4842 180.3
4843 180.3
4844 180.3
4845 180.35
4846 180.4
4847 180.4
4848 180.4
4849 180.4
4850 180.4
4851 180.4
4852 180.4
4853 180.4
4854 180.4
4855 180.4
4856 180.4
4857 180.4
4858 180.4
4859 180.45
4860 180.45
4861 180.5
4862 180.5
4863 180.5
4864 180.5
4865 180.5
4866 180.5
4867 180.55
4868 180.55
4869 180.55
4870 180.55
4871 180.55
4872 180.6
4873 180.6
4874 180.65
4875 180.7
4876 180.8
4877 180.8
4878 180.85
4879 180.85
4880 180.85
4881 180.85
4882 180.85
4883 180.9
4884 180.9
4885 180.9
4886 180.9
4887 180.9
4888 180.9
4889 180.9
4890 180.9
4891 180.9
4892 180.9
4893 180.9
4894 180.9
4895 181.0
4896 181.0
4897 181.0
4898 181.0
4899 181.0
4900 181.0
4901 181.05
4902 181.1
4903 181.15
4904 181.2
4905 181.2
4906 181.25
4907 181.25
4908 181.25
4909 181.25
4910 181.25
4911 181.3
4912 181.3
4913 181.35
4914 181.35
4915 181.35
4916 181.35
4917 181.35
4918 181.35
4919 181.35
4920 181.35
4921 181.35
4922 181.4
4923 181.4
4924 181.45
4925 181.45
4926 181.45
4927 181.5
4928 181.5
4929 181.55
4930 181.55
4931 181.55
4932 181.55
4933 181.55
4934 181.55
4935 181.55
4936 181.55
4937 181.55
4938 181.55
4939 181.55
4940 181.6
4941 181.6
4942 181.6
4943 181.6
4944 181.6
4945 181.6
4946 181.6
4947 181.6
4948 181.6
4949 181.65
4950 181.7
4951 181.7
4952 181.7
4953 181.7
4954 181.7
4955 181.7
4956 181.7
4957 181.7
4958 181.75
4959 181.75
4960 181.75
4961 181.75
4962 181.75
4963 181.75
4964 181.75
4965 181.75
4966 181.75
4967 181.8
4968 181.8
4969 181.8
4970 181.8
4971 181.8
4972 181.8
4973 181.8
4974 181.85
4975 181.85
4976 182.05
4977 182.1
4978 182.1
4979 182.1
4980 182.1
4981 182.1
4982 182.1
4983 182.1
4984 182.1
4985 182.1
4986 182.1
4987 182.15
4988 182.2
4989 182.25
4990 182.25
4991 182.3
4992 182.3
4993 182.3
4994 182.3
4995 182.3
4996 182.3
4997 182.3
4998 182.35
4999 182.35
5000 182.35
5001 182.35
5002 182.35
5003 182.35
5004 182.35
5005 182.4
5006 182.5
5007 182.5
5008 182.5
5009 182.5
5010 182.5
5011 182.5
5012 182.5
5013 182.5
5014 182.5
5015 182.5
5016 182.55
5017 182.55
5018 182.6
5019 182.6
5020 182.6
5021 182.6
5022 182.6
5023 182.6
5024 182.6
5025 182.6
5026 182.6
5027 182.6
5028 182.6
5029 182.6
5030 182.65
5031 182.7
5032 182.7
5033 182.7
5034 182.7
5035 182.7
5036 182.75
5037 182.8
5038 182.8
5039 182.8
5040 182.8
5041 182.8
5042 182.8
5043 182.8
5044 182.8
5045 182.8
5046 182.8
5047 182.8
5048 182.85
5049 182.85
5050 182.9
5051 182.9
5052 182.9
5053 182.95
5054 183.0
5055 183.0
5056 183.0
5057 183.0
5058 183.0
5059 183.0
5060 183.0
5061 183.0
5062 183.0
5063 183.0
5064 183.0
5065 183.0
5066 183.0
5067 183.0
5068 183.0
5069 183.0
5070 183.0
5071 183.0
5072 183.1
5073 183.1
5074 183.1
5075 183.1
5076 183.1
5077 183.1
5078 183.1
5079 183.1
5080 183.1
5081 183.1
5082 183.1
5083 183.1
5084 183.1
5085 183.1
5086 183.1
5087 183.1
5088 183.1
5089 183.1
5090 183.1
5091 183.1
5092 183.1
5093 183.1
5094 183.1
5095 183.15
5096 183.15
5097 183.15
5098 183.15
5099 183.15
5100 183.2
5101 183.25
5102 183.25
5103 183.3
5104 183.3
5105 183.3
5106 183.3
5107 183.3
5108 183.3
5109 183.4
5110 183.4
5111 183.4
5112 183.4
5113 183.4
5114 183.4
5115 183.4
5116 183.45
5117 183.45
5118 183.45
5119 183.5
5120 183.5
5121 183.5
5122 183.55
5123 183.55
5124 183.55
5125 183.55
5126 183.55
5127 183.6
5128 183.6
5129 183.6
5130 183.6
5131 183.6
5132 183.6
5133 183.6
5134 183.6
5135 183.6
5136 183.6
5137 183.6
5138 183.6
5139 183.6
5140 183.6
5141 183.6
5142 183.6
5143 183.6
5144 183.6
5145 183.6
5146 183.6
5147 183.6
5148 183.6
5149 183.6
5150 183.6
5151 183.6
5152 183.6
5153 183.6
5154 183.6
5155 183.6
5156 183.6
5157 183.6
5158 183.65
5159 183.7
5160 183.7
5161 183.7
5162 183.7
5163 183.7
5164 183.7
5165 183.7
5166 183.7
5167 183.7
5168 183.7
5169 183.7
5170 183.75
5171 183.75
5172 183.8
5173 183.8
5174 183.8
5175 183.8
5176 183.8
5177 183.8
5178 183.8
5179 183.8
5180 183.8
5181 183.8
5182 183.8
5183 183.8
5184 183.85
5185 183.9
5186 183.95
5187 183.95
5188 184.0
5189 184.0
5190 184.0
5191 184.0
5192 184.0
5193 184.0
5194 184.05
5195 184.05
5196 184.05
5197 184.05
5198 184.1
5199 184.1
5200 184.1
5201 184.1
5202 184.1
5203 184.1
5204 184.1
5205 184.1
5206 184.1
5207 184.1
5208 184.1
5209 184.15
5210 184.15
5211 184.15
5212 184.15
5213 184.15
5214 184.15
5215 184.15
5216 184.2
5217 184.2
5218 184.2
5219 184.2
5220 184.2
5221 184.2
5222 184.2
5223 184.2
5224 184.2
5225 184.2
5226 184.2
5227 184.25
5228 184.25
5229 184.25
5230 184.25
5231 184.3
5232 184.35
5233 184.35
5234 184.35
5235 184.35
5236 184.4
5237 184.4
5238 184.4
5239 184.45
5240 184.45
5241 184.45
5242 184.45
5243 184.45
5244 184.45
5245 184.5
5246 184.5
5247 184.5
5248 184.5
5249 184.5
5250 184.5
5251 184.5
5252 184.5
5253 184.5
5254 184.5
5255 184.5
5256 184.55
5257 184.55
5258 184.55
5259 184.55
5260 184.55
5261 184.55
5262 184.55
5263 184.55
5264 184.55
5265 184.55
5266 184.55
5267 184.55
5268 184.55
5269 184.55
5270 184.6
5271 184.6
5272 184.7
5273 184.7
5274 184.7
5275 184.75
5276 184.75
5277 184.75
5278 184.75
5279 184.75
5280 184.75
5281 184.75
5282 184.75
5283 184.75
5284 184.75
5285 184.75
5286 184.8
5287 184.8
5288 184.8
5289 184.85
5290 184.85
5291 184.85
5292 184.9
5293 184.95
5294 185.0
5295 185.0
5296 185.0
5297 185.0
5298 185.0
5299 185.0
5300 185.0
5301 185.05
5302 185.05
5303 185.1
5304 185.1
5305 185.1
5306 185.1
5307 185.1
5308 185.1
5309 185.1
5310 185.1
5311 185.1
5312 185.1
5313 185.1
5314 185.1
5315 185.1
5316 185.1
5317 185.1
5318 185.1
5319 185.1
5320 185.1
5321 185.1
5322 185.1
5323 185.1
5324 185.15
5325 185.15
5326 185.15
5327 185.15
5328 185.15
5329 185.2
5330 185.2
5331 185.2
5332 185.25
5333 185.25
5334 185.25
5335 185.25
5336 185.3
5337 185.3
5338 185.3
5339 185.3
5340 185.3
5341 185.3
5342 185.3
5343 185.3
5344 185.3
5345 185.3
5346 185.3
5347 185.3
5348 185.3
5349 185.3
5350 185.3
5351 185.3
5352 185.3
5353 185.3
5354 185.3
5355 185.3
5356 185.3
5357 185.3
5358 185.3
5359 185.3
5360 185.3
5361 185.3
5362 185.3
5363 185.3
5364 185.3
5365 185.3
5366 185.35
5367 185.35
5368 185.35
5369 185.35
5370 185.35
5371 185.35
5372 185.35
5373 185.35
5374 185.35
5375 185.35
5376 185.35
5377 185.35
5378 185.4
5379 185.4
5380 185.4
5381 185.4
5382 185.45
5383 185.5
5384 185.55
5385 185.6
5386 185.6
5387 185.6
5388 185.6
5389 185.6
5390 185.6
5391 185.6
5392 185.65
5393 185.65
5394 185.65
5395 185.65
5396 185.65
5397 185.65
5398 185.65
5399 185.65
5400 185.65
5401 185.65
5402 185.65
5403 185.7
5404 185.7
5405 185.7
5406 185.7
5407 185.7
5408 185.75
5409 185.8
5410 185.8
5411 185.8
5412 185.85
5413 185.9
5414 185.9
5415 185.9
5416 185.9
5417 185.9
5418 185.95
5419 186.0
5420 186.0
5421 186.0
5422 186.0
5423 186.0
5424 186.0
5425 186.0
5426 186.0
5427 186.0
5428 186.0
5429 186.0
5430 186.0
5431 186.0
5432 186.0
5433 186.0
5434 186.0
5435 186.0
5436 186.0
5437 186.05
5438 186.05
5439 186.05
5440 186.05
5441 186.05
5442 186.05
5443 186.1
5444 186.15
5445 186.15
5446 186.2
5447 186.2
5448 186.25
5449 186.25
5450 186.25
5451 186.25
5452 186.25
5453 186.25
5454 186.25
5455 186.25
5456 186.25
5457 186.25
5458 186.25
5459 186.25
5460 186.25
5461 186.25
5462 186.25
5463 186.25
5464 186.25
5465 186.25
5466 186.25
5467 186.25
5468 186.25
5469 186.25
5470 186.25
5471 186.25
5472 186.25
5473 186.25
5474 186.25
5475 186.25
5476 186.25
5477 186.25
5478 186.25
5479 186.25
5480 186.3
5481 186.35
5482 186.35
5483 186.35
5484 186.35
5485 186.35
5486 186.35
5487 186.35
5488 186.35
5489 186.4
5490 186.4
5491 186.4
5492 186.4
5493 186.4
5494 186.4
5495 186.4
5496 186.4
5497 186.4
5498 186.4
5499 186.4
5500 186.4
5501 186.4
5502 186.4
5503 186.45
5504 186.45
5505 186.45
5506 186.45
5507 186.5
5508 186.5
5509 186.55
5510 186.55
5511 186.55
5512 186.55
5513 186.55
5514 186.55
5515 186.55
5516 186.55
5517 186.55
5518 186.55
5519 186.55
5520 186.55
5521 186.55
5522 186.55
5523 186.6
5524 186.6
5525 186.6
5526 186.6
5527 186.6
5528 186.6
5529 186.6
5530 186.65
5531 186.7
5532 186.7
5533 186.7
5534 186.75
5535 186.75
5536 186.75
5537 186.75
5538 186.75
5539 186.75
5540 186.75
5541 186.75
5542 186.85
5543 186.85
5544 186.85
5545 186.85
5546 186.85
5547 186.85
5548 186.85
5549 186.85
5550 186.85
5551 186.85
5552 186.85
5553 186.85
5554 186.85
5555 186.85
5556 186.85
5557 186.85
5558 186.9
5559 186.9
5560 186.9
5561 186.9
5562 186.9
5563 186.9
5564 186.9
5565 186.9
5566 186.9
5567 186.9
5568 186.9
5569 186.9
5570 186.95
5571 186.95
5572 186.95
5573 186.95
5574 187.0
5575 187.0
5576 187.0
5577 187.0
5578 187.0
5579 187.0
5580 187.0
5581 187.0
5582 187.0
5583 187.05
5584 187.05
5585 187.05
5586 187.05
5587 187.05
5588 187.05
5589 187.05
5590 187.05
5591 187.05
5592 187.05
5593 187.05
5594 187.05
5595 187.05
5596 187.1
5597 187.1
5598 187.1
5599 187.1
5600 187.1
5601 187.1
5602 187.1
5603 187.1
5604 187.1
5605 187.1
5606 187.1
5607 187.1
5608 187.1
5609 187.1
5610 187.1
5611 187.15
5612 187.2
5613 187.2
5614 187.2
5615 187.2
5616 187.2
5617 187.2
5618 187.2
5619 187.2
5620 187.2
5621 187.2
5622 187.2
5623 187.2
5624 187.2
5625 187.2
5626 187.25
5627 187.25
5628 187.25
5629 187.3
5630 187.3
5631 187.3
5632 187.3
5633 187.3
5634 187.3
5635 187.3
5636 187.3
5637 187.3
5638 187.3
5639 187.3
5640 187.3
5641 187.3
5642 187.3
5643 187.3
5644 187.3
5645 187.3
5646 187.35
5647 187.35
5648 187.35
5649 187.35
5650 187.35
5651 187.35
5652 187.35
5653 187.35
5654 187.35
5655 187.35
5656 187.35
5657 187.35
5658 187.35
5659 187.35
5660 187.35
5661 187.35
5662 187.4
5663 187.4
5664 187.4
5665 187.4
5666 187.4
5667 187.4
5668 187.4
5669 187.4
5670 187.4
5671 187.4
5672 187.4
5673 187.4
5674 187.45
5675 187.45
5676 187.45
5677 187.45
5678 187.45
5679 187.45
5680 187.45
5681 187.45
5682 187.5
5683 187.5
5684 187.5
5685 187.5
5686 187.55
5687 187.55
5688 187.6
5689 187.6
5690 187.6
5691 187.6
5692 187.6
5693 187.6
5694 187.6
5695 187.6
5696 187.6
5697 187.6
5698 187.6
5699 187.6
5700 187.6
5701 187.65
5702 187.65
5703 187.65
5704 187.65
5705 187.65
5706 187.65
5707 187.65
5708 187.65
5709 187.65
5710 187.65
5711 187.65
5712 187.7
5713 187.7
5714 187.7
5715 187.7
5716 187.7
5717 187.7
5718 187.7
5719 187.7
5720 187.7
5721 187.7
5722 187.7
5723 187.7
5724 187.7
5725 187.7
5726 187.7
5727 187.7
5728 187.75
5729 187.75
5730 187.75
5731 187.8
5732 187.8
5733 187.8
5734 187.85
5735 187.85
5736 187.85
5737 187.85
5738 187.85
5739 187.85
5740 187.85
5741 187.85
5742 187.85
5743 187.85
5744 187.9
5745 187.9
5746 187.9
5747 187.9
5748 187.95
5749 188.0
5750 188.0
5751 188.0
5752 188.0
5753 188.0
5754 188.0
5755 188.0
5756 188.0
5757 188.0
5758 188.0
5759 188.0
5760 188.0
5761 188.0
5762 188.0
5763 188.0
5764 188.0
5765 188.0
5766 188.0
5767 188.05
5768 188.05
5769 188.1
5770 188.1
5771 188.1
5772 188.1
5773 188.1
5774 188.1
5775 188.1
5776 188.1
5777 188.15
5778 188.15
5779 188.15
5780 188.15
5781 188.15
5782 188.15
5783 188.15
5784 188.15
5785 188.15
5786 188.15
5787 188.15
5788 188.2
5789 188.2
5790 188.2
5791 188.2
5792 188.2
5793 188.2
5794 188.2
5795 188.2
5796 188.2
5797 188.2
5798 188.2
5799 188.2
5800 188.2
5801 188.2
5802 188.25
5803 188.25
5804 188.25
5805 188.25
5806 188.25
5807 188.25
5808 188.25
5809 188.25
5810 188.25
5811 188.25
5812 188.25
5813 188.25
5814 188.25
5815 188.25
5816 188.25
5817 188.3
5818 188.3
5819 188.3
5820 188.3
5821 188.3
5822 188.3
5823 188.3
5824 188.3
5825 188.3
5826 188.3
5827 188.3
5828 188.3
5829 188.3
5830 188.3
5831 188.3
5832 188.35
5833 188.35
5834 188.35
5835 188.35
5836 188.35
5837 188.35
5838 188.35
5839 188.35
5840 188.35
5841 188.35
5842 188.35
5843 188.35
5844 188.35
5845 188.35
5846 188.35
5847 188.35
5848 188.35
5849 188.35
5850 188.35
5851 188.35
5852 188.35
5853 188.35
5854 188.35
5855 188.35
5856 188.35
5857 188.35
5858 188.35
5859 188.35
5860 188.35
5861 188.35
5862 188.35
5863 188.35
5864 188.35
5865 188.35
5866 188.35
5867 188.4
5868 188.4
5869 188.45
5870 188.45
5871 188.45
5872 188.45
5873 188.45
5874 188.45
5875 188.45
5876 188.45
5877 188.45
5878 188.45
5879 188.45
5880 188.45
5881 188.5
5882 188.5
5883 188.5
5884 188.5
5885 188.5
5886 188.55
5887 188.6
5888 188.6
5889 188.65
5890 188.65
5891 188.65
5892 188.65
5893 188.65
5894 188.65
5895 188.65
5896 188.65
5897 188.65
5898 188.65
5899 188.65
5900 188.65
5901 188.65
5902 188.65
5903 188.65
5904 188.65
5905 188.65
5906 188.65
5907 188.65
5908 188.65
5909 188.65
5910 188.65
5911 188.7
5912 188.7
5913 188.7
5914 188.7
5915 188.7
5916 188.7
5917 188.7
5918 188.7
5919 188.7
5920 188.75
5921 188.8
5922 188.8
5923 188.8
5924 188.8
5925 188.8
5926 188.8
5927 188.8
5928 188.8
5929 188.8
5930 188.8
5931 188.8
5932 188.8
5933 188.8
5934 188.8
5935 188.8
5936 188.8
5937 188.8
5938 188.8
5939 188.8
5940 188.8
5941 188.8
5942 188.8
5943 188.8
5944 188.85
5945 188.85
5946 188.85
5947 188.85
5948 188.85
5949 188.9
5950 188.9
5951 188.9
5952 188.9
5953 188.95
5954 188.95
5955 188.95
5956 188.95
5957 188.95
5958 188.95
5959 188.95
5960 188.95
5961 188.95
5962 188.95
5963 188.95
5964 188.95
5965 188.95
5966 188.95
5967 188.95
5968 189.0
5969 189.0
5970 189.05
5971 189.05
5972 189.05
5973 189.05
5974 189.05
5975 189.05
5976 189.05
5977 189.05
5978 189.05
5979 189.05
5980 189.05
5981 189.1
5982 189.1
5983 189.1
5984 189.1
5985 189.15
5986 189.15
5987 189.15
5988 189.15
5989 189.15
5990 189.15
5991 189.15
5992 189.15
5993 189.15
5994 189.15
5995 189.15
5996 189.15
5997 189.15
5998 189.15
5999 189.15
