#iterations fitness
0 0.0
1 4.1
2 7.15
3 10.7
4 13.55
5 16.35
6 19.4
7 22.1
8 24.65
9 27.35
10 30.35
11 32.4
12 35.0
13 37.15
14 39.1
15 41.9
16 44.2
17 45.8
18 48.0
19 50.25
20 52.35
21 54.3
22 56.8
23 58.9
24 60.4
25 62.2
26 63.85
27 65.9
28 67.4
29 69.3
30 71.05
31 72.8
32 74.4
33 76.45
34 77.95
35 79.2
36 80.8
37 82.0
38 83.15
39 84.6
40 86.3
41 87.55
42 88.55
43 89.6
44 90.8
45 92.5
46 93.25
47 94.3
48 95.35
49 96.65
50 98.0
51 99.55
52 100.4
53 101.3
54 102.55
55 103.5
56 104.6
57 105.75
58 106.4
59 107.0
60 108.25
61 109.25
62 110.2
63 111.35
64 111.95
65 112.8
66 114.2
67 115.0
68 115.95
69 116.35
70 117.05
71 118.15
72 119.1
73 119.7
74 120.45
75 121.15
76 121.8
77 122.45
78 123.1
79 123.85
80 124.55
81 125.1
82 125.9
83 126.65
84 127.05
85 128.1
86 128.45
87 129.25
88 129.65
89 130.2
90 130.75
91 131.25
92 131.75
93 132.4
94 132.8
95 133.2
96 133.9
97 134.55
98 135.15
99 135.75
100 136.25
101 136.75
102 137.25
103 137.7
104 138.25
105 138.55
106 138.85
107 139.65
108 140.65
109 140.95
110 141.4
111 141.9
112 142.3
113 142.55
114 143.1
115 143.45
116 144.0
117 144.35
118 144.95
119 145.25
120 145.8
121 146.05
122 146.45
123 147.05
124 147.4
125 147.5
126 147.9
127 148.25
128 148.55
129 149.05
130 149.4
131 149.6
132 150.05
133 150.35
134 150.85
135 150.95
136 151.15
137 151.7
138 152.15
139 152.55
140 153.1
141 153.4
142 153.7
143 154.0
144 154.05
145 154.55
146 155.05
147 155.2
148 155.6
149 155.9
150 156.1
151 156.5
152 156.75
153 157.05
154 157.45
155 157.75
156 158.15
157 158.5
158 158.75
159 159.0
160 159.4
161 159.9
162 160.1
163 160.3
164 160.45
165 160.6
166 160.65
167 161.1
168 161.45
169 161.75
170 161.8
171 161.8
172 162.0
173 162.35
174 162.95
175 163.25
176 163.3
177 163.45
178 163.7
179 163.95
180 164.15
181 164.4
182 164.75
183 164.95
184 165.2
185 165.35
186 165.75
187 165.9
188 166.2
189 166.3
190 166.6
191 166.75
192 166.95
193 167.25
194 167.5
195 167.65
196 168.15
197 168.3
198 168.4
199 168.7
200 168.8
201 169.1
202 169.55
203 169.75
204 169.95
205 170.25
206 170.45
207 170.5
208 170.65
209 170.85
210 170.95
211 171.05
212 171.4
213 171.5
214 171.75
215 171.95
216 172.3
217 172.45
218 172.75
219 172.9
220 173.0
221 173.05
222 173.15
223 173.3
224 173.6
225 173.85
226 173.95
227 174.2
228 174.3
229 174.6
230 174.8
231 174.95
232 175.05
233 175.25
234 175.25
235 175.45
236 175.65
237 175.7
238 176.1
239 176.1
240 176.2
241 176.45
242 176.55
243 176.7
244 176.75
245 176.85
246 177.05
247 177.1
248 177.1
249 177.4
250 177.75
251 177.85
252 177.95
253 178.15
254 178.25
255 178.45
256 178.75
257 178.85
258 178.9
259 179.05
260 179.15
261 179.35
262 179.4
263 179.6
264 179.8
265 179.95
266 179.95
267 180.2
268 180.3
269 180.3
270 180.5
271 180.6
272 180.75
273 180.9
274 181.2
275 181.3
276 181.45
277 181.6
278 181.75
279 182.05
280 182.15
281 182.25
282 182.25
283 182.45
284 182.65
285 182.9
286 182.95
287 183.0
288 183.2
289 183.25
290 183.35
291 183.45
292 183.5
293 183.55
294 183.65
295 183.75
296 183.95
297 184.15
298 184.15
299 184.25
300 184.4
301 184.45
302 184.6
303 184.65
304 184.75
305 185.0
306 185.1
307 185.2
308 185.2
309 185.2
310 185.4
311 185.55
312 185.6
313 185.9
314 185.95
315 186.2
316 186.35
317 186.5
318 186.5
319 186.55
320 186.7
321 186.85
322 186.85
323 186.95
324 186.95
325 187.1
326 187.3
327 187.45
328 187.55
329 187.55
330 187.65
331 187.75
332 187.95
333 187.95
334 188.0
335 188.1
336 188.2
337 188.35
338 188.45
339 188.5
340 188.6
341 188.7
342 188.8
343 188.95
344 189.05
345 189.05
346 189.1
347 189.2
348 189.3
349 189.5
350 189.5
351 189.6
352 189.7
353 189.85
354 190.0
355 190.1
356 190.15
357 190.25
358 190.3
359 190.4
360 190.65
361 190.65
362 190.65
363 190.75
364 190.85
365 190.9
366 191.0
367 191.1
368 191.2
369 191.25
370 191.5
371 191.6
372 191.65
373 191.75
374 191.75
375 191.8
376 191.95
377 192.05
378 192.05
379 192.2
380 192.25
381 192.25
382 192.25
383 192.25
384 192.4
385 192.45
386 192.6
387 192.65
388 192.65
389 192.7
390 192.75
391 192.85
392 192.95
393 193.0
394 193.0
395 193.1
396 193.15
397 193.25
398 193.3
399 193.35
400 193.45
401 193.5
402 193.5
403 193.6
404 193.65
405 193.65
406 193.7
407 193.75
408 193.85
409 194.0
410 194.1
411 194.2
412 194.25
413 194.3
414 194.3
415 194.35
416 194.4
417 194.4
418 194.5
419 194.5
420 194.65
421 194.75
422 194.8
423 194.9
424 194.9
425 194.95
426 194.95
427 195.0
428 195.05
429 195.1
430 195.1
431 195.15
432 195.25
433 195.25
434 195.25
435 195.25
436 195.3
437 195.3
438 195.4
439 195.45
440 195.55
441 195.6
442 195.7
443 195.75
444 195.75
445 195.75
446 195.8
447 195.8
448 195.9
449 195.95
450 195.95
451 196.15
452 196.15
453 196.25
454 196.35
455 196.4
456 196.4
457 196.5
458 196.6
459 196.65
460 196.65
461 196.65
462 196.65
463 196.65
464 196.65
465 196.75
466 196.75
467 196.8
468 196.85
469 196.85
470 196.85
471 196.9
472 197.05
473 197.05
474 197.05
475 197.2
476 197.2
477 197.2
478 197.25
479 197.3
480 197.3
481 197.35
482 197.35
483 197.4
484 197.5
485 197.5
486 197.6
487 197.65
488 197.65
489 197.65
490 197.65
491 197.65
492 197.65
493 197.65
494 197.7
495 197.7
496 197.7
497 197.75
498 197.75
499 197.8
500 197.85
501 197.85
502 197.85
503 197.9
504 198.0
505 198.05
506 198.1
507 198.15
508 198.15
509 198.25
510 198.25
511 198.3
512 198.35
513 198.35
514 198.4
515 198.4
516 198.45
517 198.45
518 198.45
519 198.45
520 198.5
521 198.5
522 198.55
523 198.55
524 198.6
525 198.6
526 198.6
527 198.6
528 198.65
529 198.65
530 198.65
531 198.7
532 198.75
533 198.8
534 198.8
535 198.85
536 198.85
537 198.85
538 198.9
539 198.95
540 199.0
541 199.0
542 199.1
543 199.15
544 199.2
545 199.2
546 199.2
547 199.2
548 199.2
549 199.2
550 199.2
551 199.2
552 199.2
553 199.25
554 199.25
555 199.35
556 199.35
557 199.35
558 199.35
559 199.35
560 199.35
561 199.35
562 199.35
563 199.35
564 199.4
565 199.4
566 199.4
567 199.4
568 199.4
569 199.4
570 199.4
571 199.4
572 199.4
573 199.4
574 199.4
575 199.4
576 199.4
577 199.4
578 199.45
579 199.5
580 199.5
581 199.5
582 199.5
583 199.5
584 199.5
585 199.5
586 199.5
587 199.55
588 199.55
589 199.55
590 199.55
591 199.55
592 199.55
593 199.55
594 199.55
595 199.55
596 199.55
597 199.55
598 199.55
599 199.55
600 199.55
601 199.55
602 199.55
603 199.6
604 199.6
605 199.6
606 199.6
607 199.6
608 199.65
609 199.65
610 199.65
611 199.65
612 199.7
613 199.7
614 199.7
615 199.75
616 199.75
617 199.75
618 199.75
619 199.75
620 199.8
621 199.85
622 199.85
623 199.85
624 199.85
625 199.85
626 199.85
627 199.85
628 199.85
629 199.85
630 199.85
631 199.85
632 199.85
633 199.85
634 199.85
635 199.85
636 199.9
637 199.9
638 199.9
639 199.9
640 199.9
641 199.9
642 199.9
643 199.9
644 199.9
645 199.9
646 199.9
647 199.9
648 199.9
649 199.9
650 199.9
651 199.9
652 199.9
653 199.9
654 199.9
655 199.9
656 199.9
657 199.9
658 199.9
659 199.9
660 199.9
661 199.9
662 199.9
663 199.9
664 199.95
665 199.95
666 200.0
667 200.0
668 200.0
669 200.0
670 200.0
671 200.0
672 200.0
673 200.0
674 200.0
675 200.0
676 200.0
677 200.0
678 200.0
679 200.0
680 200.0
681 200.0
682 200.0
683 200.0
684 200.0
685 200.0
686 200.0
687 200.0
688 200.0
689 200.0
690 200.0
691 200.0
692 200.0
693 200.0
694 200.0
695 200.0
696 200.0
697 200.0
698 200.0
699 200.0
700 200.0
701 200.0
702 200.0
703 200.0
704 200.0
705 200.0
706 200.0
707 200.0
708 200.0
709 200.0
710 200.0
711 200.0
712 200.0
713 200.0
714 200.0
715 200.0
716 200.0
717 200.0
718 200.0
719 200.0
720 200.0
721 200.0
722 200.0
723 200.0
724 200.0
725 200.0
726 200.0
727 200.0
728 200.0
729 200.0
730 200.0
731 200.0
732 200.0
733 200.0
734 200.0
735 200.0
736 200.0
737 200.0
738 200.0
739 200.0
740 200.0
741 200.0
742 200.0
743 200.0
744 200.0
745 200.0
746 200.0
747 200.0
748 200.0
749 200.0
750 200.0
751 200.0
752 200.0
753 200.0
754 200.0
755 200.0
756 200.0
757 200.0
758 200.0
759 200.0
760 200.0
761 200.0
762 200.0
763 200.0
764 200.0
765 200.0
766 200.0
767 200.0
768 200.0
769 200.0
770 200.0
771 200.0
772 200.0
773 200.0
774 200.0
775 200.0
776 200.0
777 200.0
778 200.0
779 200.0
780 200.0
781 200.0
782 200.0
783 200.0
784 200.0
785 200.0
786 200.0
787 200.0
788 200.0
789 200.0
790 200.0
791 200.0
792 200.0
793 200.0
794 200.0
795 200.0
796 200.0
797 200.0
798 200.0
799 200.0
800 200.0
801 200.0
802 200.0
803 200.0
804 200.0
805 200.0
806 200.0
807 200.0
808 200.0
809 200.0
810 200.0
811 200.0
812 200.0
813 200.0
814 200.0
815 200.0
816 200.0
817 200.0
818 200.0
819 200.0
820 200.0
821 200.0
822 200.0
823 200.0
824 200.0
825 200.0
826 200.0
827 200.0
828 200.0
829 200.0
830 200.0
831 200.0
832 200.0
833 200.0
834 200.0
835 200.0
836 200.0
837 200.0
838 200.0
839 200.0
840 200.0
841 200.0
842 200.0
843 200.0
844 200.0
845 200.0
846 200.0
847 200.0
848 200.0
849 200.0
850 200.0
851 200.0
852 200.0
853 200.0
854 200.0
855 200.0
856 200.0
857 200.0
858 200.0
859 200.0
860 200.0
861 200.0
862 200.0
863 200.0
864 200.0
865 200.0
866 200.0
867 200.0
868 200.0
869 200.0
870 200.0
871 200.0
872 200.0
873 200.0
874 200.0
875 200.0
876 200.0
877 200.0
878 200.0
879 200.0
880 200.0
881 200.0
882 200.0
883 200.0
884 200.0
885 200.0
886 200.0
887 200.0
888 200.0
889 200.0
890 200.0
891 200.0
892 200.0
893 200.0
894 200.0
895 200.0
896 200.0
897 200.0
898 200.0
899 200.0
900 200.0
901 200.0
902 200.0
903 200.0
904 200.0
905 200.0
906 200.0
907 200.0
908 200.0
909 200.0
910 200.0
911 200.0
912 200.0
913 200.0
914 200.0
915 200.0
916 200.0
917 200.0
918 200.0
919 200.0
920 200.0
921 200.0
922 200.0
923 200.0
924 200.0
925 200.0
926 200.0
927 200.0
928 200.0
929 200.0
930 200.0
931 200.0
932 200.0
933 200.0
934 200.0
935 200.0
936 200.0
937 200.0
938 200.0
939 200.0
940 200.0
941 200.0
942 200.0
943 200.0
944 200.0
945 200.0
946 200.0
947 200.0
948 200.0
949 200.0
950 200.0
951 200.0
952 200.0
953 200.0
954 200.0
955 200.0
956 200.0
957 200.0
958 200.0
959 200.0
960 200.0
961 200.0
962 200.0
963 200.0
964 200.0
965 200.0
966 200.0
967 200.0
968 200.0
969 200.0
970 200.0
971 200.0
972 200.0
973 200.0
974 200.0
975 200.0
976 200.0
977 200.0
978 200.0
979 200.0
980 200.0
981 200.0
982 200.0
983 200.0
984 200.0
985 200.0
986 200.0
987 200.0
988 200.0
989 200.0
990 200.0
991 200.0
992 200.0
993 200.0
994 200.0
995 200.0
996 200.0
997 200.0
998 200.0
999 200.0
1000 200.0
1001 200.0
1002 200.0
1003 200.0
1004 200.0
1005 200.0
1006 200.0
1007 200.0
1008 200.0
1009 200.0
1010 200.0
1011 200.0
1012 200.0
1013 200.0
1014 200.0
1015 200.0
1016 200.0
1017 200.0
1018 200.0
1019 200.0
1020 200.0
1021 200.0
1022 200.0
1023 200.0
1024 200.0
1025 200.0
1026 200.0
1027 200.0
1028 200.0
1029 200.0
1030 200.0
1031 200.0
1032 200.0
1033 200.0
1034 200.0
1035 200.0
1036 200.0
1037 200.0
1038 200.0
1039 200.0
1040 200.0
1041 200.0
1042 200.0
1043 200.0
1044 200.0
1045 200.0
1046 200.0
1047 200.0
1048 200.0
1049 200.0
1050 200.0
1051 200.0
1052 200.0
1053 200.0
1054 200.0
1055 200.0
1056 200.0
1057 200.0
1058 200.0
1059 200.0
1060 200.0
1061 200.0
1062 200.0
1063 200.0
1064 200.0
1065 200.0
1066 200.0
1067 200.0
1068 200.0
1069 200.0
1070 200.0
1071 200.0
1072 200.0
1073 200.0
1074 200.0
1075 200.0
1076 200.0
1077 200.0
1078 200.0
1079 200.0
1080 200.0
1081 200.0
1082 200.0
1083 200.0
1084 200.0
1085 200.0
1086 200.0
1087 200.0
1088 200.0
1089 200.0
1090 200.0
1091 200.0
1092 200.0
1093 200.0
1094 200.0
1095 200.0
1096 200.0
1097 200.0
1098 200.0
1099 200.0
1100 200.0
1101 200.0
1102 200.0
1103 200.0
1104 200.0
1105 200.0
1106 200.0
1107 200.0
1108 200.0
1109 200.0
1110 200.0
1111 200.0
1112 200.0
1113 200.0
1114 200.0
1115 200.0
1116 200.0
1117 200.0
1118 200.0
1119 200.0
1120 200.0
1121 200.0
1122 200.0
1123 200.0
1124 200.0
1125 200.0
1126 200.0
1127 200.0
1128 200.0
1129 200.0
1130 200.0
1131 200.0
1132 200.0
1133 200.0
1134 200.0
1135 200.0
1136 200.0
1137 200.0
1138 200.0
1139 200.0
1140 200.0
1141 200.0
1142 200.0
1143 200.0
1144 200.0
1145 200.0
1146 200.0
1147 200.0
1148 200.0
1149 200.0
1150 200.0
1151 200.0
1152 200.0
1153 200.0
1154 200.0
1155 200.0
1156 200.0
1157 200.0
1158 200.0
1159 200.0
1160 200.0
1161 200.0
1162 200.0
1163 200.0
1164 200.0
1165 200.0
1166 200.0
1167 200.0
1168 200.0
1169 200.0
1170 200.0
1171 200.0
1172 200.0
1173 200.0
1174 200.0
1175 200.0
1176 200.0
1177 200.0
1178 200.0
1179 200.0
1180 200.0
1181 200.0
1182 200.0
1183 200.0
1184 200.0
1185 200.0
1186 200.0
1187 200.0
1188 200.0
1189 200.0
1190 200.0
1191 200.0
1192 200.0
1193 200.0
1194 200.0
1195 200.0
1196 200.0
1197 200.0
1198 200.0
1199 200.0
1200 200.0
1201 200.0
1202 200.0
1203 200.0
1204 200.0
1205 200.0
1206 200.0
1207 200.0
1208 200.0
1209 200.0
1210 200.0
1211 200.0
1212 200.0
1213 200.0
1214 200.0
1215 200.0
1216 200.0
1217 200.0
1218 200.0
1219 200.0
1220 200.0
1221 200.0
1222 200.0
1223 200.0
1224 200.0
1225 200.0
1226 200.0
1227 200.0
1228 200.0
1229 200.0
1230 200.0
1231 200.0
1232 200.0
1233 200.0
1234 200.0
1235 200.0
1236 200.0
1237 200.0
1238 200.0
1239 200.0
1240 200.0
1241 200.0
1242 200.0
1243 200.0
1244 200.0
1245 200.0
1246 200.0
1247 200.0
1248 200.0
1249 200.0
1250 200.0
1251 200.0
1252 200.0
1253 200.0
1254 200.0
1255 200.0
1256 200.0
1257 200.0
1258 200.0
1259 200.0
1260 200.0
1261 200.0
1262 200.0
1263 200.0
1264 200.0
1265 200.0
1266 200.0
1267 200.0
1268 200.0
1269 200.0
1270 200.0
1271 200.0
1272 200.0
1273 200.0
1274 200.0
1275 200.0
1276 200.0
1277 200.0
1278 200.0
1279 200.0
1280 200.0
1281 200.0
1282 200.0
1283 200.0
1284 200.0
1285 200.0
1286 200.0
1287 200.0
1288 200.0
1289 200.0
1290 200.0
1291 200.0
1292 200.0
1293 200.0
1294 200.0
1295 200.0
1296 200.0
1297 200.0
1298 200.0
1299 200.0
1300 200.0
1301 200.0
1302 200.0
1303 200.0
1304 200.0
1305 200.0
1306 200.0
1307 200.0
1308 200.0
1309 200.0
1310 200.0
1311 200.0
1312 200.0
1313 200.0
1314 200.0
1315 200.0
1316 200.0
1317 200.0
1318 200.0
1319 200.0
1320 200.0
1321 200.0
1322 200.0
1323 200.0
1324 200.0
1325 200.0
1326 200.0
1327 200.0
1328 200.0
1329 200.0
1330 200.0
1331 200.0
1332 200.0
1333 200.0
1334 200.0
1335 200.0
1336 200.0
1337 200.0
1338 200.0
1339 200.0
1340 200.0
1341 200.0
1342 200.0
1343 200.0
1344 200.0
1345 200.0
1346 200.0
1347 200.0
1348 200.0
1349 200.0
1350 200.0
1351 200.0
1352 200.0
1353 200.0
1354 200.0
1355 200.0
1356 200.0
1357 200.0
1358 200.0
1359 200.0
1360 200.0
1361 200.0
1362 200.0
1363 200.0
1364 200.0
1365 200.0
1366 200.0
1367 200.0
1368 200.0
1369 200.0
1370 200.0
1371 200.0
1372 200.0
1373 200.0
1374 200.0
1375 200.0
1376 200.0
1377 200.0
1378 200.0
1379 200.0
1380 200.0
1381 200.0
1382 200.0
1383 200.0
1384 200.0
1385 200.0
1386 200.0
1387 200.0
1388 200.0
1389 200.0
1390 200.0
1391 200.0
1392 200.0
1393 200.0
1394 200.0
1395 200.0
1396 200.0
1397 200.0
1398 200.0
1399 200.0
1400 200.0
1401 200.0
1402 200.0
1403 200.0
1404 200.0
1405 200.0
1406 200.0
1407 200.0
1408 200.0
1409 200.0
1410 200.0
1411 200.0
1412 200.0
1413 200.0
1414 200.0
1415 200.0
1416 200.0
1417 200.0
1418 200.0
1419 200.0
1420 200.0
1421 200.0
1422 200.0
1423 200.0
1424 200.0
1425 200.0
1426 200.0
1427 200.0
1428 200.0
1429 200.0
1430 200.0
1431 200.0
1432 200.0
1433 200.0
1434 200.0
1435 200.0
1436 200.0
1437 200.0
1438 200.0
1439 200.0
1440 200.0
1441 200.0
1442 200.0
1443 200.0
1444 200.0
1445 200.0
1446 200.0
1447 200.0
1448 200.0
1449 200.0
1450 200.0
1451 200.0
1452 200.0
1453 200.0
1454 200.0
1455 200.0
1456 200.0
1457 200.0
1458 200.0
1459 200.0
1460 200.0
1461 200.0
1462 200.0
1463 200.0
1464 200.0
1465 200.0
1466 200.0
1467 200.0
1468 200.0
1469 200.0
1470 200.0
1471 200.0
1472 200.0
1473 200.0
1474 200.0
1475 200.0
1476 200.0
1477 200.0
1478 200.0
1479 200.0
1480 200.0
1481 200.0
1482 200.0
1483 200.0
1484 200.0
1485 200.0
1486 200.0
1487 200.0
1488 200.0
1489 200.0
1490 200.0
1491 200.0
1492 200.0
1493 200.0
1494 200.0
1495 200.0
1496 200.0
1497 200.0
1498 200.0
1499 200.0
1500 200.0
1501 200.0
1502 200.0
1503 200.0
1504 200.0
1505 200.0
1506 200.0
1507 200.0
1508 200.0
1509 200.0
1510 200.0
1511 200.0
1512 200.0
1513 200.0
1514 200.0
1515 200.0
1516 200.0
1517 200.0
1518 200.0
1519 200.0
1520 200.0
1521 200.0
1522 200.0
1523 200.0
1524 200.0
1525 200.0
1526 200.0
1527 200.0
1528 200.0
1529 200.0
1530 200.0
1531 200.0
1532 200.0
1533 200.0
1534 200.0
1535 200.0
1536 200.0
1537 200.0
1538 200.0
1539 200.0
1540 200.0
1541 200.0
1542 200.0
1543 200.0
1544 200.0
1545 200.0
1546 200.0
1547 200.0
1548 200.0
1549 200.0
1550 200.0
1551 200.0
1552 200.0
1553 200.0
1554 200.0
1555 200.0
1556 200.0
1557 200.0
1558 200.0
1559 200.0
1560 200.0
1561 200.0
1562 200.0
1563 200.0
1564 200.0
1565 200.0
1566 200.0
1567 200.0
1568 200.0
1569 200.0
1570 200.0
1571 200.0
1572 200.0
1573 200.0
1574 200.0
1575 200.0
1576 200.0
1577 200.0
1578 200.0
1579 200.0
1580 200.0
1581 200.0
1582 200.0
1583 200.0
1584 200.0
1585 200.0
1586 200.0
1587 200.0
1588 200.0
1589 200.0
1590 200.0
1591 200.0
1592 200.0
1593 200.0
1594 200.0
1595 200.0
1596 200.0
1597 200.0
1598 200.0
1599 200.0
1600 200.0
1601 200.0
1602 200.0
1603 200.0
1604 200.0
1605 200.0
1606 200.0
1607 200.0
1608 200.0
1609 200.0
1610 200.0
1611 200.0
1612 200.0
1613 200.0
1614 200.0
1615 200.0
1616 200.0
1617 200.0
1618 200.0
1619 200.0
1620 200.0
1621 200.0
1622 200.0
1623 200.0
1624 200.0
1625 200.0
1626 200.0
1627 200.0
1628 200.0
1629 200.0
1630 200.0
1631 200.0
1632 200.0
1633 200.0
1634 200.0
1635 200.0
1636 200.0
1637 200.0
1638 200.0
1639 200.0
1640 200.0
1641 200.0
1642 200.0
1643 200.0
1644 200.0
1645 200.0
1646 200.0
1647 200.0
1648 200.0
1649 200.0
1650 200.0
1651 200.0
1652 200.0
1653 200.0
1654 200.0
1655 200.0
1656 200.0
1657 200.0
1658 200.0
1659 200.0
1660 200.0
1661 200.0
1662 200.0
1663 200.0
1664 200.0
1665 200.0
1666 200.0
1667 200.0
1668 200.0
1669 200.0
1670 200.0
1671 200.0
1672 200.0
1673 200.0
1674 200.0
1675 200.0
1676 200.0
1677 200.0
1678 200.0
1679 200.0
1680 200.0
1681 200.0
1682 200.0
1683 200.0
1684 200.0
1685 200.0
1686 200.0
1687 200.0
1688 200.0
1689 200.0
1690 200.0
1691 200.0
1692 200.0
1693 200.0
1694 200.0
1695 200.0
1696 200.0
1697 200.0
1698 200.0
1699 200.0
1700 200.0
1701 200.0
1702 200.0
1703 200.0
1704 200.0
1705 200.0
1706 200.0
1707 200.0
1708 200.0
1709 200.0
1710 200.0
1711 200.0
1712 200.0
1713 200.0
1714 200.0
1715 200.0
1716 200.0
1717 200.0
1718 200.0
1719 200.0
1720 200.0
1721 200.0
1722 200.0
1723 200.0
1724 200.0
1725 200.0
1726 200.0
1727 200.0
1728 200.0
1729 200.0
1730 200.0
1731 200.0
1732 200.0
1733 200.0
1734 200.0
1735 200.0
1736 200.0
1737 200.0
1738 200.0
1739 200.0
1740 200.0
1741 200.0
1742 200.0
1743 200.0
1744 200.0
1745 200.0
1746 200.0
1747 200.0
1748 200.0
1749 200.0
1750 200.0
1751 200.0
1752 200.0
1753 200.0
1754 200.0
1755 200.0
1756 200.0
1757 200.0
1758 200.0
1759 200.0
1760 200.0
1761 200.0
1762 200.0
1763 200.0
1764 200.0
1765 200.0
1766 200.0
1767 200.0
1768 200.0
1769 200.0
1770 200.0
1771 200.0
1772 200.0
1773 200.0
1774 200.0
1775 200.0
1776 200.0
1777 200.0
1778 200.0
1779 200.0
1780 200.0
1781 200.0
1782 200.0
1783 200.0
1784 200.0
1785 200.0
1786 200.0
1787 200.0
1788 200.0
1789 200.0
1790 200.0
1791 200.0
1792 200.0
1793 200.0
1794 200.0
1795 200.0
1796 200.0
1797 200.0
1798 200.0
1799 200.0
1800 200.0
1801 200.0
1802 200.0
1803 200.0
1804 200.0
1805 200.0
1806 200.0
1807 200.0
1808 200.0
1809 200.0
1810 200.0
1811 200.0
1812 200.0
1813 200.0
1814 200.0
1815 200.0
1816 200.0
1817 200.0
1818 200.0
1819 200.0
1820 200.0
1821 200.0
1822 200.0
1823 200.0
1824 200.0
1825 200.0
1826 200.0
1827 200.0
1828 200.0
1829 200.0
1830 200.0
1831 200.0
1832 200.0
1833 200.0
1834 200.0
1835 200.0
1836 200.0
1837 200.0
1838 200.0
1839 200.0
1840 200.0
1841 200.0
1842 200.0
1843 200.0
1844 200.0
1845 200.0
1846 200.0
1847 200.0
1848 200.0
1849 200.0
1850 200.0
1851 200.0
1852 200.0
1853 200.0
1854 200.0
1855 200.0
1856 200.0
1857 200.0
1858 200.0
1859 200.0
1860 200.0
1861 200.0
1862 200.0
1863 200.0
1864 200.0
1865 200.0
1866 200.0
1867 200.0
1868 200.0
1869 200.0
1870 200.0
1871 200.0
1872 200.0
1873 200.0
1874 200.0
1875 200.0
1876 200.0
1877 200.0
1878 200.0
1879 200.0
1880 200.0
1881 200.0
1882 200.0
1883 200.0
1884 200.0
1885 200.0
1886 200.0
1887 200.0
1888 200.0
1889 200.0
1890 200.0
1891 200.0
1892 200.0
1893 200.0
1894 200.0
1895 200.0
1896 200.0
1897 200.0
1898 200.0
1899 200.0
1900 200.0
1901 200.0
1902 200.0
1903 200.0
1904 200.0
1905 200.0
1906 200.0
1907 200.0
1908 200.0
1909 200.0
1910 200.0
1911 200.0
1912 200.0
1913 200.0
1914 200.0
1915 200.0
1916 200.0
1917 200.0
1918 200.0
1919 200.0
1920 200.0
1921 200.0
1922 200.0
1923 200.0
1924 200.0
1925 200.0
1926 200.0
1927 200.0
1928 200.0
1929 200.0
1930 200.0
1931 200.0
1932 200.0
1933 200.0
1934 200.0
1935 200.0
1936 200.0
1937 200.0
1938 200.0
1939 200.0
1940 200.0
1941 200.0
1942 200.0
1943 200.0
1944 200.0
1945 200.0
1946 200.0
1947 200.0
1948 200.0
1949 200.0
1950 200.0
1951 200.0
1952 200.0
1953 200.0
1954 200.0
1955 200.0
1956 200.0
1957 200.0
1958 200.0
1959 200.0
1960 200.0
1961 200.0
1962 200.0
1963 200.0
1964 200.0
1965 200.0
1966 200.0
1967 200.0
1968 200.0
1969 200.0
1970 200.0
1971 200.0
1972 200.0
1973 200.0
1974 200.0
1975 200.0
1976 200.0
1977 200.0
1978 200.0
1979 200.0
1980 200.0
1981 200.0
1982 200.0
1983 200.0
1984 200.0
1985 200.0
1986 200.0
1987 200.0
1988 200.0
1989 200.0
1990 200.0
1991 200.0
1992 200.0
1993 200.0
1994 200.0
1995 200.0
1996 200.0
1997 200.0
1998 200.0
1999 200.0
2000 200.0
2001 200.0
2002 200.0
2003 200.0
2004 200.0
2005 200.0
2006 200.0
2007 200.0
2008 200.0
2009 200.0
2010 200.0
2011 200.0
2012 200.0
2013 200.0
2014 200.0
2015 200.0
2016 200.0
2017 200.0
2018 200.0
2019 200.0
2020 200.0
2021 200.0
2022 200.0
2023 200.0
2024 200.0
2025 200.0
2026 200.0
2027 200.0
2028 200.0
2029 200.0
2030 200.0
2031 200.0
2032 200.0
2033 200.0
2034 200.0
2035 200.0
2036 200.0
2037 200.0
2038 200.0
2039 200.0
2040 200.0
2041 200.0
2042 200.0
2043 200.0
2044 200.0
2045 200.0
2046 200.0
2047 200.0
2048 200.0
2049 200.0
2050 200.0
2051 200.0
2052 200.0
2053 200.0
2054 200.0
2055 200.0
2056 200.0
2057 200.0
2058 200.0
2059 200.0
2060 200.0
2061 200.0
2062 200.0
2063 200.0
2064 200.0
2065 200.0
2066 200.0
2067 200.0
2068 200.0
2069 200.0
2070 200.0
2071 200.0
2072 200.0
2073 200.0
2074 200.0
2075 200.0
2076 200.0
2077 200.0
2078 200.0
2079 200.0
2080 200.0
2081 200.0
2082 200.0
2083 200.0
2084 200.0
2085 200.0
2086 200.0
2087 200.0
2088 200.0
2089 200.0
2090 200.0
2091 200.0
2092 200.0
2093 200.0
2094 200.0
2095 200.0
2096 200.0
2097 200.0
2098 200.0
2099 200.0
2100 200.0
2101 200.0
2102 200.0
2103 200.0
2104 200.0
2105 200.0
2106 200.0
2107 200.0
2108 200.0
2109 200.0
2110 200.0
2111 200.0
2112 200.0
2113 200.0
2114 200.0
2115 200.0
2116 200.0
2117 200.0
2118 200.0
2119 200.0
2120 200.0
2121 200.0
2122 200.0
2123 200.0
2124 200.0
2125 200.0
2126 200.0
2127 200.0
2128 200.0
2129 200.0
2130 200.0
2131 200.0
2132 200.0
2133 200.0
2134 200.0
2135 200.0
2136 200.0
2137 200.0
2138 200.0
2139 200.0
2140 200.0
2141 200.0
2142 200.0
2143 200.0
2144 200.0
2145 200.0
2146 200.0
2147 200.0
2148 200.0
2149 200.0
2150 200.0
2151 200.0
2152 200.0
2153 200.0
2154 200.0
2155 200.0
2156 200.0
2157 200.0
2158 200.0
2159 200.0
2160 200.0
2161 200.0
2162 200.0
2163 200.0
2164 200.0
2165 200.0
2166 200.0
2167 200.0
2168 200.0
2169 200.0
2170 200.0
2171 200.0
2172 200.0
2173 200.0
2174 200.0
2175 200.0
2176 200.0
2177 200.0
2178 200.0
2179 200.0
2180 200.0
2181 200.0
2182 200.0
2183 200.0
2184 200.0
2185 200.0
2186 200.0
2187 200.0
2188 200.0
2189 200.0
2190 200.0
2191 200.0
2192 200.0
2193 200.0
2194 200.0
2195 200.0
2196 200.0
2197 200.0
2198 200.0
2199 200.0
2200 200.0
2201 200.0
2202 200.0
2203 200.0
2204 200.0
2205 200.0
2206 200.0
2207 200.0
2208 200.0
2209 200.0
2210 200.0
2211 200.0
2212 200.0
2213 200.0
2214 200.0
2215 200.0
2216 200.0
2217 200.0
2218 200.0
2219 200.0
2220 200.0
2221 200.0
2222 200.0
2223 200.0
2224 200.0
2225 200.0
2226 200.0
2227 200.0
2228 200.0
2229 200.0
2230 200.0
2231 200.0
2232 200.0
2233 200.0
2234 200.0
2235 200.0
2236 200.0
2237 200.0
2238 200.0
2239 200.0
2240 200.0
2241 200.0
2242 200.0
2243 200.0
2244 200.0
2245 200.0
2246 200.0
2247 200.0
2248 200.0
2249 200.0
2250 200.0
2251 200.0
2252 200.0
2253 200.0
2254 200.0
2255 200.0
2256 200.0
2257 200.0
2258 200.0
2259 200.0
2260 200.0
2261 200.0
2262 200.0
2263 200.0
2264 200.0
2265 200.0
2266 200.0
2267 200.0
2268 200.0
2269 200.0
2270 200.0
2271 200.0
2272 200.0
2273 200.0
2274 200.0
2275 200.0
2276 200.0
2277 200.0
2278 200.0
2279 200.0
2280 200.0
2281 200.0
2282 200.0
2283 200.0
2284 200.0
2285 200.0
2286 200.0
2287 200.0
2288 200.0
2289 200.0
2290 200.0
2291 200.0
2292 200.0
2293 200.0
2294 200.0
2295 200.0
2296 200.0
2297 200.0
2298 200.0
2299 200.0
2300 200.0
2301 200.0
2302 200.0
2303 200.0
2304 200.0
2305 200.0
2306 200.0
2307 200.0
2308 200.0
2309 200.0
2310 200.0
2311 200.0
2312 200.0
2313 200.0
2314 200.0
2315 200.0
2316 200.0
2317 200.0
2318 200.0
2319 200.0
2320 200.0
2321 200.0
2322 200.0
2323 200.0
2324 200.0
2325 200.0
2326 200.0
2327 200.0
2328 200.0
2329 200.0
2330 200.0
2331 200.0
2332 200.0
2333 200.0
2334 200.0
2335 200.0
2336 200.0
2337 200.0
2338 200.0
2339 200.0
2340 200.0
2341 200.0
2342 200.0
2343 200.0
2344 200.0
2345 200.0
2346 200.0
2347 200.0
2348 200.0
2349 200.0
2350 200.0
2351 200.0
2352 200.0
2353 200.0
2354 200.0
2355 200.0
2356 200.0
2357 200.0
2358 200.0
2359 200.0
2360 200.0
2361 200.0
2362 200.0
2363 200.0
2364 200.0
2365 200.0
2366 200.0
2367 200.0
2368 200.0
2369 200.0
2370 200.0
2371 200.0
2372 200.0
2373 200.0
2374 200.0
2375 200.0
2376 200.0
2377 200.0
2378 200.0
2379 200.0
2380 200.0
2381 200.0
2382 200.0
2383 200.0
2384 200.0
2385 200.0
2386 200.0
2387 200.0
2388 200.0
2389 200.0
2390 200.0
2391 200.0
2392 200.0
2393 200.0
2394 200.0
2395 200.0
2396 200.0
2397 200.0
2398 200.0
2399 200.0
2400 200.0
2401 200.0
2402 200.0
2403 200.0
2404 200.0
2405 200.0
2406 200.0
2407 200.0
2408 200.0
2409 200.0
2410 200.0
2411 200.0
2412 200.0
2413 200.0
2414 200.0
2415 200.0
2416 200.0
2417 200.0
2418 200.0
2419 200.0
2420 200.0
2421 200.0
2422 200.0
2423 200.0
2424 200.0
2425 200.0
2426 200.0
2427 200.0
2428 200.0
2429 200.0
2430 200.0
2431 200.0
2432 200.0
2433 200.0
2434 200.0
2435 200.0
2436 200.0
2437 200.0
2438 200.0
2439 200.0
2440 200.0
2441 200.0
2442 200.0
2443 200.0
2444 200.0
2445 200.0
2446 200.0
2447 200.0
2448 200.0
2449 200.0
2450 200.0
2451 200.0
2452 200.0
2453 200.0
2454 200.0
2455 200.0
2456 200.0
2457 200.0
2458 200.0
2459 200.0
2460 200.0
2461 200.0
2462 200.0
2463 200.0
2464 200.0
2465 200.0
2466 200.0
2467 200.0
2468 200.0
2469 200.0
2470 200.0
2471 200.0
2472 200.0
2473 200.0
2474 200.0
2475 200.0
2476 200.0
2477 200.0
2478 200.0
2479 200.0
2480 200.0
2481 200.0
2482 200.0
2483 200.0
2484 200.0
2485 200.0
2486 200.0
2487 200.0
2488 200.0
2489 200.0
2490 200.0
2491 200.0
2492 200.0
2493 200.0
2494 200.0
2495 200.0
2496 200.0
2497 200.0
2498 200.0
2499 200.0
2500 200.0
2501 200.0
2502 200.0
2503 200.0
2504 200.0
2505 200.0
2506 200.0
2507 200.0
2508 200.0
2509 200.0
2510 200.0
2511 200.0
2512 200.0
2513 200.0
2514 200.0
2515 200.0
2516 200.0
2517 200.0
2518 200.0
2519 200.0
2520 200.0
2521 200.0
2522 200.0
2523 200.0
2524 200.0
2525 200.0
2526 200.0
2527 200.0
2528 200.0
2529 200.0
2530 200.0
2531 200.0
2532 200.0
2533 200.0
2534 200.0
2535 200.0
2536 200.0
2537 200.0
2538 200.0
2539 200.0
2540 200.0
2541 200.0
2542 200.0
2543 200.0
2544 200.0
2545 200.0
2546 200.0
2547 200.0
2548 200.0
2549 200.0
2550 200.0
2551 200.0
2552 200.0
2553 200.0
2554 200.0
2555 200.0
2556 200.0
2557 200.0
2558 200.0
2559 200.0
2560 200.0
2561 200.0
2562 200.0
2563 200.0
2564 200.0
2565 200.0
2566 200.0
2567 200.0
2568 200.0
2569 200.0
2570 200.0
2571 200.0
2572 200.0
2573 200.0
2574 200.0
2575 200.0
2576 200.0
2577 200.0
2578 200.0
2579 200.0
2580 200.0
2581 200.0
2582 200.0
2583 200.0
2584 200.0
2585 200.0
2586 200.0
2587 200.0
2588 200.0
2589 200.0
2590 200.0
2591 200.0
2592 200.0
2593 200.0
2594 200.0
2595 200.0
2596 200.0
2597 200.0
2598 200.0
2599 200.0
2600 200.0
2601 200.0
2602 200.0
2603 200.0
2604 200.0
2605 200.0
2606 200.0
2607 200.0
2608 200.0
2609 200.0
2610 200.0
2611 200.0
2612 200.0
2613 200.0
2614 200.0
2615 200.0
2616 200.0
2617 200.0
2618 200.0
2619 200.0
2620 200.0
2621 200.0
2622 200.0
2623 200.0
2624 200.0
2625 200.0
2626 200.0
2627 200.0
2628 200.0
2629 200.0
2630 200.0
2631 200.0
2632 200.0
2633 200.0
2634 200.0
2635 200.0
2636 200.0
2637 200.0
2638 200.0
2639 200.0
2640 200.0
2641 200.0
2642 200.0
2643 200.0
2644 200.0
2645 200.0
2646 200.0
2647 200.0
2648 200.0
2649 200.0
2650 200.0
2651 200.0
2652 200.0
2653 200.0
2654 200.0
2655 200.0
2656 200.0
2657 200.0
2658 200.0
2659 200.0
2660 200.0
2661 200.0
2662 200.0
2663 200.0
2664 200.0
2665 200.0
2666 200.0
2667 200.0
2668 200.0
2669 200.0
2670 200.0
2671 200.0
2672 200.0
2673 200.0
2674 200.0
2675 200.0
2676 200.0
2677 200.0
2678 200.0
2679 200.0
2680 200.0
2681 200.0
2682 200.0
2683 200.0
2684 200.0
2685 200.0
2686 200.0
2687 200.0
2688 200.0
2689 200.0
2690 200.0
2691 200.0
2692 200.0
2693 200.0
2694 200.0
2695 200.0
2696 200.0
2697 200.0
2698 200.0
2699 200.0
2700 200.0
2701 200.0
2702 200.0
2703 200.0
2704 200.0
2705 200.0
2706 200.0
2707 200.0
2708 200.0
2709 200.0
2710 200.0
2711 200.0
2712 200.0
2713 200.0
2714 200.0
2715 200.0
2716 200.0
2717 200.0
2718 200.0
2719 200.0
2720 200.0
2721 200.0
2722 200.0
2723 200.0
2724 200.0
2725 200.0
2726 200.0
2727 200.0
2728 200.0
2729 200.0
2730 200.0
2731 200.0
2732 200.0
2733 200.0
2734 200.0
2735 200.0
2736 200.0
2737 200.0
2738 200.0
2739 200.0
2740 200.0
2741 200.0
2742 200.0
2743 200.0
2744 200.0
2745 200.0
2746 200.0
2747 200.0
2748 200.0
2749 200.0
2750 200.0
2751 200.0
2752 200.0
2753 200.0
2754 200.0
2755 200.0
2756 200.0
2757 200.0
2758 200.0
2759 200.0
2760 200.0
2761 200.0
2762 200.0
2763 200.0
2764 200.0
2765 200.0
2766 200.0
2767 200.0
2768 200.0
2769 200.0
2770 200.0
2771 200.0
2772 200.0
2773 200.0
2774 200.0
2775 200.0
2776 200.0
2777 200.0
2778 200.0
2779 200.0
2780 200.0
2781 200.0
2782 200.0
2783 200.0
2784 200.0
2785 200.0
2786 200.0
2787 200.0
2788 200.0
2789 200.0
2790 200.0
2791 200.0
2792 200.0
2793 200.0
2794 200.0
2795 200.0
2796 200.0
2797 200.0
2798 200.0
2799 200.0
2800 200.0
2801 200.0
2802 200.0
2803 200.0
2804 200.0
2805 200.0
2806 200.0
2807 200.0
2808 200.0
2809 200.0
2810 200.0
2811 200.0
2812 200.0
2813 200.0
2814 200.0
2815 200.0
2816 200.0
2817 200.0
2818 200.0
2819 200.0
2820 200.0
2821 200.0
2822 200.0
2823 200.0
2824 200.0
2825 200.0
2826 200.0
2827 200.0
2828 200.0
2829 200.0
2830 200.0
2831 200.0
2832 200.0
2833 200.0
2834 200.0
2835 200.0
2836 200.0
2837 200.0
2838 200.0
2839 200.0
2840 200.0
2841 200.0
2842 200.0
2843 200.0
2844 200.0
2845 200.0
2846 200.0
2847 200.0
2848 200.0
2849 200.0
2850 200.0
2851 200.0
2852 200.0
2853 200.0
2854 200.0
2855 200.0
2856 200.0
2857 200.0
2858 200.0
2859 200.0
2860 200.0
2861 200.0
2862 200.0
2863 200.0
2864 200.0
2865 200.0
2866 200.0
2867 200.0
2868 200.0
2869 200.0
2870 200.0
2871 200.0
2872 200.0
2873 200.0
2874 200.0
2875 200.0
2876 200.0
2877 200.0
2878 200.0
2879 200.0
2880 200.0
2881 200.0
2882 200.0
2883 200.0
2884 200.0
2885 200.0
2886 200.0
2887 200.0
2888 200.0
2889 200.0
2890 200.0
2891 200.0
2892 200.0
2893 200.0
2894 200.0
2895 200.0
2896 200.0
2897 200.0
2898 200.0
2899 200.0
2900 200.0
2901 200.0
2902 200.0
2903 200.0
2904 200.0
2905 200.0
2906 200.0
2907 200.0
2908 200.0
2909 200.0
2910 200.0
2911 200.0
2912 200.0
2913 200.0
2914 200.0
2915 200.0
2916 200.0
2917 200.0
2918 200.0
2919 200.0
2920 200.0
2921 200.0
2922 200.0
2923 200.0
2924 200.0
2925 200.0
2926 200.0
2927 200.0
2928 200.0
2929 200.0
2930 200.0
2931 200.0
2932 200.0
2933 200.0
2934 200.0
2935 200.0
2936 200.0
2937 200.0
2938 200.0
2939 200.0
2940 200.0
2941 200.0
2942 200.0
2943 200.0
2944 200.0
2945 200.0
2946 200.0
2947 200.0
2948 200.0
2949 200.0
2950 200.0
2951 200.0
2952 200.0
2953 200.0
2954 200.0
2955 200.0
2956 200.0
2957 200.0
2958 200.0
2959 200.0
2960 200.0
2961 200.0
2962 200.0
2963 200.0
2964 200.0
2965 200.0
2966 200.0
2967 200.0
2968 200.0
2969 200.0
2970 200.0
2971 200.0
2972 200.0
2973 200.0
2974 200.0
2975 200.0
2976 200.0
2977 200.0
2978 200.0
2979 200.0
2980 200.0
2981 200.0
2982 200.0
2983 200.0
2984 200.0
2985 200.0
2986 200.0
2987 200.0
2988 200.0
2989 200.0
2990 200.0
2991 200.0
2992 200.0
2993 200.0
2994 200.0
2995 200.0
2996 200.0
2997 200.0
2998 200.0
2999 200.0
