#iterations fitness
0 0.0
1 1.5
2 3.5
3 3.5
4 4.5
5 4.5
6 4.5
7 5.0
8 5.0
9 5.0
10 5.5
11 5.5
12 6.5
13 6.5
14 6.5
15 6.8
16 6.8
17 7.3
18 7.3
19 7.3
20 7.5
21 8.0
22 9.3
23 10.3
24 10.3
25 10.3
26 10.3
27 10.3
28 10.8
29 10.8
30 11.3
31 11.3
32 11.8
33 11.8
34 12.3
35 12.8
36 12.8
37 12.8
38 13.8
39 14.3
40 14.3
41 14.7
42 15.0
43 15.2
44 15.6
45 15.6
46 15.6
47 16.1
48 16.2
49 16.2
50 16.7
51 17.2
52 17.7
53 18.2
54 19.0
55 19.0
56 19.0
57 19.5
58 20.0
59 20.0
60 20.0
61 20.0
62 20.5
63 20.5
64 21.0
65 21.3
66 21.6
67 21.9
68 21.9
69 21.9
70 21.9
71 21.9
72 22.0
73 22.5
74 23.0
75 24.4
76 24.9
77 25.4
78 25.4
79 25.4
80 25.4
81 25.4
82 25.4
83 25.4
84 25.7
85 25.7
86 25.7
87 26.2
88 26.2
89 26.2
90 26.7
91 27.2
92 27.2
93 27.2
94 27.7
95 27.8
96 27.8
97 28.3
98 28.3
99 28.8
100 28.8
101 28.8
102 29.2
103 29.4
104 30.0
105 30.0
106 30.1
107 30.5
108 30.8
109 31.1
110 31.1
111 31.6
112 31.6
113 31.6
114 31.6
115 31.6
116 31.9
117 32.3
118 32.3
119 32.3
120 32.3
121 32.9
122 32.9
123 32.9
124 32.9
125 33.7
126 33.7
127 34.0
128 34.0
129 34.0
130 34.3
131 34.4
132 34.7
133 34.9
134 34.9
135 35.6
136 35.6
137 35.6
138 35.7
139 35.7
140 35.7
141 36.2
142 36.2
143 36.6
144 36.6
145 36.6
146 36.8
147 37.3
148 37.6
149 37.6
150 37.7
151 38.1
152 38.1
153 38.1
154 38.3
155 38.8
156 38.8
157 39.5
158 39.5
159 39.5
160 39.9
161 39.9
162 40.2
163 40.2
164 40.9
165 40.9
166 41.4
167 41.7
168 41.9
169 41.9
170 41.9
171 41.9
172 42.0
173 42.1
174 42.4
175 42.5
176 42.6
177 42.9
178 43.3
179 43.8
180 43.8
181 44.0
182 44.1
183 44.1
184 44.4
185 44.6
186 45.1
187 45.2
188 45.2
189 45.2
190 45.2
191 45.8
192 45.8
193 45.8
194 46.1
195 46.3
196 46.3
197 46.8
198 47.2
199 47.2
200 47.3
201 47.5
202 47.6
203 47.6
204 47.7
205 47.8
206 48.3
207 48.3
208 48.3
209 48.4
210 48.7
211 48.7
212 49.6
213 49.8
214 49.8
215 50.0
216 50.0
217 50.0
218 50.7
219 50.7
220 50.9
221 50.9
222 50.9
223 50.9
224 50.9
225 51.2
226 51.2
227 51.8
228 51.8
229 52.4
230 52.7
231 52.7
232 52.7
233 53.2
234 53.2
235 53.5
236 53.6
237 53.6
238 53.6
239 54.3
240 54.3
241 54.3
242 54.4
243 54.8
244 54.9
245 55.4
246 55.4
247 55.4
248 55.4
249 55.4
250 55.7
251 55.7
252 55.7
253 55.7
254 55.7
255 56.0
256 56.1
257 56.3
258 56.4
259 56.4
260 56.4
261 56.7
262 57.0
263 57.0
264 57.4
265 57.6
266 57.6
267 57.6
268 58.1
269 58.2
270 58.7
271 59.0
272 59.1
273 59.1
274 59.1
275 59.2
276 59.2
277 59.2
278 59.2
279 59.6
280 59.6
281 59.6
282 59.6
283 59.8
284 59.8
285 59.8
286 60.2
287 60.2
288 60.5
289 60.5
290 60.5
291 60.5
292 61.0
293 61.0
294 61.0
295 61.1
296 61.3
297 61.3
298 61.5
299 62.4
300 62.8
301 63.1
302 63.4
303 63.7
304 63.8
305 63.8
306 63.8
307 63.8
308 63.8
309 63.8
310 63.8
311 63.8
312 64.4
313 64.4
314 64.4
315 64.4
316 64.9
317 64.9
318 64.9
319 64.9
320 64.9
321 64.9
322 65.2
323 65.2
324 65.2
325 65.2
326 65.2
327 65.2
328 65.2
329 65.2
330 65.7
331 66.3
332 66.4
333 66.4
334 66.4
335 66.6
336 67.0
337 67.0
338 67.3
339 67.3
340 67.3
341 67.3
342 67.4
343 67.6
344 67.6
345 67.6
346 67.6
347 68.1
348 68.1
349 68.1
350 68.2
351 68.2
352 68.3
353 68.3
354 68.5
355 68.5
356 68.6
357 68.6
358 68.6
359 68.6
360 68.6
361 68.7
362 68.7
363 68.7
364 68.7
365 69.3
366 69.3
367 69.4
368 69.4
369 69.4
370 69.4
371 69.4
372 69.6
373 69.6
374 69.7
375 69.7
376 69.8
377 69.9
378 69.9
379 69.9
380 69.9
381 70.0
382 70.0
383 70.0
384 70.0
385 70.0
386 70.2
387 70.3
388 70.4
389 70.4
390 70.5
391 70.6
392 71.1
393 71.1
394 71.1
395 71.1
396 71.1
397 71.3
398 71.3
399 71.7
400 71.7
401 71.7
402 71.9
403 72.0
404 72.1
405 72.2
406 72.2
407 72.2
408 72.2
409 72.2
410 72.2
411 72.3
412 72.3
413 72.4
414 72.4
415 72.5
416 72.5
417 72.6
418 72.7
419 72.7
420 73.0
421 73.0
422 73.0
423 73.0
424 73.3
425 73.3
426 73.3
427 73.3
428 73.3
429 73.3
430 73.3
431 73.6
432 73.6
433 74.0
434 74.0
435 74.1
436 74.5
437 74.5
438 74.5
439 74.5
440 75.0
441 75.0
442 75.0
443 75.0
444 75.3
445 75.3
446 75.3
447 75.3
448 75.4
449 75.5
450 75.5
451 75.5
452 75.5
453 75.5
454 75.5
455 75.7
456 75.7
457 75.7
458 76.0
459 76.0
460 76.0
461 76.0
462 76.1
463 76.4
464 76.4
465 76.4
466 76.4
467 76.4
468 76.4
469 76.4
470 76.7
471 76.7
472 76.7
473 76.7
474 76.8
475 76.8
476 76.8
477 76.8
478 76.8
479 76.8
480 76.8
481 76.9
482 77.1
483 77.1
484 77.4
485 77.4
486 77.4
487 77.4
488 77.4
489 77.5
490 77.8
491 77.8
492 77.8
493 78.1
494 78.1
495 78.1
496 78.1
497 78.1
498 78.2
499 78.2
500 78.2
501 78.3
502 78.3
503 78.3
504 78.3
505 78.3
506 78.4
507 79.1
508 79.1
509 79.1
510 79.1
511 79.1
512 79.1
513 79.1
514 79.2
515 79.2
516 79.2
517 79.2
518 79.2
519 79.2
520 79.2
521 79.2
522 79.2
523 79.5
524 79.5
525 79.5
526 79.5
527 79.5
528 79.6
529 79.6
530 79.6
531 79.6
532 79.7
533 79.7
534 79.8
535 80.1
536 80.1
537 80.1
538 80.6
539 80.6
540 80.6
541 80.6
542 80.6
543 80.6
544 80.6
545 80.8
546 80.8
547 81.1
548 81.2
549 81.2
550 81.4
551 81.7
552 81.7
553 81.7
554 81.7
555 81.9
556 81.9
557 81.9
558 81.9
559 81.9
560 81.9
561 82.0
562 82.1
563 82.2
564 82.2
565 82.2
566 82.2
567 82.2
568 82.2
569 82.2
570 82.4
571 82.4
572 82.4
573 82.4
574 82.4
575 82.4
576 82.4
577 82.5
578 82.5
579 82.5
580 82.9
581 83.2
582 83.2
583 83.2
584 83.3
585 83.3
586 83.3
587 83.3
588 83.3
589 83.3
590 83.3
591 83.3
592 83.3
593 83.3
594 83.4
595 83.4
596 83.5
597 83.5
598 83.5
599 83.9
600 83.9
601 83.9
602 83.9
603 83.9
604 84.0
605 84.0
606 84.0
607 84.0
608 84.0
609 84.1
610 84.1
611 84.1
612 84.1
613 84.4
614 84.4
615 84.6
616 84.6
617 84.6
618 84.6
619 84.9
620 84.9
621 85.0
622 85.1
623 85.2
624 85.5
625 85.5
626 85.5
627 85.6
628 85.6
629 85.6
630 85.6
631 85.6
632 85.6
633 85.8
634 85.8
635 85.8
636 85.8
637 85.8
638 85.8
639 85.8
640 85.8
641 85.8
642 85.9
643 85.9
644 86.2
645 86.2
646 86.2
647 86.2
648 86.2
649 86.2
650 86.2
651 86.2
652 86.5
653 86.6
654 86.6
655 86.6
656 86.6
657 86.6
658 86.6
659 86.8
660 87.1
661 87.2
662 87.2
663 87.5
664 87.5
665 87.5
666 87.5
667 87.5
668 87.5
669 87.5
670 87.6
671 87.6
672 87.6
673 87.6
674 87.6
675 87.8
676 87.8
677 87.8
678 87.9
679 87.9
680 88.2
681 88.4
682 88.4
683 88.4
684 88.5
685 88.8
686 88.9
687 89.0
688 89.0
689 89.0
690 89.0
691 89.0
692 89.0
693 89.0
694 89.0
695 89.0
696 89.0
697 89.0
698 89.3
699 89.4
700 89.4
701 89.7
702 89.8
703 89.8
704 89.8
705 89.8
706 89.9
707 90.1
708 90.1
709 90.1
710 90.1
711 90.1
712 90.2
713 90.5
714 90.5
715 90.5
716 90.5
717 90.5
718 90.5
719 90.5
720 90.5
721 90.6
722 90.7
723 90.7
724 90.7
725 90.7
726 90.7
727 90.7
728 91.2
729 91.3
730 91.3
731 91.3
732 91.3
733 91.5
734 91.5
735 91.5
736 91.5
737 91.6
738 91.6
739 91.7
740 91.8
741 91.8
742 92.1
743 92.1
744 92.1
745 92.1
746 92.1
747 92.1
748 92.1
749 92.1
750 92.1
751 92.1
752 92.2
753 92.2
754 92.2
755 92.2
756 92.2
757 92.2
758 92.3
759 92.3
760 92.3
761 92.3
762 92.3
763 92.4
764 92.4
765 92.4
766 92.7
767 92.7
768 92.7
769 92.7
770 92.8
771 92.8
772 93.0
773 93.0
774 93.0
775 93.0
776 93.0
777 93.1
778 93.1
779 93.3
780 93.3
781 93.3
782 93.3
783 93.6
784 93.6
785 93.6
786 93.6
787 93.6
788 93.6
789 93.6
790 93.8
791 93.8
792 93.9
793 93.9
794 93.9
795 93.9
796 94.0
797 94.2
798 94.2
799 94.2
800 94.2
801 94.2
802 94.2
803 94.3
804 94.3
805 94.4
806 94.4
807 94.4
808 94.4
809 94.4
810 94.5
811 94.5
812 94.6
813 94.6
814 94.6
815 94.6
816 94.6
817 94.6
818 94.8
819 94.8
820 94.8
821 94.8
822 94.8
823 94.8
824 94.8
825 94.8
826 94.8
827 94.8
828 95.2
829 95.2
830 95.2
831 95.5
832 95.5
833 95.5
834 95.5
835 95.5
836 95.5
837 95.5
838 95.5
839 95.6
840 95.6
841 95.6
842 95.6
843 95.7
844 95.7
845 95.7
846 95.8
847 95.8
848 95.8
849 95.8
850 95.8
851 95.8
852 95.8
853 95.9
854 95.9
855 95.9
856 95.9
857 95.9
858 95.9
859 95.9
860 96.2
861 96.2
862 96.5
863 96.6
864 96.6
865 96.6
866 96.6
867 96.6
868 96.6
869 96.6
870 96.7
871 96.7
872 96.7
873 96.7
874 96.8
875 96.8
876 96.9
877 97.2
878 97.2
879 97.2
880 97.2
881 97.2
882 97.2
883 97.4
884 97.4
885 97.4
886 97.4
887 97.4
888 97.4
889 97.4
890 97.4
891 97.4
892 97.4
893 97.4
894 97.4
895 97.4
896 97.4
897 97.4
898 97.4
899 97.4
900 97.4
901 97.4
902 97.5
903 97.5
904 97.5
905 97.5
906 97.5
907 97.6
908 97.7
909 97.7
910 97.7
911 97.7
912 97.7
913 97.7
914 97.7
915 97.8
916 97.8
917 97.8
918 98.0
919 98.0
920 98.0
921 98.0
922 98.0
923 98.0
924 98.0
925 98.0
926 98.0
927 98.1
928 98.1
929 98.2
930 98.2
931 98.2
932 98.3
933 98.3
934 98.3
935 98.3
936 98.3
937 98.3
938 98.3
939 98.3
940 98.6
941 98.6
942 98.6
943 98.6
944 98.6
945 98.7
946 98.7
947 98.7
948 98.7
949 98.7
950 98.7
951 98.7
952 98.7
953 98.7
954 99.0
955 99.0
956 99.0
957 99.0
958 99.0
959 99.0
960 99.0
961 99.0
962 99.0
963 99.1
964 99.1
965 99.2
966 99.2
967 99.2
968 99.2
969 99.5
970 99.5
971 99.5
972 99.5
973 99.5
974 99.5
975 99.5
976 99.8
977 99.8
978 99.8
979 99.9
980 99.9
981 99.9
982 99.9
983 99.9
984 99.9
985 99.9
986 99.9
987 99.9
988 99.9
989 99.9
990 99.9
991 99.9
992 100.2
993 100.2
994 100.2
995 100.2
996 100.2
997 100.2
998 100.2
999 100.2
1000 100.2
1001 100.3
1002 100.4
1003 100.4
1004 100.4
1005 100.4
1006 100.4
1007 100.4
1008 100.4
1009 100.5
1010 100.5
1011 100.5
1012 100.5
1013 100.6
1014 100.6
1015 100.6
1016 100.6
1017 100.6
1018 100.6
1019 100.6
1020 100.6
1021 100.6
1022 100.6
1023 100.6
1024 100.6
1025 100.9
1026 101.0
1027 101.0
1028 101.0
1029 101.0
1030 101.0
1031 101.0
1032 101.0
1033 101.0
1034 101.0
1035 101.1
1036 101.1
1037 101.1
1038 101.1
1039 101.1
1040 101.1
1041 101.2
1042 101.2
1043 101.2
1044 101.2
1045 101.4
1046 101.4
1047 101.5
1048 101.5
1049 101.5
1050 101.5
1051 101.5
1052 101.5
1053 101.5
1054 101.5
1055 101.6
1056 101.6
1057 101.6
1058 101.6
1059 101.8
1060 101.8
1061 101.8
1062 101.8
1063 101.8
1064 101.8
1065 101.8
1066 101.8
1067 101.9
1068 101.9
1069 102.2
1070 102.2
1071 102.2
1072 102.2
1073 102.3
1074 102.3
1075 102.3
1076 102.4
1077 102.4
1078 102.4
1079 102.8
1080 102.8
1081 102.8
1082 102.8
1083 102.9
1084 102.9
1085 102.9
1086 102.9
1087 102.9
1088 103.0
1089 103.0
1090 103.0
1091 103.0
1092 103.0
1093 103.0
1094 103.0
1095 103.0
1096 103.0
1097 103.0
1098 103.0
1099 103.0
1100 103.0
1101 103.0
1102 103.0
1103 103.0
1104 103.1
1105 103.1
1106 103.1
1107 103.1
1108 103.1
1109 103.1
1110 103.1
1111 103.1
1112 103.1
1113 103.2
1114 103.2
1115 103.2
1116 103.2
1117 103.2
1118 103.3
1119 103.4
1120 103.4
1121 103.4
1122 103.4
1123 103.4
1124 103.5
1125 103.5
1126 103.8
1127 103.8
1128 103.8
1129 103.8
1130 103.8
1131 103.8
1132 103.8
1133 103.8
1134 103.8
1135 103.8
1136 103.8
1137 103.8
1138 103.8
1139 103.8
1140 103.8
1141 103.8
1142 103.9
1143 103.9
1144 103.9
1145 103.9
1146 104.1
1147 104.1
1148 104.1
1149 104.1
1150 104.1
1151 104.1
1152 104.1
1153 104.1
1154 104.1
1155 104.1
1156 104.1
1157 104.1
1158 104.1
1159 104.1
1160 104.1
1161 104.1
1162 104.1
1163 104.1
1164 104.2
1165 104.2
1166 104.2
1167 104.2
1168 104.2
1169 104.2
1170 104.2
1171 104.2
1172 104.2
1173 104.2
1174 104.2
1175 104.2
1176 104.4
1177 104.4
1178 104.4
1179 104.5
1180 104.5
1181 104.5
1182 104.5
1183 104.5
1184 104.5
1185 104.5
1186 104.5
1187 104.5
1188 104.5
1189 104.5
1190 104.6
1191 104.7
1192 104.7
1193 104.7
1194 104.7
1195 104.8
1196 104.8
1197 104.8
1198 104.8
1199 104.8
1200 104.8
1201 104.8
1202 104.8
1203 104.8
1204 104.8
1205 104.8
1206 104.8
1207 104.8
1208 104.9
1209 104.9
1210 104.9
1211 104.9
1212 104.9
1213 104.9
1214 104.9
1215 104.9
1216 104.9
1217 104.9
1218 104.9
1219 104.9
1220 104.9
1221 104.9
1222 105.0
1223 105.0
1224 105.0
1225 105.0
1226 105.1
1227 105.1
1228 105.1
1229 105.1
1230 105.1
1231 105.1
1232 105.1
1233 105.1
1234 105.1
1235 105.1
1236 105.1
1237 105.1
1238 105.1
1239 105.1
1240 105.1
1241 105.1
1242 105.1
1243 105.1
1244 105.1
1245 105.1
1246 105.1
1247 105.1
1248 105.1
1249 105.1
1250 105.1
1251 105.4
1252 105.4
1253 105.4
1254 105.4
1255 105.4
1256 105.4
1257 105.7
1258 105.7
1259 105.7
1260 105.7
1261 106.0
1262 106.0
1263 106.0
1264 106.0
1265 106.0
1266 106.0
1267 106.0
1268 106.0
1269 106.0
1270 106.0
1271 106.0
1272 106.0
1273 106.0
1274 106.3
1275 106.3
1276 106.3
1277 106.4
1278 106.4
1279 106.4
1280 106.4
1281 106.5
1282 106.5
1283 106.5
1284 106.5
1285 106.5
1286 106.5
1287 106.5
1288 106.5
1289 106.5
1290 106.5
1291 106.6
1292 106.6
1293 106.6
1294 106.6
1295 106.6
1296 106.6
1297 106.6
1298 106.6
1299 106.6
1300 106.6
1301 106.6
1302 106.6
1303 106.6
1304 106.6
1305 106.6
1306 106.6
1307 106.6
1308 106.6
1309 106.6
1310 106.6
1311 106.6
1312 106.6
1313 106.6
1314 106.6
1315 106.6
1316 106.6
1317 106.6
1318 106.6
1319 106.6
1320 106.7
1321 106.7
1322 106.7
1323 106.7
1324 106.7
1325 106.7
1326 106.7
1327 106.8
1328 106.8
1329 106.8
1330 106.8
1331 106.8
1332 106.8
1333 106.8
1334 106.8
1335 106.8
1336 106.8
1337 106.8
1338 106.8
1339 106.8
1340 106.8
1341 106.8
1342 107.1
1343 107.1
1344 107.1
1345 107.1
1346 107.2
1347 107.2
1348 107.3
1349 107.3
1350 107.4
1351 107.4
1352 107.4
1353 107.4
1354 107.4
1355 107.4
1356 107.4
1357 107.4
1358 107.4
1359 107.4
1360 107.4
1361 107.4
1362 107.5
1363 107.5
1364 107.5
1365 107.5
1366 107.5
1367 107.5
1368 107.5
1369 107.8
1370 107.8
1371 107.8
1372 107.8
1373 107.8
1374 107.8
1375 107.9
1376 107.9
1377 107.9
1378 107.9
1379 107.9
1380 107.9
1381 107.9
1382 108.0
1383 108.0
1384 108.0
1385 108.1
1386 108.1
1387 108.4
1388 108.4
1389 108.4
1390 108.4
1391 108.4
1392 108.4
1393 108.4
1394 108.4
1395 108.5
1396 108.5
1397 108.5
1398 108.5
1399 108.5
1400 108.5
1401 108.5
1402 108.5
1403 108.5
1404 108.5
1405 108.5
1406 108.5
1407 108.5
1408 108.5
1409 108.6
1410 108.6
1411 108.7
1412 108.7
1413 108.7
1414 108.7
1415 108.7
1416 108.7
1417 108.7
1418 108.7
1419 108.7
1420 108.7
1421 108.7
1422 108.7
1423 108.7
1424 108.8
1425 108.8
1426 108.8
1427 108.8
1428 108.8
1429 108.8
1430 108.8
1431 108.8
1432 109.2
1433 109.3
1434 109.3
1435 109.3
1436 109.3
1437 109.3
1438 109.3
1439 109.3
1440 109.3
1441 109.3
1442 109.3
1443 109.3
1444 109.3
1445 109.3
1446 109.7
1447 109.7
1448 109.7
1449 109.7
1450 109.7
1451 109.7
1452 109.7
1453 109.7
1454 109.7
1455 109.7
1456 109.7
1457 109.7
1458 109.7
1459 109.7
1460 109.7
1461 109.7
1462 109.7
1463 109.7
1464 109.7
1465 109.7
1466 109.7
1467 109.7
1468 109.7
1469 109.7
1470 109.7
1471 109.7
1472 109.7
1473 109.7
1474 109.7
1475 109.7
1476 109.8
1477 109.8
1478 109.8
1479 109.8
1480 109.8
1481 109.8
1482 109.8
1483 109.8
1484 110.1
1485 110.1
1486 110.1
1487 110.1
1488 110.1
1489 110.1
1490 110.1
1491 110.2
1492 110.2
1493 110.2
1494 110.2
1495 110.2
1496 110.2
1497 110.2
1498 110.2
1499 110.2
1500 110.2
1501 110.2
1502 110.2
1503 110.2
1504 110.2
1505 110.2
1506 110.3
1507 110.3
1508 110.3
1509 110.3
1510 110.3
1511 110.3
1512 110.3
1513 110.3
1514 110.3
1515 110.3
1516 110.3
1517 110.3
1518 110.3
1519 110.3
1520 110.3
1521 110.3
1522 110.3
1523 110.3
1524 110.3
1525 110.3
1526 110.3
1527 110.3
1528 110.3
1529 110.4
1530 110.4
1531 110.4
1532 110.4
1533 110.4
1534 110.4
1535 110.4
1536 110.4
1537 110.4
1538 110.4
1539 110.4
1540 110.4
1541 110.4
1542 110.4
1543 110.5
1544 110.5
1545 110.6
1546 110.6
1547 110.6
1548 110.6
1549 110.6
1550 110.6
1551 110.6
1552 110.6
1553 110.6
1554 110.6
1555 110.6
1556 110.6
1557 110.6
1558 110.6
1559 110.6
1560 110.6
1561 110.6
1562 110.6
1563 110.6
1564 110.7
1565 110.7
1566 110.7
1567 110.7
1568 110.7
1569 110.7
1570 110.7
1571 110.7
1572 110.7
1573 110.7
1574 110.7
1575 110.7
1576 110.7
1577 110.7
1578 110.7
1579 110.7
1580 110.7
1581 110.7
1582 110.7
1583 110.7
1584 110.7
1585 110.7
1586 110.7
1587 110.7
1588 110.7
1589 110.8
1590 110.8
1591 110.8
1592 110.8
1593 110.8
1594 110.8
1595 110.8
1596 110.8
1597 110.8
1598 110.8
1599 110.8
1600 110.8
1601 110.8
1602 110.8
1603 110.8
1604 110.8
1605 110.8
1606 110.8
1607 110.8
1608 110.8
1609 110.8
1610 110.8
1611 110.8
1612 110.8
1613 110.8
1614 110.8
1615 110.8
1616 110.8
1617 110.8
1618 110.8
1619 110.8
1620 110.8
1621 110.8
1622 110.8
1623 110.9
1624 110.9
1625 110.9
1626 110.9
1627 110.9
1628 110.9
1629 110.9
1630 110.9
1631 110.9
1632 110.9
1633 110.9
1634 110.9
1635 110.9
1636 110.9
1637 110.9
1638 110.9
1639 110.9
1640 111.2
1641 111.2
1642 111.2
1643 111.3
1644 111.4
1645 111.4
1646 111.4
1647 111.4
1648 111.4
1649 111.4
1650 111.4
1651 111.4
1652 111.4
1653 111.4
1654 111.4
1655 111.4
1656 111.4
1657 111.4
1658 111.4
1659 111.4
1660 111.4
1661 111.4
1662 111.4
1663 111.4
1664 111.4
1665 111.5
1666 111.5
1667 111.5
1668 111.5
1669 111.5
1670 111.5
1671 111.6
1672 111.6
1673 111.6
1674 111.6
1675 111.6
1676 111.6
1677 111.6
1678 111.6
1679 111.6
1680 111.6
1681 111.7
1682 111.7
1683 111.7
1684 111.7
1685 111.8
1686 111.8
1687 111.8
1688 111.8
1689 111.8
1690 111.8
1691 111.8
1692 111.8
1693 111.8
1694 111.8
1695 111.8
1696 112.1
1697 112.1
1698 112.1
1699 112.1
1700 112.2
1701 112.2
1702 112.2
1703 112.2
1704 112.2
1705 112.3
1706 112.3
1707 112.3
1708 112.3
1709 112.3
1710 112.3
1711 112.3
1712 112.3
1713 112.4
1714 112.4
1715 112.4
1716 112.4
1717 112.4
1718 112.4
1719 112.4
1720 112.4
1721 112.4
1722 112.4
1723 112.4
1724 112.4
1725 112.4
1726 112.4
1727 112.4
1728 112.4
1729 112.5
1730 112.5
1731 112.5
1732 112.5
1733 112.5
1734 112.5
1735 112.5
1736 112.5
1737 112.5
1738 112.5
1739 112.5
1740 112.5
1741 112.5
1742 112.5
1743 112.5
1744 112.6
1745 112.6
1746 112.9
1747 112.9
1748 112.9
1749 112.9
1750 112.9
1751 112.9
1752 112.9
1753 112.9
1754 112.9
1755 112.9
1756 112.9
1757 112.9
1758 112.9
1759 112.9
1760 112.9
1761 112.9
1762 112.9
1763 112.9
1764 112.9
1765 112.9
1766 113.0
1767 113.0
1768 113.0
1769 113.0
1770 113.0
1771 113.0
1772 113.0
1773 113.0
1774 113.0
1775 113.0
1776 113.0
1777 113.0
1778 113.0
1779 113.0
1780 113.0
1781 113.0
1782 113.0
1783 113.0
1784 113.0
1785 113.0
1786 113.0
1787 113.0
1788 113.0
1789 113.0
1790 113.0
1791 113.1
1792 113.1
1793 113.1
1794 113.1
1795 113.1
1796 113.1
1797 113.1
1798 113.1
1799 113.1
1800 113.1
1801 113.1
1802 113.2
1803 113.2
1804 113.2
1805 113.2
1806 113.2
1807 113.2
1808 113.2
1809 113.3
1810 113.3
1811 113.3
1812 113.4
1813 113.4
1814 113.4
1815 113.4
1816 113.4
1817 113.4
1818 113.4
1819 113.4
1820 113.4
1821 113.4
1822 113.4
1823 113.4
1824 113.4
1825 113.4
1826 113.4
1827 113.4
1828 113.4
1829 113.4
1830 113.4
1831 113.4
1832 113.4
1833 113.4
1834 113.4
1835 113.4
1836 113.4
1837 113.4
1838 113.4
1839 113.4
1840 113.4
1841 113.4
1842 113.4
1843 113.4
1844 113.4
1845 113.4
1846 113.4
1847 113.4
1848 113.4
1849 113.4
1850 113.4
1851 113.4
1852 113.4
1853 113.4
1854 113.4
1855 113.4
1856 113.4
1857 113.4
1858 113.4
1859 113.4
1860 113.4
1861 113.4
1862 113.4
1863 113.4
1864 113.4
1865 113.4
1866 113.4
1867 113.4
1868 113.4
1869 113.4
1870 113.4
1871 113.4
1872 113.4
1873 113.6
1874 113.6
1875 113.6
1876 113.6
1877 113.6
1878 113.7
1879 113.7
1880 113.7
1881 113.7
1882 113.7
1883 113.7
1884 113.7
1885 113.7
1886 113.7
1887 113.7
1888 113.7
1889 113.7
1890 113.7
1891 113.7
1892 113.7
1893 113.8
1894 113.8
1895 113.8
1896 113.8
1897 113.8
1898 113.8
1899 113.8
1900 113.8
1901 113.8
1902 113.9
1903 113.9
1904 113.9
1905 113.9
1906 113.9
1907 113.9
1908 113.9
1909 113.9
1910 113.9
1911 113.9
1912 113.9
1913 113.9
1914 113.9
1915 113.9
1916 113.9
1917 113.9
1918 113.9
1919 113.9
1920 113.9
1921 113.9
1922 113.9
1923 113.9
1924 113.9
1925 114.0
1926 114.0
1927 114.0
1928 114.0
1929 114.0
1930 114.0
1931 114.1
1932 114.1
1933 114.1
1934 114.2
1935 114.2
1936 114.2
1937 114.2
1938 114.2
1939 114.2
1940 114.2
1941 114.2
1942 114.2
1943 114.2
1944 114.2
1945 114.2
1946 114.2
1947 114.2
1948 114.2
1949 114.2
1950 114.2
1951 114.2
1952 114.2
1953 114.2
1954 114.2
1955 114.2
1956 114.2
1957 114.2
1958 114.2
1959 114.2
1960 114.2
1961 114.2
1962 114.2
1963 114.2
1964 114.2
1965 114.2
1966 114.2
1967 114.2
1968 114.2
1969 114.2
1970 114.2
1971 114.2
1972 114.2
1973 114.3
1974 114.4
1975 114.4
1976 114.4
1977 114.4
1978 114.4
1979 114.4
1980 114.5
1981 114.5
1982 114.5
1983 114.5
1984 114.5
1985 114.5
1986 114.5
1987 114.5
1988 114.5
1989 114.5
1990 114.6
1991 114.6
1992 114.6
1993 114.6
1994 114.6
1995 114.6
1996 114.6
1997 114.6
1998 114.6
1999 114.6
