#iterations fitness
0 0
1 1
2 0
3 1
4 1
5 1
6 1
7 1
8 1
9 1
10 1
11 1
12 4
13 4
14 4
15 4
16 4
17 4
18 4
19 4
20 4
21 7
22 7
23 7
24 7
25 7
26 7
27 7
28 7
29 7
30 7
31 7
32 7
33 7
34 9
35 9
36 9
37 9
38 9
39 9
40 9
41 9
42 9
43 9
44 9
45 9
46 9
47 9
48 9
49 9
50 9
51 9
52 9
53 9
54 9
55 9
56 9
57 9
58 9
59 9
60 9
61 9
62 10
63 10
64 10
65 10
66 10
67 10
68 10
69 10
70 10
71 10
72 10
73 10
74 10
75 10
76 10
77 10
78 10
79 10
80 10
81 10
82 10
83 10
84 10
85 10
86 10
87 10
88 11
89 11
90 11
91 11
92 11
93 11
94 11
95 11
96 12
97 12
98 12
99 14
100 14
101 14
102 14
103 14
104 14
105 14
106 14
107 14
108 14
109 14
110 14
111 14
112 14
113 14
114 14
115 15
116 15
117 16
118 16
119 16
120 16
121 16
122 16
123 16
124 16
125 16
126 16
127 16
128 16
129 16
130 16
131 16
132 17
133 17
134 17
135 17
136 17
137 17
138 17
139 17
140 17
141 17
142 17
143 17
144 18
145 18
146 18
147 18
148 18
149 18
150 18
151 19
152 19
153 19
154 19
155 19
156 19
157 19
158 19
159 19
160 19
161 19
162 19
163 19
164 19
165 19
166 19
167 20
168 20
169 20
170 20
171 20
172 20
173 20
174 20
175 20
176 20
177 20
178 20
179 20
180 20
181 20
182 20
183 20
184 20
185 20
186 20
187 20
188 20
189 20
190 20
191 21
192 21
193 21
194 21
195 21
196 21
197 21
198 22
199 22
200 22
201 22
202 22
203 22
204 22
205 22
206 22
207 22
208 22
209 22
210 22
211 22
212 22
213 22
214 22
215 22
216 22
217 22
218 22
219 22
220 22
221 22
222 22
223 22
224 22
225 22
226 22
227 22
228 22
229 22
230 22
231 22
232 22
233 22
234 22
235 22
236 22
237 22
238 22
239 22
240 22
241 22
242 22
243 23
244 23
245 23
246 23
247 23
248 23
249 23
250 23
251 23
252 23
253 23
254 23
255 23
256 23
257 23
258 23
259 23
260 23
261 23
262 23
263 23
264 23
265 23
266 23
267 23
268 25
269 25
270 25
271 25
272 25
273 25
274 25
275 28
276 28
277 28
278 28
279 28
280 28
281 28
282 28
283 28
284 28
285 28
286 28
287 28
288 28
289 28
290 28
291 28
292 28
293 29
294 29
295 29
296 29
297 29
298 29
299 29
300 29
301 31
302 31
303 31
304 31
305 31
306 31
307 32
308 32
309 32
310 32
311 32
312 32
313 32
314 32
315 32
316 32
317 31
318 31
319 31
320 31
321 31
322 31
323 31
324 31
325 31
326 31
327 31
328 31
329 31
330 31
331 31
332 31
333 31
334 31
335 31
336 32
337 32
338 33
339 33
340 33
341 33
342 33
343 34
344 34
345 34
346 34
347 34
348 34
349 34
350 34
351 34
352 34
353 34
354 34
355 34
356 34
357 35
358 35
359 35
360 35
361 35
362 35
363 35
364 35
365 35
366 35
367 35
368 35
369 35
370 35
371 35
372 35
373 35
374 35
375 35
376 35
377 35
378 35
379 35
380 35
381 35
382 35
383 35
384 35
385 35
386 35
387 35
388 35
389 35
390 35
391 35
392 35
393 35
394 35
395 35
396 36
397 36
398 36
399 36
400 36
401 36
402 36
403 36
404 36
405 36
406 36
407 36
408 36
409 36
410 36
411 36
412 36
413 36
414 36
415 36
416 36
417 36
418 36
419 36
420 39
421 39
422 39
423 39
424 39
425 39
426 39
427 39
428 39
429 39
430 39
431 39
432 39
433 39
434 39
435 39
436 39
437 39
438 39
439 39
440 39
441 39
442 41
443 41
444 41
445 41
446 41
447 41
448 41
449 41
450 41
451 41
452 41
453 41
454 41
455 41
456 41
457 41
458 41
459 41
460 41
461 41
462 42
463 42
464 42
465 42
466 42
467 42
468 42
469 42
470 42
471 42
472 42
473 42
474 42
475 42
476 42
477 42
478 42
479 42
480 42
481 42
482 42
483 42
484 42
485 42
486 42
487 42
488 42
489 42
490 42
491 42
492 43
493 43
494 43
495 43
496 43
497 43
498 43
499 43
500 43
501 43
502 43
503 43
504 43
505 46
506 46
507 46
508 46
509 46
510 46
511 46
512 46
513 46
514 47
515 47
516 47
517 47
518 47
519 47
520 47
521 47
522 47
523 47
524 47
525 47
526 47
527 47
528 47
529 47
530 47
531 47
532 47
533 47
534 47
535 48
536 48
537 48
538 48
539 48
540 48
541 48
542 48
543 48
544 48
545 48
546 48
547 48
548 48
549 48
550 48
551 48
552 48
553 48
554 49
555 49
556 49
557 49
558 49
559 49
560 49
561 49
562 49
563 49
564 49
565 49
566 49
567 49
568 49
569 49
570 49
571 49
572 49
573 49
574 49
575 49
576 49
577 49
578 49
579 49
580 49
581 49
582 50
583 50
584 50
585 50
586 50
587 50
588 50
589 50
590 50
591 50
592 50
593 50
594 51
595 52
596 52
597 52
598 52
599 52
600 52
601 52
602 52
603 55
604 55
605 55
606 55
607 55
608 55
609 55
610 55
611 55
612 55
613 55
614 55
615 55
616 55
617 55
618 55
619 55
620 55
621 55
622 55
623 55
624 57
625 57
626 57
627 57
628 57
629 57
630 57
631 57
632 57
633 57
634 57
635 57
636 57
637 57
638 57
639 57
640 57
641 57
642 57
643 57
644 57
645 57
646 57
647 57
648 57
649 57
650 57
651 57
652 57
653 57
654 57
655 57
656 57
657 57
658 57
659 57
660 57
661 57
662 57
663 57
664 57
665 57
666 57
667 57
668 57
669 57
670 57
671 57
672 57
673 57
674 57
675 57
676 57
677 57
678 57
679 57
680 57
681 58
682 58
683 58
684 58
685 58
686 58
687 58
688 58
689 58
690 58
691 58
692 58
693 58
694 58
695 58
696 58
697 58
698 58
699 58
700 58
701 58
702 58
703 58
704 58
705 58
706 58
707 58
708 58
709 58
710 58
711 58
712 58
713 58
714 60
715 60
716 60
717 60
718 60
719 60
720 60
721 60
722 60
723 62
724 62
725 62
726 63
727 63
728 63
729 63
730 63
731 63
732 63
733 63
734 63
735 63
736 63
737 63
738 63
739 63
740 63
741 63
742 63
743 63
744 63
745 65
746 65
747 65
748 65
749 65
750 65
751 65
752 65
753 65
754 65
755 65
756 65
757 65
758 65
759 65
760 65
761 65
762 65
763 65
764 66
765 66
766 66
767 66
768 66
769 66
770 66
771 66
772 66
773 66
774 66
775 66
776 67
777 67
778 67
779 67
780 67
781 67
782 67
783 67
784 67
785 67
786 67
787 67
788 67
789 68
790 68
791 68
792 68
793 68
794 69
795 69
796 69
797 69
798 69
799 71
800 71
801 71
802 71
803 71
804 71
805 71
806 71
807 71
808 71
809 71
810 71
811 71
812 71
813 71
814 71
815 71
816 71
817 71
818 71
819 71
820 73
821 73
822 73
823 73
824 73
825 73
826 73
827 73
828 73
829 73
830 73
831 73
832 73
833 73
834 73
835 73
836 75
837 75
838 75
839 75
840 75
841 75
842 75
843 75
844 75
845 75
846 75
847 75
848 75
849 75
850 75
851 75
852 75
853 76
854 76
855 76
856 76
857 76
858 76
859 76
860 76
861 76
862 76
863 76
864 77
865 77
866 77
867 77
868 77
869 77
870 77
871 77
872 77
873 77
874 78
875 79
876 79
877 79
878 79
879 79
880 79
881 79
882 79
883 79
884 79
885 79
886 79
887 80
888 80
889 80
890 80
891 80
892 82
893 82
894 82
895 82
896 82
897 82
898 82
899 82
900 82
901 82
902 82
903 82
904 82
905 82
906 82
907 82
908 82
909 82
910 82
911 82
912 83
913 83
914 83
915 83
916 83
917 83
918 83
919 83
920 83
921 83
922 83
923 84
924 84
925 84
926 84
927 84
928 84
929 84
930 84
931 84
932 84
933 84
934 84
935 84
936 84
937 84
938 84
939 84
940 84
941 84
942 84
943 84
944 84
945 84
946 84
947 84
948 84
949 84
950 84
951 84
952 84
953 84
954 84
955 84
956 84
957 84
958 84
959 84
960 84
961 84
962 84
963 84
964 84
965 84
966 84
967 84
968 84
969 84
970 84
971 84
972 85
973 85
974 85
975 85
976 85
977 85
978 85
979 85
980 85
981 85
982 85
983 85
984 85
985 85
986 85
987 85
988 85
989 85
990 85
991 86
992 86
993 86
994 86
995 86
996 86
997 86
998 86
999 86
1000 86
1001 86
1002 86
1003 86
1004 86
1005 86
1006 86
1007 87
1008 87
1009 87
1010 87
1011 87
1012 87
1013 87
1014 87
1015 87
1016 87
1017 87
1018 87
1019 87
1020 87
1021 87
1022 87
1023 87
1024 87
1025 87
1026 87
1027 87
1028 87
1029 87
1030 87
1031 87
1032 87
1033 87
1034 87
1035 87
1036 87
1037 87
1038 87
1039 87
1040 87
1041 87
1042 87
1043 87
1044 87
1045 88
1046 88
1047 88
1048 88
1049 88
1050 88
1051 88
1052 88
1053 88
1054 88
1055 88
1056 88
1057 88
1058 91
1059 91
1060 91
1061 91
1062 91
1063 91
1064 91
1065 91
1066 91
1067 91
1068 91
1069 91
1070 91
1071 93
1072 93
1073 93
1074 93
1075 93
1076 93
1077 93
1078 93
1079 93
1080 93
1081 93
1082 93
1083 93
1084 93
1085 93
1086 93
1087 93
1088 94
1089 94
1090 94
1091 94
1092 94
1093 94
1094 94
1095 94
1096 94
1097 94
1098 94
1099 94
1100 94
1101 94
1102 94
1103 94
1104 94
1105 94
1106 94
1107 94
1108 94
1109 94
1110 95
1111 95
1112 95
1113 95
1114 95
1115 95
1116 95
1117 95
1118 95
1119 95
1120 95
1121 96
1122 96
1123 96
1124 96
1125 96
1126 96
1127 96
1128 96
1129 96
1130 96
1131 96
1132 96
1133 96
1134 96
1135 96
1136 96
1137 96
1138 96
1139 96
1140 96
1141 96
1142 96
1143 96
1144 96
1145 96
1146 96
1147 96
1148 96
1149 96
1150 96
1151 96
1152 96
1153 96
1154 96
1155 97
1156 97
1157 97
1158 97
1159 97
1160 98
1161 98
1162 98
1163 98
1164 98
1165 98
1166 98
1167 98
1168 98
1169 98
1170 98
1171 98
1172 98
1173 98
1174 98
1175 98
1176 98
1177 99
1178 99
1179 99
1180 99
1181 99
1182 99
1183 99
1184 99
1185 99
1186 99
1187 99
1188 99
1189 99
1190 99
1191 99
1192 99
1193 99
1194 99
1195 99
1196 99
1197 99
1198 99
1199 99
1200 99
1201 99
1202 99
1203 99
1204 99
1205 99
1206 99
1207 99
1208 99
1209 99
1210 99
1211 99
1212 99
1213 99
1214 99
1215 99
1216 99
1217 99
1218 99
1219 99
1220 99
1221 99
1222 99
1223 99
1224 99
1225 99
1226 99
1227 99
1228 99
1229 99
1230 99
1231 99
1232 99
1233 99
1234 99
1235 99
1236 99
1237 99
1238 99
1239 99
1240 99
1241 99
1242 99
1243 99
1244 99
1245 99
1246 99
1247 99
1248 99
1249 99
1250 100
1251 100
1252 100
1253 100
1254 100
1255 100
1256 100
1257 100
1258 100
1259 100
1260 102
1261 102
1262 102
1263 102
1264 102
1265 102
1266 102
1267 102
1268 102
1269 102
1270 102
1271 102
1272 102
1273 102
1274 102
1275 102
1276 103
1277 103
1278 103
1279 103
1280 103
1281 103
1282 103
1283 103
1284 103
1285 103
1286 103
1287 103
1288 103
1289 104
1290 104
1291 104
1292 104
1293 104
1294 104
1295 104
1296 104
1297 104
1298 104
1299 104
1300 104
1301 104
1302 104
1303 104
1304 104
1305 104
1306 104
1307 104
1308 104
1309 104
1310 104
1311 104
1312 104
1313 104
1314 104
1315 104
1316 105
1317 105
1318 105
1319 105
1320 105
1321 105
1322 105
1323 105
1324 105
1325 106
1326 106
1327 106
1328 106
1329 106
1330 106
1331 106
1332 106
1333 106
1334 106
1335 106
1336 106
1337 106
1338 106
1339 107
1340 107
1341 107
1342 107
1343 107
1344 107
1345 107
1346 107
1347 107
1348 107
1349 107
1350 107
1351 107
1352 107
1353 107
1354 107
1355 107
1356 107
1357 107
1358 107
1359 107
1360 107
1361 107
1362 107
1363 107
1364 107
1365 107
1366 107
1367 107
1368 107
1369 107
1370 107
1371 107
1372 107
1373 107
1374 107
1375 107
1376 107
1377 107
1378 107
1379 107
1380 107
1381 107
1382 107
1383 107
1384 107
1385 107
1386 107
1387 108
1388 108
1389 108
1390 108
1391 108
1392 108
1393 108
1394 108
1395 108
1396 108
1397 108
1398 108
1399 108
1400 108
1401 108
1402 108
1403 108
1404 108
1405 108
1406 108
1407 108
1408 108
1409 108
1410 108
1411 108
1412 108
1413 108
1414 108
1415 108
1416 108
1417 108
1418 108
1419 108
1420 108
1421 108
1422 108
1423 108
1424 108
1425 108
1426 108
1427 108
1428 108
1429 108
1430 108
1431 108
1432 108
1433 108
1434 108
1435 108
1436 108
1437 108
1438 108
1439 108
1440 108
1441 108
1442 108
1443 108
1444 108
1445 108
1446 108
1447 108
1448 108
1449 108
1450 108
1451 108
1452 108
1453 108
1454 108
1455 108
1456 110
1457 110
1458 110
1459 110
1460 110
1461 110
1462 110
1463 110
1464 110
1465 110
1466 110
1467 110
1468 110
1469 110
1470 110
1471 110
1472 110
1473 110
1474 110
1475 110
1476 110
1477 110
1478 110
1479 110
1480 110
1481 110
1482 110
1483 110
1484 110
1485 111
1486 111
1487 111
1488 111
1489 111
1490 111
1491 111
1492 111
1493 111
1494 111
1495 111
1496 111
1497 111
1498 111
1499 111
1500 111
1501 111
1502 111
1503 111
1504 111
1505 111
1506 111
1507 111
1508 111
1509 111
1510 111
1511 111
1512 111
1513 111
1514 111
1515 111
1516 111
1517 111
1518 111
1519 111
1520 111
1521 111
1522 111
1523 111
1524 111
1525 111
1526 111
1527 111
1528 111
1529 111
1530 111
1531 111
1532 111
1533 111
1534 111
1535 111
1536 111
1537 111
1538 111
1539 111
1540 111
1541 111
1542 111
1543 111
1544 111
1545 111
1546 111
1547 111
1548 111
1549 111
1550 111
1551 111
1552 111
1553 111
1554 111
1555 111
1556 111
1557 111
1558 111
1559 111
1560 112
1561 112
1562 112
1563 112
1564 112
1565 112
1566 112
1567 112
1568 112
1569 112
1570 112
1571 112
1572 112
1573 112
1574 112
1575 112
1576 112
1577 112
1578 112
1579 112
1580 112
1581 112
1582 112
1583 112
1584 112
1585 112
1586 112
1587 112
1588 112
1589 112
1590 112
1591 112
1592 112
1593 112
1594 112
1595 112
1596 112
1597 112
1598 112
1599 112
1600 112
1601 112
1602 112
1603 112
1604 112
1605 112
1606 112
1607 112
1608 113
1609 113
1610 113
1611 113
1612 113
1613 113
1614 113
1615 113
1616 113
1617 113
1618 113
1619 113
1620 113
1621 113
1622 113
1623 113
1624 113
1625 113
1626 113
1627 113
1628 113
1629 114
1630 114
1631 114
1632 114
1633 114
1634 114
1635 114
1636 114
1637 114
1638 114
1639 114
1640 114
1641 114
1642 114
1643 114
1644 114
1645 114
1646 114
1647 114
1648 114
1649 114
1650 114
1651 114
1652 114
1653 114
1654 114
1655 114
1656 114
1657 114
1658 114
1659 114
1660 114
1661 114
1662 114
1663 114
1664 114
1665 114
1666 114
1667 114
1668 114
1669 114
1670 114
1671 114
1672 114
1673 115
1674 115
1675 115
1676 115
1677 115
1678 115
1679 115
1680 115
1681 115
1682 115
1683 115
1684 115
1685 115
1686 115
1687 115
1688 115
1689 115
1690 115
1691 115
1692 115
1693 115
1694 115
1695 115
1696 115
1697 115
1698 115
1699 115
1700 115
1701 115
1702 115
1703 115
1704 115
1705 115
1706 115
1707 115
1708 115
1709 115
1710 115
1711 115
1712 116
1713 116
1714 116
1715 116
1716 116
1717 116
1718 116
1719 116
1720 116
1721 116
1722 116
1723 117
1724 117
1725 117
1726 117
1727 117
1728 117
1729 117
1730 117
1731 117
1732 117
1733 117
1734 117
1735 117
1736 117
1737 117
1738 117
1739 118
1740 118
1741 118
1742 118
1743 118
1744 118
1745 118
1746 118
1747 118
1748 118
1749 118
1750 119
1751 119
1752 119
1753 119
1754 119
1755 119
1756 119
1757 119
1758 119
1759 119
1760 119
1761 119
1762 119
1763 119
1764 119
1765 119
1766 119
1767 119
1768 119
1769 119
1770 119
1771 119
1772 119
1773 119
1774 119
1775 119
1776 119
1777 119
1778 119
1779 120
1780 120
1781 120
1782 120
1783 120
1784 120
1785 120
1786 121
1787 121
1788 121
1789 121
1790 121
1791 121
1792 121
1793 121
1794 121
1795 121
1796 121
1797 121
1798 121
1799 121
1800 121
1801 121
1802 121
1803 121
1804 121
1805 121
1806 121
1807 121
1808 121
1809 121
1810 121
1811 121
1812 121
1813 122
1814 122
1815 122
1816 122
1817 122
1818 122
1819 122
1820 122
1821 122
1822 122
1823 122
1824 122
1825 122
1826 122
1827 122
1828 122
1829 122
1830 122
1831 122
1832 122
1833 122
1834 122
1835 122
1836 122
1837 122
1838 122
1839 122
1840 122
1841 122
1842 122
1843 122
1844 122
1845 122
1846 122
1847 122
1848 122
1849 122
1850 122
1851 122
1852 122
1853 122
1854 122
1855 122
1856 122
1857 122
1858 122
1859 122
1860 122
1861 122
1862 122
1863 122
1864 123
1865 123
1866 123
1867 123
1868 123
1869 123
1870 123
1871 123
1872 123
1873 123
1874 123
1875 123
1876 123
1877 123
1878 123
1879 123
1880 123
1881 123
1882 124
1883 124
1884 124
1885 124
1886 124
1887 124
1888 124
1889 124
1890 124
1891 124
1892 124
1893 124
1894 124
1895 124
1896 124
1897 124
1898 124
1899 124
1900 124
1901 124
1902 124
1903 124
1904 124
1905 124
1906 124
1907 124
1908 124
1909 124
1910 124
1911 124
1912 124
1913 124
1914 124
1915 124
1916 124
1917 125
1918 125
1919 125
1920 125
1921 125
1922 125
1923 125
1924 125
1925 125
1926 125
1927 125
1928 126
1929 126
1930 126
1931 126
1932 126
1933 126
1934 126
1935 126
1936 126
1937 126
1938 126
1939 126
1940 126
1941 126
1942 126
1943 126
1944 126
1945 127
1946 127
1947 127
1948 127
1949 127
1950 127
1951 127
1952 127
1953 127
1954 127
1955 129
1956 129
1957 129
1958 129
1959 129
1960 129
1961 129
1962 129
1963 129
1964 129
1965 129
1966 129
1967 129
1968 129
1969 129
1970 129
1971 129
1972 129
1973 129
1974 129
1975 129
1976 129
1977 129
1978 129
1979 129
1980 129
1981 129
1982 129
1983 129
1984 129
1985 129
1986 129
1987 129
1988 129
1989 129
1990 129
1991 131
1992 131
1993 131
1994 131
1995 131
1996 131
1997 131
1998 131
1999 131
