#iterations fitness
0 0.0
1 0.45
2 0.75
3 0.85
4 1.15
5 1.2
6 1.35
7 1.35
8 1.5
9 1.75
10 2.1
11 2.1
12 2.1
13 2.2
14 2.35
15 2.5
16 2.6
17 2.6
18 2.7
19 2.85
20 2.85
21 2.9
22 2.95
23 3.1
24 3.25
25 3.6
26 3.65
27 3.95
28 4.05
29 4.2
30 4.3
31 4.3
32 4.3
33 4.5
34 4.6
35 4.85
36 4.85
37 4.9
38 4.95
39 4.95
40 5.0
41 5.1
42 5.1
43 5.3
44 5.5
45 5.65
46 5.65
47 5.7
48 5.8
49 5.9
50 6.0
51 6.25
52 6.4
53 6.4
54 6.45
55 6.5
56 6.6
57 6.65
58 6.8
59 6.8
60 7.0
61 7.0
62 7.15
63 7.35
64 7.5
65 7.65
66 7.65
67 7.7
68 7.8
69 7.85
70 7.9
71 8.0
72 8.0
73 8.0
74 8.05
75 8.2
76 8.2
77 8.2
78 8.5
79 8.55
80 8.65
81 8.75
82 8.8
83 8.9
84 9.05
85 9.05
86 9.05
87 9.1
88 9.3
89 9.45
90 9.45
91 9.6
92 9.6
93 9.6
94 9.6
95 9.8
96 10.0
97 10.1
98 10.2
99 10.35
100 10.6
101 10.85
102 10.9
103 11.0
104 11.1
105 11.15
106 11.25
107 11.25
108 11.45
109 11.45
110 11.45
111 11.65
112 11.75
113 11.8
114 11.8
115 11.85
116 12.0
117 12.15
118 12.25
119 12.45
120 12.55
121 12.6
122 12.65
123 12.85
124 12.9
125 12.95
126 13.0
127 13.05
128 13.15
129 13.15
130 13.2
131 13.25
132 13.4
133 13.55
134 13.8
135 13.95
136 13.95
137 14.0
138 14.05
139 14.05
140 14.05
141 14.05
142 14.1
143 14.1
144 14.2
145 14.25
146 14.4
147 14.8
148 14.8
149 14.9
150 15.0
151 15.1
152 15.15
153 15.2
154 15.3
155 15.4
156 15.5
157 15.75
158 15.8
159 15.85
160 15.85
161 16.0
162 16.1
163 16.15
164 16.25
165 16.5
166 16.55
167 16.55
168 16.6
169 16.7
170 16.8
171 16.85
172 17.0
173 17.0
174 17.0
175 17.2
176 17.2
177 17.45
178 17.45
179 17.7
180 17.85
181 17.85
182 17.95
183 18.05
184 18.05
185 18.05
186 18.1
187 18.15
188 18.3
189 18.3
190 18.55
191 18.7
192 18.8
193 18.9
194 18.95
195 19.0
196 19.05
197 19.15
198 19.2
199 19.25
200 19.4
201 19.5
202 19.55
203 19.6
204 19.75
205 20.1
206 20.35
207 20.35
208 20.45
209 20.45
210 20.5
211 20.75
212 20.8
213 20.8
214 20.8
215 21.1
216 21.1
217 21.15
218 21.15
219 21.15
220 21.15
221 21.15
222 21.25
223 21.5
224 21.5
225 21.6
226 21.95
227 22.05
228 22.25
229 22.35
230 22.4
231 22.55
232 22.6
233 22.65
234 22.85
235 22.9
236 23.1
237 23.1
238 23.1
239 23.25
240 23.3
241 23.4
242 23.5
243 23.55
244 23.65
245 23.8
246 23.9
247 23.95
248 24.2
249 24.25
250 24.3
251 24.45
252 24.75
253 24.8
254 24.8
255 25.0
256 25.05
257 25.1
258 25.15
259 25.25
260 25.25
261 25.3
262 25.4
263 25.6
264 25.6
265 25.6
266 25.7
267 25.85
268 25.95
269 26.0
270 26.05
271 26.05
272 26.2
273 26.35
274 26.4
275 26.55
276 26.55
277 26.7
278 26.8
279 26.8
280 26.85
281 26.95
282 26.95
283 27.1
284 27.1
285 27.25
286 27.35
287 27.4
288 27.4
289 27.45
290 27.5
291 27.55
292 27.7
293 27.75
294 28.0
295 28.15
296 28.15
297 28.2
298 28.25
299 28.45
300 28.75
301 28.8
302 28.9
303 29.0
304 29.1
305 29.1
306 29.1
307 29.3
308 29.45
309 29.45
310 29.5
311 29.55
312 29.8
313 29.95
314 30.0
315 30.05
316 30.05
317 30.15
318 30.15
319 30.35
320 30.65
321 30.75
322 30.85
323 30.85
324 30.85
325 30.9
326 30.9
327 31.0
328 31.0
329 31.2
330 31.3
331 31.45
332 31.55
333 31.55
334 31.65
335 31.75
336 31.85
337 31.9
338 32.2
339 32.4
340 32.55
341 32.75
342 32.75
343 33.05
344 33.1
345 33.15
346 33.3
347 33.3
348 33.35
349 33.4
350 33.45
351 33.45
352 33.55
353 33.6
354 33.6
355 33.65
356 33.65
357 33.65
358 33.85
359 33.85
360 34.35
361 34.5
362 34.55
363 34.55
364 34.75
365 34.8
366 34.85
367 35.0
368 35.25
369 35.35
370 35.35
371 35.35
372 35.45
373 35.6
374 35.65
375 35.65
376 35.65
377 35.65
378 35.8
379 35.95
380 36.1
381 36.1
382 36.25
383 36.3
384 36.35
385 36.5
386 36.7
387 36.85
388 37.0
389 37.0
390 37.0
391 37.15
392 37.35
393 37.55
394 37.6
395 37.7
396 37.7
397 37.75
398 37.9
399 38.0
400 38.05
401 38.1
402 38.1
403 38.25
404 38.3
405 38.45
406 38.45
407 38.65
408 38.75
409 38.75
410 38.8
411 38.9
412 38.95
413 39.1
414 39.3
415 39.3
416 39.35
417 39.4
418 39.5
419 39.65
420 39.8
421 39.8
422 39.8
423 39.85
424 40.05
425 40.1
426 40.15
427 40.15
428 40.2
429 40.2
430 40.25
431 40.35
432 40.45
433 40.6
434 40.8
435 40.85
436 40.9
437 41.0
438 41.1
439 41.15
440 41.3
441 41.35
442 41.4
443 41.4
444 41.4
445 41.4
446 41.45
447 41.75
448 41.75
449 41.8
450 41.85
451 41.9
452 41.9
453 42.0
454 42.0
455 42.1
456 42.15
457 42.15
458 42.2
459 42.3
460 42.3
461 42.35
462 42.55
463 42.6
464 42.6
465 42.65
466 42.75
467 42.8
468 42.8
469 42.8
470 42.8
471 42.9
472 42.9
473 43.05
474 43.25
475 43.35
476 43.45
477 43.45
478 43.5
479 43.65
480 43.7
481 43.7
482 43.75
483 43.75
484 43.75
485 43.75
486 43.75
487 43.75
488 43.85
489 43.95
490 44.0
491 44.0
492 44.05
493 44.15
494 44.25
495 44.3
496 44.4
497 44.4
498 44.4
499 44.65
500 44.65
501 44.75
502 44.75
503 44.8
504 44.9
505 44.9
506 45.05
507 45.05
508 45.2
509 45.2
510 45.25
511 45.25
512 45.25
513 45.25
514 45.45
515 45.5
516 45.55
517 45.55
518 45.65
519 45.85
520 45.95
521 46.15
522 46.25
523 46.25
524 46.25
525 46.45
526 46.45
527 46.45
528 46.55
529 46.6
530 46.6
531 46.7
532 46.75
533 46.8
534 46.8
535 46.85
536 46.9
537 46.9
538 46.95
539 47.05
540 47.05
541 47.05
542 47.05
543 47.1
544 47.15
545 47.3
546 47.35
547 47.35
548 47.45
549 47.45
550 47.6
551 47.6
552 47.65
553 47.7
554 47.75
555 47.75
556 47.95
557 48.15
558 48.15
559 48.2
560 48.2
561 48.2
562 48.25
563 48.3
564 48.35
565 48.4
566 48.45
567 48.7
568 48.8
569 48.9
570 48.9
571 48.9
572 48.95
573 49.0
574 49.05
575 49.15
576 49.25
577 49.25
578 49.3
579 49.4
580 49.45
581 49.5
582 49.5
583 49.5
584 49.65
585 49.7
586 49.7
587 49.8
588 50.05
589 50.1
590 50.1
591 50.1
592 50.1
593 50.15
594 50.2
595 50.25
596 50.25
597 50.4
598 50.45
599 50.5
600 50.6
601 50.65
602 50.65
603 50.85
604 51.0
605 51.1
606 51.25
607 51.25
608 51.25
609 51.25
610 51.25
611 51.25
612 51.4
613 51.7
614 51.75
615 51.85
616 51.95
617 52.0
618 52.05
619 52.1
620 52.1
621 52.1
622 52.1
623 52.1
624 52.1
625 52.25
626 52.25
627 52.25
628 52.35
629 52.55
630 52.55
631 52.75
632 52.9
633 52.9
634 53.0
635 53.05
636 53.05
637 53.4
638 53.6
639 53.7
640 53.7
641 53.7
642 53.85
643 53.9
644 54.0
645 54.05
646 54.05
647 54.4
648 54.4
649 54.5
650 54.6
651 54.65
652 54.65
653 54.85
654 54.9
655 54.9
656 54.9
657 54.9
658 54.95
659 55.05
660 55.05
661 55.05
662 55.3
663 55.4
664 55.5
665 55.6
666 55.7
667 55.75
668 55.8
669 55.9
670 56.05
671 56.05
672 56.3
673 56.35
674 56.35
675 56.55
676 56.65
677 56.8
678 56.95
679 56.95
680 56.95
681 57.05
682 57.05
683 57.25
684 57.3
685 57.3
686 57.35
687 57.35
688 57.45
689 57.75
690 57.8
691 58.0
692 58.05
693 58.05
694 58.15
695 58.2
696 58.2
697 58.3
698 58.3
699 58.4
700 58.45
701 58.45
702 58.5
703 58.55
704 58.6
705 58.6
706 58.7
707 58.7
708 58.7
709 58.8
710 58.85
711 58.85
712 59.0
713 59.05
714 59.2
715 59.25
716 59.35
717 59.35
718 59.45
719 59.45
720 59.45
721 59.6
722 59.6
723 59.6
724 59.8
725 60.05
726 60.15
727 60.15
728 60.15
729 60.15
730 60.25
731 60.35
732 60.35
733 60.35
734 60.45
735 60.55
736 60.6
737 60.65
738 60.7
739 60.7
740 60.7
741 60.7
742 60.7
743 60.7
744 60.7
745 60.7
746 60.8
747 60.85
748 61.1
749 61.15
750 61.15
751 61.25
752 61.3
753 61.35
754 61.35
755 61.5
756 61.5
757 61.5
758 61.6
759 61.65
760 61.65
761 61.65
762 61.7
763 61.8
764 61.8
765 61.9
766 62.05
767 62.1
768 62.1
769 62.1
770 62.2
771 62.2
772 62.2
773 62.3
774 62.5
775 62.65
776 62.7
777 62.8
778 62.8
779 62.9
780 63.0
781 63.1
782 63.2
783 63.25
784 63.4
785 63.4
786 63.4
787 63.4
788 63.6
789 63.75
790 63.85
791 63.85
792 63.95
793 63.95
794 63.95
795 63.95
796 63.95
797 64.0
798 64.1
799 64.15
800 64.2
801 64.2
802 64.2
803 64.35
804 64.35
805 64.4
806 64.45
807 64.45
808 64.55
809 64.55
810 64.7
811 64.75
812 64.95
813 64.95
814 65.0
815 65.1
816 65.1
817 65.15
818 65.15
819 65.15
820 65.3
821 65.35
822 65.5
823 65.7
824 65.7
825 65.7
826 65.7
827 65.85
828 65.9
829 65.9
830 65.95
831 66.2
832 66.45
833 66.45
834 66.45
835 66.5
836 66.55
837 66.6
838 66.65
839 66.75
840 66.75
841 66.8
842 67.0
843 67.0
844 67.2
845 67.25
846 67.25
847 67.3
848 67.3
849 67.3
850 67.4
851 67.45
852 67.55
853 67.55
854 67.6
855 67.65
856 67.8
857 67.85
858 67.85
859 67.85
860 67.95
861 68.0
862 68.0
863 68.0
864 68.1
865 68.3
866 68.3
867 68.3
868 68.45
869 68.5
870 68.55
871 68.6
872 68.65
873 68.65
874 68.65
875 68.8
876 68.85
877 68.85
878 68.85
879 68.9
880 68.9
881 68.95
882 69.0
883 69.05
884 69.3
885 69.45
886 69.5
887 69.5
888 69.55
889 69.55
890 69.6
891 69.8
892 69.85
893 70.05
894 70.05
895 70.05
896 70.25
897 70.25
898 70.45
899 70.5
900 70.5
901 70.5
902 70.65
903 70.8
904 70.9
905 70.9
906 70.95
907 71.1
908 71.2
909 71.25
910 71.35
911 71.35
912 71.5
913 71.5
914 71.55
915 71.6
916 71.85
917 71.95
918 71.95
919 71.95
920 71.95
921 72.05
922 72.1
923 72.25
924 72.45
925 72.45
926 72.45
927 72.5
928 72.6
929 72.95
930 72.95
931 72.95
932 73.0
933 73.0
934 73.1
935 73.1
936 73.1
937 73.1
938 73.1
939 73.1
940 73.2
941 73.3
942 73.3
943 73.35
944 73.35
945 73.4
946 73.6
947 73.6
948 73.6
949 73.75
950 73.9
951 73.9
952 74.05
953 74.3
954 74.35
955 74.45
956 74.55
957 74.55
958 74.55
959 74.7
960 74.8
961 74.8
962 74.8
963 74.9
964 74.95
965 75.0
966 75.0
967 75.1
968 75.1
969 75.1
970 75.1
971 75.3
972 75.35
973 75.55
974 75.6
975 75.7
976 75.7
977 75.8
978 75.85
979 75.9
980 75.95
981 76.0
982 76.0
983 76.05
984 76.2
985 76.2
986 76.35
987 76.35
988 76.35
989 76.5
990 76.5
991 76.55
992 76.6
993 76.7
994 76.8
995 76.85
996 76.85
997 76.9
998 76.9
999 76.95
1000 76.95
1001 77.05
1002 77.05
1003 77.05
1004 77.15
1005 77.2
1006 77.35
1007 77.4
1008 77.55
1009 77.55
1010 77.6
1011 77.6
1012 77.7
1013 77.7
1014 77.85
1015 77.95
1016 77.95
1017 77.95
1018 78.0
1019 78.05
1020 78.1
1021 78.15
1022 78.3
1023 78.3
1024 78.3
1025 78.4
1026 78.5
1027 78.6
1028 78.6
1029 78.6
1030 78.65
1031 78.7
1032 78.8
1033 78.9
1034 78.95
1035 79.2
1036 79.25
1037 79.25
1038 79.25
1039 79.4
1040 79.6
1041 79.65
1042 79.7
1043 79.9
1044 79.9
1045 80.0
1046 80.0
1047 80.0
1048 80.35
1049 80.4
1050 80.55
1051 80.55
1052 80.6
1053 80.8
1054 80.8
1055 80.8
1056 80.95
1057 80.95
1058 80.95
1059 80.95
1060 80.95
1061 80.95
1062 81.0
1063 81.1
1064 81.25
1065 81.25
1066 81.3
1067 81.4
1068 81.45
1069 81.45
1070 81.45
1071 81.55
1072 81.55
1073 81.55
1074 81.6
1075 81.6
1076 81.65
1077 81.7
1078 81.7
1079 81.75
1080 81.85
1081 82.05
1082 82.3
1083 82.3
1084 82.3
1085 82.35
1086 82.35
1087 82.35
1088 82.4
1089 82.5
1090 82.55
1091 82.55
1092 82.6
1093 82.6
1094 82.8
1095 82.8
1096 82.85
1097 82.95
1098 82.95
1099 82.95
1100 82.95
1101 83.05
1102 83.1
1103 83.1
1104 83.2
1105 83.2
1106 83.2
1107 83.2
1108 83.25
1109 83.25
1110 83.35
1111 83.45
1112 83.45
1113 83.55
1114 83.7
1115 83.8
1116 83.95
1117 84.05
1118 84.1
1119 84.1
1120 84.1
1121 84.2
1122 84.2
1123 84.3
1124 84.3
1125 84.35
1126 84.4
1127 84.4
1128 84.4
1129 84.4
1130 84.45
1131 84.45
1132 84.45
1133 84.5
1134 84.55
1135 84.55
1136 84.65
1137 84.7
1138 84.7
1139 84.75
1140 84.8
1141 84.8
1142 84.85
1143 84.85
1144 84.9
1145 85.0
1146 85.0
1147 85.1
1148 85.2
1149 85.3
1150 85.35
1151 85.55
1152 85.65
1153 85.65
1154 85.8
1155 85.8
1156 85.85
1157 85.85
1158 85.95
1159 85.95
1160 86.2
1161 86.35
1162 86.4
1163 86.5
1164 86.55
1165 86.6
1166 86.7
1167 86.75
1168 86.8
1169 86.9
1170 86.9
1171 86.9
1172 86.9
1173 86.95
1174 86.95
1175 86.95
1176 87.05
1177 87.05
1178 87.1
1179 87.15
1180 87.2
1181 87.35
1182 87.4
1183 87.45
1184 87.6
1185 87.75
1186 87.8
1187 87.8
1188 87.85
1189 87.85
1190 87.85
1191 87.9
1192 87.9
1193 88.1
1194 88.15
1195 88.25
1196 88.25
1197 88.4
1198 88.4
1199 88.6
1200 88.6
1201 88.6
1202 88.65
1203 88.65
1204 88.65
1205 88.65
1206 88.7
1207 88.7
1208 88.75
1209 88.75
1210 88.75
1211 88.85
1212 88.95
1213 89.0
1214 89.0
1215 89.1
1216 89.3
1217 89.5
1218 89.5
1219 89.5
1220 89.55
1221 89.55
1222 89.6
1223 89.6
1224 89.7
1225 89.7
1226 89.7
1227 89.7
1228 89.75
1229 89.75
1230 90.2
1231 90.25
1232 90.3
1233 90.35
1234 90.5
1235 90.55
1236 90.6
1237 90.7
1238 90.7
1239 90.7
1240 90.7
1241 90.7
1242 90.7
1243 90.8
1244 90.85
1245 90.95
1246 91.0
1247 91.05
1248 91.05
1249 91.15
1250 91.15
1251 91.2
1252 91.2
1253 91.2
1254 91.25
1255 91.3
1256 91.4
1257 91.4
1258 91.4
1259 91.5
1260 91.5
1261 91.55
1262 91.6
1263 91.7
1264 91.75
1265 91.75
1266 91.75
1267 91.75
1268 91.85
1269 91.85
1270 92.05
1271 92.2
1272 92.25
1273 92.35
1274 92.35
1275 92.4
1276 92.4
1277 92.55
1278 92.6
1279 92.7
1280 92.7
1281 92.95
1282 92.95
1283 93.0
1284 93.05
1285 93.15
1286 93.2
1287 93.2
1288 93.25
1289 93.25
1290 93.25
1291 93.25
1292 93.25
1293 93.3
1294 93.35
1295 93.35
1296 93.45
1297 93.5
1298 93.5
1299 93.5
1300 93.55
1301 93.55
1302 93.65
1303 93.85
1304 93.85
1305 94.05
1306 94.1
1307 94.1
1308 94.2
1309 94.2
1310 94.25
1311 94.3
1312 94.35
1313 94.45
1314 94.5
1315 94.6
1316 94.6
1317 94.6
1318 94.6
1319 94.6
1320 94.6
1321 94.65
1322 94.65
1323 94.65
1324 94.7
1325 94.85
1326 94.9
1327 94.95
1328 94.95
1329 94.95
1330 95.1
1331 95.25
1332 95.25
1333 95.4
1334 95.4
1335 95.4
1336 95.6
1337 95.7
1338 95.7
1339 95.75
1340 95.75
1341 95.75
1342 95.85
1343 95.95
1344 96.0
1345 96.1
1346 96.1
1347 96.1
1348 96.15
1349 96.15
1350 96.15
1351 96.25
1352 96.25
1353 96.35
1354 96.35
1355 96.35
1356 96.45
1357 96.6
1358 96.65
1359 96.7
1360 96.75
1361 96.75
1362 96.75
1363 96.85
1364 96.95
1365 96.95
1366 97.05
1367 97.05
1368 97.15
1369 97.2
1370 97.25
1371 97.3
1372 97.3
1373 97.3
1374 97.35
1375 97.35
1376 97.4
1377 97.45
1378 97.45
1379 97.5
1380 97.5
1381 97.5
1382 97.8
1383 97.85
1384 97.85
1385 97.85
1386 97.85
1387 97.95
1388 98.05
1389 98.15
1390 98.15
1391 98.15
1392 98.15
1393 98.3
1394 98.35
1395 98.45
1396 98.45
1397 98.45
1398 98.5
1399 98.65
1400 98.65
1401 98.65
1402 98.7
1403 98.8
1404 98.9
1405 98.9
1406 98.95
1407 99.0
1408 99.0
1409 99.0
1410 99.05
1411 99.1
1412 99.15
1413 99.15
1414 99.15
1415 99.15
1416 99.2
1417 99.2
1418 99.2
1419 99.25
1420 99.35
1421 99.45
1422 99.5
1423 99.55
1424 99.6
1425 99.6
1426 99.6
1427 99.6
1428 99.6
1429 99.65
1430 99.7
1431 99.75
1432 99.75
1433 99.75
1434 99.85
1435 99.85
1436 99.85
1437 99.95
1438 100.0
1439 100.1
1440 100.15
1441 100.15
1442 100.2
1443 100.2
1444 100.25
1445 100.25
1446 100.3
1447 100.4
1448 100.4
1449 100.45
1450 100.6
1451 100.65
1452 100.7
1453 100.7
1454 100.7
1455 100.75
1456 100.75
1457 100.85
1458 100.95
1459 101.05
1460 101.1
1461 101.1
1462 101.15
1463 101.2
1464 101.25
1465 101.25
1466 101.35
1467 101.35
1468 101.4
1469 101.45
1470 101.55
1471 101.55
1472 101.55
1473 101.6
1474 101.6
1475 101.65
1476 101.7
1477 101.85
1478 101.9
1479 101.9
1480 101.9
1481 102.05
1482 102.1
1483 102.1
1484 102.1
1485 102.15
1486 102.15
1487 102.2
1488 102.2
1489 102.3
1490 102.3
1491 102.55
1492 102.6
1493 102.6
1494 102.65
1495 102.65
1496 102.65
1497 102.65
1498 102.7
1499 102.7
1500 102.7
1501 102.75
1502 102.8
1503 102.8
1504 102.9
1505 102.95
1506 102.95
1507 102.95
1508 103.0
1509 103.05
1510 103.1
1511 103.1
1512 103.1
1513 103.15
1514 103.15
1515 103.3
1516 103.35
1517 103.4
1518 103.45
1519 103.5
1520 103.55
1521 103.6
1522 103.6
1523 103.65
1524 103.65
1525 103.65
1526 103.7
1527 103.7
1528 103.7
1529 103.75
1530 103.75
1531 103.75
1532 103.85
1533 103.95
1534 103.95
1535 104.0
1536 104.0
1537 104.0
1538 104.0
1539 104.0
1540 104.05
1541 104.05
1542 104.15
1543 104.2
1544 104.35
1545 104.35
1546 104.35
1547 104.45
1548 104.5
1549 104.6
1550 104.7
1551 104.8
1552 104.8
1553 104.8
1554 104.8
1555 104.8
1556 104.9
1557 104.9
1558 104.95
1559 104.95
1560 105.1
1561 105.15
1562 105.15
1563 105.25
1564 105.25
1565 105.25
1566 105.3
1567 105.3
1568 105.35
1569 105.4
1570 105.5
1571 105.55
1572 105.6
1573 105.65
1574 105.7
1575 105.7
1576 105.7
1577 105.75
1578 105.95
1579 105.95
1580 106.05
1581 106.1
1582 106.15
1583 106.2
1584 106.3
1585 106.3
1586 106.3
1587 106.4
1588 106.45
1589 106.45
1590 106.45
1591 106.55
1592 106.55
1593 106.55
1594 106.6
1595 106.6
1596 106.6
1597 106.6
1598 106.65
1599 106.65
1600 106.7
1601 106.7
1602 106.7
1603 106.75
1604 106.75
1605 106.85
1606 106.85
1607 106.9
1608 106.9
1609 106.9
1610 106.9
1611 106.9
1612 106.9
1613 106.9
1614 106.9
1615 106.95
1616 107.0
1617 107.15
1618 107.15
1619 107.15
1620 107.15
1621 107.2
1622 107.35
1623 107.4
1624 107.45
1625 107.45
1626 107.5
1627 107.6
1628 107.6
1629 107.7
1630 107.75
1631 107.75
1632 107.75
1633 107.75
1634 107.8
1635 107.8
1636 107.9
1637 107.9
1638 107.9
1639 107.95
1640 107.95
1641 108.1
1642 108.1
1643 108.1
1644 108.25
1645 108.35
1646 108.35
1647 108.35
1648 108.45
1649 108.55
1650 108.55
1651 108.65
1652 108.75
1653 108.8
1654 108.8
1655 108.9
1656 109.1
1657 109.25
1658 109.3
1659 109.3
1660 109.35
1661 109.4
1662 109.4
1663 109.4
1664 109.4
1665 109.55
1666 109.65
1667 109.75
1668 109.75
1669 109.8
1670 109.85
1671 109.95
1672 109.95
1673 110.0
1674 110.05
1675 110.05
1676 110.1
1677 110.1
1678 110.1
1679 110.15
1680 110.2
1681 110.25
1682 110.25
1683 110.25
1684 110.3
1685 110.3
1686 110.3
1687 110.3
1688 110.45
1689 110.45
1690 110.5
1691 110.55
1692 110.55
1693 110.7
1694 110.7
1695 110.7
1696 110.7
1697 110.7
1698 110.7
1699 110.85
1700 110.9
1701 110.95
1702 111.1
1703 111.1
1704 111.15
1705 111.2
1706 111.3
1707 111.35
1708 111.4
1709 111.4
1710 111.5
1711 111.5
1712 111.5
1713 111.5
1714 111.5
1715 111.65
1716 111.65
1717 111.65
1718 111.75
1719 111.75
1720 111.8
1721 111.8
1722 111.85
1723 112.0
1724 112.0
1725 112.0
1726 112.0
1727 112.0
1728 112.0
1729 112.0
1730 112.05
1731 112.05
1732 112.1
1733 112.15
1734 112.15
1735 112.2
1736 112.35
1737 112.4
1738 112.4
1739 112.55
1740 112.55
1741 112.65
1742 112.7
1743 112.8
1744 112.8
1745 112.8
1746 112.8
1747 112.85
1748 112.95
1749 113.05
1750 113.1
1751 113.1
1752 113.2
1753 113.25
1754 113.3
1755 113.3
1756 113.5
1757 113.55
1758 113.55
1759 113.6
1760 113.65
1761 113.65
1762 113.65
1763 113.65
1764 113.8
1765 113.8
1766 113.85
1767 113.95
1768 113.95
1769 113.95
1770 113.95
1771 114.05
1772 114.05
1773 114.05
1774 114.05
1775 114.05
1776 114.1
1777 114.1
1778 114.2
1779 114.2
1780 114.3
1781 114.3
1782 114.35
1783 114.35
1784 114.4
1785 114.45
1786 114.45
1787 114.5
1788 114.55
1789 114.55
1790 114.6
1791 114.7
1792 114.7
1793 114.8
1794 114.9
1795 114.9
1796 114.9
1797 114.9
1798 114.95
1799 115.0
1800 115.0
1801 115.0
1802 115.1
1803 115.25
1804 115.25
1805 115.25
1806 115.25
1807 115.45
1808 115.5
1809 115.5
1810 115.5
1811 115.6
1812 115.6
1813 115.6
1814 115.7
1815 115.7
1816 115.75
1817 115.75
1818 115.9
1819 115.9
1820 115.9
1821 116.0
1822 116.05
1823 116.05
1824 116.1
1825 116.1
1826 116.15
1827 116.15
1828 116.2
1829 116.2
1830 116.25
1831 116.3
1832 116.3
1833 116.3
1834 116.45
1835 116.45
1836 116.45
1837 116.6
1838 116.65
1839 116.65
1840 116.65
1841 116.7
1842 116.8
1843 116.85
1844 116.9
1845 116.9
1846 116.95
1847 117.0
1848 117.0
1849 117.0
1850 117.0
1851 117.0
1852 117.0
1853 117.1
1854 117.15
1855 117.15
1856 117.2
1857 117.25
1858 117.35
1859 117.35
1860 117.35
1861 117.35
1862 117.35
1863 117.4
1864 117.4
1865 117.4
1866 117.45
1867 117.45
1868 117.45
1869 117.5
1870 117.55
1871 117.55
1872 117.55
1873 117.55
1874 117.6
1875 117.6
1876 117.6
1877 117.6
1878 117.6
1879 117.6
1880 117.6
1881 117.6
1882 117.6
1883 117.65
1884 117.65
1885 117.7
1886 117.7
1887 117.75
1888 117.85
1889 117.9
1890 117.9
1891 117.9
1892 117.9
1893 117.9
1894 117.9
1895 117.9
1896 117.9
1897 118.05
1898 118.15
1899 118.15
1900 118.15
1901 118.2
1902 118.2
1903 118.2
1904 118.2
1905 118.25
1906 118.35
1907 118.35
1908 118.35
1909 118.4
1910 118.4
1911 118.55
1912 118.55
1913 118.55
1914 118.6
1915 118.6
1916 118.6
1917 118.6
1918 118.7
1919 118.7
1920 119.0
1921 119.0
1922 119.0
1923 119.05
1924 119.05
1925 119.05
1926 119.05
1927 119.15
1928 119.2
1929 119.3
1930 119.3
1931 119.3
1932 119.35
1933 119.35
1934 119.4
1935 119.4
1936 119.45
1937 119.5
1938 119.5
1939 119.7
1940 119.7
1941 119.7
1942 119.75
1943 119.75
1944 119.75
1945 119.85
1946 119.85
1947 119.85
1948 119.95
1949 120.0
1950 120.0
1951 120.0
1952 120.05
1953 120.25
1954 120.25
1955 120.3
1956 120.3
1957 120.3
1958 120.35
1959 120.35
1960 120.35
1961 120.35
1962 120.35
1963 120.35
1964 120.45
1965 120.5
1966 120.55
1967 120.6
1968 120.6
1969 120.6
1970 120.7
1971 120.7
1972 120.75
1973 120.85
1974 120.85
1975 120.85
1976 120.85
1977 120.85
1978 121.05
1979 121.05
1980 121.05
1981 121.1
1982 121.2
1983 121.25
1984 121.35
1985 121.35
1986 121.35
1987 121.35
1988 121.4
1989 121.45
1990 121.45
1991 121.5
1992 121.5
1993 121.6
1994 121.6
1995 121.65
1996 121.65
1997 121.75
1998 121.75
1999 121.8
2000 121.8
2001 121.85
2002 121.9
2003 121.9
2004 121.9
2005 122.0
2006 122.1
2007 122.1
2008 122.1
2009 122.1
2010 122.15
2011 122.15
2012 122.15
2013 122.15
2014 122.15
2015 122.15
2016 122.2
2017 122.2
2018 122.35
2019 122.35
2020 122.4
2021 122.4
2022 122.45
2023 122.55
2024 122.65
2025 122.8
2026 122.8
2027 122.85
2028 122.85
2029 122.85
2030 122.85
2031 122.85
2032 122.85
2033 122.9
2034 122.95
2035 122.95
2036 123.0
2037 123.1
2038 123.15
2039 123.15
2040 123.15
2041 123.2
2042 123.2
2043 123.2
2044 123.2
2045 123.2
2046 123.25
2047 123.35
2048 123.4
2049 123.45
2050 123.5
2051 123.5
2052 123.55
2053 123.55
2054 123.55
2055 123.6
2056 123.6
2057 123.7
2058 123.75
2059 123.8
2060 123.8
2061 123.8
2062 123.8
2063 123.85
2064 123.85
2065 123.95
2066 123.95
2067 123.95
2068 124.05
2069 124.1
2070 124.2
2071 124.25
2072 124.25
2073 124.3
2074 124.35
2075 124.35
2076 124.35
2077 124.35
2078 124.45
2079 124.55
2080 124.55
2081 124.6
2082 124.6
2083 124.65
2084 124.65
2085 124.65
2086 124.65
2087 124.65
2088 124.65
2089 124.65
2090 124.7
2091 124.8
2092 124.8
2093 124.8
2094 124.85
2095 124.85
2096 124.85
2097 124.9
2098 124.9
2099 125.05
2100 125.1
2101 125.3
2102 125.35
2103 125.45
2104 125.45
2105 125.5
2106 125.5
2107 125.5
2108 125.5
2109 125.5
2110 125.5
2111 125.5
2112 125.5
2113 125.5
2114 125.55
2115 125.55
2116 125.55
2117 125.55
2118 125.55
2119 125.55
2120 125.55
2121 125.55
2122 125.55
2123 125.6
2124 125.7
2125 125.7
2126 125.7
2127 125.75
2128 125.75
2129 125.8
2130 125.8
2131 125.8
2132 125.8
2133 125.85
2134 125.95
2135 125.95
2136 125.95
2137 125.95
2138 125.95
2139 126.1
2140 126.1
2141 126.15
2142 126.2
2143 126.35
2144 126.35
2145 126.35
2146 126.4
2147 126.45
2148 126.45
2149 126.45
2150 126.6
2151 126.6
2152 126.6
2153 126.6
2154 126.65
2155 126.8
2156 126.8
2157 126.8
2158 126.85
2159 126.95
2160 126.95
2161 126.95
2162 127.0
2163 127.0
2164 127.1
2165 127.1
2166 127.25
2167 127.3
2168 127.3
2169 127.35
2170 127.35
2171 127.35
2172 127.35
2173 127.35
2174 127.4
2175 127.4
2176 127.45
2177 127.45
2178 127.45
2179 127.45
2180 127.45
2181 127.55
2182 127.6
2183 127.6
2184 127.65
2185 127.7
2186 127.75
2187 127.75
2188 127.75
2189 127.8
2190 127.8
2191 127.8
2192 127.9
2193 127.95
2194 127.95
2195 127.95
2196 127.95
2197 127.95
2198 127.95
2199 127.95
2200 128.0
2201 128.05
2202 128.1
2203 128.1
2204 128.1
2205 128.1
2206 128.25
2207 128.25
2208 128.25
2209 128.35
2210 128.35
2211 128.4
2212 128.4
2213 128.4
2214 128.4
2215 128.4
2216 128.4
2217 128.45
2218 128.45
2219 128.5
2220 128.5
2221 128.55
2222 128.55
2223 128.6
2224 128.6
2225 128.7
2226 128.75
2227 128.75
2228 128.75
2229 128.75
2230 128.75
2231 128.85
2232 128.85
2233 128.85
2234 128.9
2235 128.95
2236 129.0
2237 129.05
2238 129.1
2239 129.1
2240 129.2
2241 129.2
2242 129.2
2243 129.25
2244 129.25
2245 129.25
2246 129.25
2247 129.35
2248 129.35
2249 129.4
2250 129.4
2251 129.4
2252 129.4
2253 129.45
2254 129.45
2255 129.45
2256 129.5
2257 129.5
2258 129.55
2259 129.55
2260 129.55
2261 129.6
2262 129.65
2263 129.65
2264 129.65
2265 129.65
2266 129.65
2267 129.65
2268 129.7
2269 129.75
2270 129.75
2271 129.75
2272 129.75
2273 129.75
2274 129.75
2275 129.8
2276 129.8
2277 129.85
2278 129.9
2279 129.9
2280 130.0
2281 130.0
2282 130.0
2283 130.0
2284 130.05
2285 130.05
2286 130.1
2287 130.1
2288 130.1
2289 130.1
2290 130.1
2291 130.2
2292 130.2
2293 130.25
2294 130.3
2295 130.45
2296 130.5
2297 130.55
2298 130.6
2299 130.6
2300 130.65
2301 130.75
2302 130.75
2303 130.75
2304 130.8
2305 130.8
2306 130.8
2307 130.85
2308 130.95
2309 130.95
2310 130.95
2311 130.95
2312 130.95
2313 130.95
2314 130.95
2315 130.95
2316 131.0
2317 131.0
2318 131.0
2319 131.15
2320 131.25
2321 131.25
2322 131.25
2323 131.25
2324 131.25
2325 131.4
2326 131.45
2327 131.45
2328 131.5
2329 131.55
2330 131.55
2331 131.55
2332 131.6
2333 131.6
2334 131.6
2335 131.6
2336 131.6
2337 131.6
2338 131.65
2339 131.65
2340 131.65
2341 131.65
2342 131.65
2343 131.65
2344 131.65
2345 132.0
2346 132.15
2347 132.15
2348 132.15
2349 132.15
2350 132.15
2351 132.15
2352 132.15
2353 132.15
2354 132.2
2355 132.25
2356 132.25
2357 132.3
2358 132.3
2359 132.3
2360 132.3
2361 132.3
2362 132.3
2363 132.3
2364 132.35
2365 132.35
2366 132.4
2367 132.6
2368 132.65
2369 132.7
2370 132.7
2371 132.7
2372 132.7
2373 132.7
2374 132.7
2375 132.75
2376 132.8
2377 132.8
2378 132.85
2379 132.85
2380 132.85
2381 132.85
2382 132.9
2383 132.9
2384 132.9
2385 132.9
2386 132.9
2387 132.9
2388 132.95
2389 133.0
2390 133.05
2391 133.05
2392 133.05
2393 133.05
2394 133.1
2395 133.1
2396 133.1
2397 133.1
2398 133.15
2399 133.15
2400 133.15
2401 133.2
2402 133.35
2403 133.35
2404 133.5
2405 133.5
2406 133.5
2407 133.55
2408 133.55
2409 133.6
2410 133.6
2411 133.6
2412 133.6
2413 133.65
2414 133.65
2415 133.65
2416 133.65
2417 133.7
2418 133.75
2419 133.8
2420 133.8
2421 133.8
2422 133.85
2423 133.95
2424 133.95
2425 134.0
2426 134.0
2427 134.0
2428 134.1
2429 134.1
2430 134.15
2431 134.15
2432 134.15
2433 134.25
2434 134.3
2435 134.35
2436 134.35
2437 134.35
2438 134.4
2439 134.4
2440 134.45
2441 134.45
2442 134.5
2443 134.55
2444 134.55
2445 134.55
2446 134.55
2447 134.55
2448 134.55
2449 134.6
2450 134.6
2451 134.6
2452 134.65
2453 134.7
2454 134.7
2455 134.9
2456 134.95
2457 135.0
2458 135.05
2459 135.15
2460 135.2
2461 135.2
2462 135.25
2463 135.25
2464 135.3
2465 135.4
2466 135.4
2467 135.4
2468 135.4
2469 135.4
2470 135.4
2471 135.5
2472 135.6
2473 135.6
2474 135.6
2475 135.6
2476 135.6
2477 135.6
2478 135.65
2479 135.75
2480 135.75
2481 135.85
2482 135.95
2483 135.95
2484 136.0
2485 136.0
2486 136.0
2487 136.05
2488 136.05
2489 136.05
2490 136.05
2491 136.05
2492 136.05
2493 136.05
2494 136.15
2495 136.15
2496 136.15
2497 136.2
2498 136.25
2499 136.25
2500 136.25
2501 136.35
2502 136.35
2503 136.45
2504 136.45
2505 136.45
2506 136.5
2507 136.5
2508 136.6
2509 136.65
2510 136.65
2511 136.75
2512 136.8
2513 136.8
2514 136.85
2515 136.9
2516 136.95
2517 136.95
2518 137.0
2519 137.05
2520 137.05
2521 137.05
2522 137.1
2523 137.15
2524 137.15
2525 137.15
2526 137.15
2527 137.2
2528 137.25
2529 137.3
2530 137.3
2531 137.35
2532 137.4
2533 137.4
2534 137.4
2535 137.45
2536 137.45
2537 137.45
2538 137.45
2539 137.45
2540 137.45
2541 137.45
2542 137.5
2543 137.55
2544 137.65
2545 137.65
2546 137.75
2547 137.8
2548 137.85
2549 137.85
2550 137.9
2551 137.9
2552 137.9
2553 137.9
2554 137.9
2555 137.9
2556 137.95
2557 138.0
2558 138.05
2559 138.05
2560 138.05
2561 138.05
2562 138.1
2563 138.1
2564 138.2
2565 138.2
2566 138.25
2567 138.3
2568 138.3
2569 138.35
2570 138.35
2571 138.35
2572 138.4
2573 138.45
2574 138.5
2575 138.5
2576 138.5
2577 138.5
2578 138.55
2579 138.65
2580 138.65
2581 138.65
2582 138.65
2583 138.65
2584 138.65
2585 138.65
2586 138.8
2587 138.8
2588 138.85
2589 138.85
2590 138.85
2591 138.85
2592 138.85
2593 138.9
2594 138.9
2595 138.95
2596 138.95
2597 138.95
2598 138.95
2599 138.95
2600 138.95
2601 139.0
2602 139.05
2603 139.05
2604 139.05
2605 139.05
2606 139.05
2607 139.05
2608 139.1
2609 139.1
2610 139.1
2611 139.15
2612 139.25
2613 139.25
2614 139.3
2615 139.55
2616 139.55
2617 139.55
2618 139.55
2619 139.55
2620 139.55
2621 139.55
2622 139.55
2623 139.55
2624 139.55
2625 139.55
2626 139.55
2627 139.55
2628 139.55
2629 139.65
2630 139.75
2631 139.8
2632 139.8
2633 139.85
2634 139.85
2635 139.85
2636 139.9
2637 139.9
2638 139.9
2639 139.9
2640 139.95
2641 140.05
2642 140.05
2643 140.1
2644 140.15
2645 140.25
2646 140.25
2647 140.35
2648 140.4
2649 140.4
2650 140.4
2651 140.4
2652 140.45
2653 140.5
2654 140.5
2655 140.55
2656 140.6
2657 140.6
2658 140.6
2659 140.6
2660 140.6
2661 140.6
2662 140.65
2663 140.65
2664 140.65
2665 140.65
2666 140.7
2667 140.75
2668 140.75
2669 140.8
2670 140.85
2671 140.85
2672 140.9
2673 140.9
2674 140.9
2675 141.05
2676 141.1
2677 141.15
2678 141.15
2679 141.2
2680 141.2
2681 141.2
2682 141.2
2683 141.3
2684 141.3
2685 141.3
2686 141.4
2687 141.4
2688 141.4
2689 141.45
2690 141.55
2691 141.6
2692 141.6
2693 141.6
2694 141.6
2695 141.6
2696 141.65
2697 141.7
2698 141.9
2699 142.05
2700 142.1
2701 142.1
2702 142.1
2703 142.1
2704 142.2
2705 142.2
2706 142.2
2707 142.2
2708 142.3
2709 142.35
2710 142.4
2711 142.4
2712 142.4
2713 142.4
2714 142.45
2715 142.5
2716 142.5
2717 142.5
2718 142.5
2719 142.5
2720 142.5
2721 142.55
2722 142.65
2723 142.7
2724 142.75
2725 142.75
2726 142.75
2727 142.8
2728 142.85
2729 142.9
2730 142.95
2731 142.95
2732 142.95
2733 142.95
2734 143.0
2735 143.1
2736 143.1
2737 143.1
2738 143.1
2739 143.1
2740 143.1
2741 143.15
2742 143.15
2743 143.15
2744 143.25
2745 143.25
2746 143.25
2747 143.35
2748 143.4
2749 143.45
2750 143.5
2751 143.5
2752 143.5
2753 143.5
2754 143.5
2755 143.5
2756 143.55
2757 143.55
2758 143.55
2759 143.6
2760 143.6
2761 143.6
2762 143.65
2763 143.8
2764 143.9
2765 144.0
2766 144.0
2767 144.0
2768 144.0
2769 144.0
2770 144.05
2771 144.05
2772 144.05
2773 144.25
2774 144.25
2775 144.3
2776 144.35
2777 144.4
2778 144.4
2779 144.4
2780 144.45
2781 144.45
2782 144.55
2783 144.6
2784 144.6
2785 144.6
2786 144.65
2787 144.65
2788 144.65
2789 144.65
2790 144.65
2791 144.7
2792 144.75
2793 144.75
2794 144.75
2795 144.75
2796 144.75
2797 144.8
2798 144.8
2799 144.85
2800 145.0
2801 145.0
2802 145.0
2803 145.05
2804 145.05
2805 145.05
2806 145.1
2807 145.1
2808 145.1
2809 145.1
2810 145.1
2811 145.1
2812 145.15
2813 145.15
2814 145.25
2815 145.25
2816 145.25
2817 145.25
2818 145.25
2819 145.25
2820 145.25
2821 145.3
2822 145.3
2823 145.4
2824 145.4
2825 145.5
2826 145.55
2827 145.55
2828 145.55
2829 145.6
2830 145.6
2831 145.6
2832 145.6
2833 145.6
2834 145.6
2835 145.65
2836 145.8
2837 146.0
2838 146.0
2839 146.05
2840 146.05
2841 146.05
2842 146.05
2843 146.1
2844 146.1
2845 146.1
2846 146.15
2847 146.15
2848 146.15
2849 146.3
2850 146.3
2851 146.3
2852 146.3
2853 146.35
2854 146.35
2855 146.35
2856 146.35
2857 146.4
2858 146.4
2859 146.45
2860 146.45
2861 146.45
2862 146.45
2863 146.5
2864 146.55
2865 146.55
2866 146.6
2867 146.6
2868 146.6
2869 146.6
2870 146.6
2871 146.6
2872 146.75
2873 146.75
2874 146.75
2875 146.8
2876 146.8
2877 146.8
2878 146.8
2879 146.9
2880 146.9
2881 147.05
2882 147.05
2883 147.05
2884 147.05
2885 147.1
2886 147.15
2887 147.15
2888 147.15
2889 147.2
2890 147.25
2891 147.25
2892 147.35
2893 147.35
2894 147.4
2895 147.4
2896 147.4
2897 147.4
2898 147.4
2899 147.4
2900 147.45
2901 147.45
2902 147.45
2903 147.45
2904 147.5
2905 147.55
2906 147.6
2907 147.65
2908 147.65
2909 147.65
2910 147.65
2911 147.7
2912 147.7
2913 147.7
2914 147.7
2915 147.75
2916 147.75
2917 147.75
2918 147.75
2919 147.75
2920 147.75
2921 147.8
2922 147.8
2923 147.8
2924 147.8
2925 147.8
2926 147.85
2927 147.85
2928 147.9
2929 147.9
2930 147.9
2931 147.9
2932 147.95
2933 147.95
2934 147.95
2935 147.95
2936 147.95
2937 147.95
2938 148.1
2939 148.15
2940 148.2
2941 148.25
2942 148.25
2943 148.25
2944 148.25
2945 148.25
2946 148.25
2947 148.25
2948 148.25
2949 148.25
2950 148.25
2951 148.3
2952 148.3
2953 148.3
2954 148.3
2955 148.3
2956 148.3
2957 148.4
2958 148.4
2959 148.4
2960 148.4
2961 148.45
2962 148.45
2963 148.45
2964 148.5
2965 148.5
2966 148.55
2967 148.6
2968 148.7
2969 148.7
2970 148.8
2971 148.85
2972 148.85
2973 148.85
2974 148.85
2975 148.85
2976 148.85
2977 148.85
2978 148.85
2979 148.85
2980 148.85
2981 148.9
2982 148.9
2983 148.9
2984 149.0
2985 149.0
2986 149.0
2987 149.05
2988 149.1
2989 149.1
2990 149.1
2991 149.1
2992 149.1
2993 149.25
2994 149.25
2995 149.4
2996 149.4
2997 149.4
2998 149.5
2999 149.5
3000 149.5
3001 149.5
3002 149.55
3003 149.55
3004 149.55
3005 149.55
3006 149.6
3007 149.6
3008 149.6
3009 149.6
3010 149.6
3011 149.6
3012 149.6
3013 149.7
3014 149.75
3015 149.75
3016 149.75
3017 149.75
3018 149.8
3019 149.85
3020 149.85
3021 149.85
3022 149.85
3023 149.95
3024 150.0
3025 150.05
3026 150.1
3027 150.1
3028 150.1
3029 150.15
3030 150.25
3031 150.25
3032 150.25
3033 150.25
3034 150.25
3035 150.3
3036 150.35
3037 150.35
3038 150.35
3039 150.35
3040 150.4
3041 150.5
3042 150.5
3043 150.5
3044 150.5
3045 150.5
3046 150.5
3047 150.5
3048 150.55
3049 150.6
3050 150.7
3051 150.7
3052 150.8
3053 150.8
3054 150.9
3055 150.95
3056 150.95
3057 151.1
3058 151.1
3059 151.1
3060 151.1
3061 151.1
3062 151.15
3063 151.15
3064 151.15
3065 151.15
3066 151.2
3067 151.25
3068 151.25
3069 151.25
3070 151.3
3071 151.35
3072 151.35
3073 151.45
3074 151.45
3075 151.45
3076 151.45
3077 151.5
3078 151.55
3079 151.55
3080 151.55
3081 151.6
3082 151.6
3083 151.6
3084 151.6
3085 151.6
3086 151.6
3087 151.65
3088 151.65
3089 151.7
3090 151.7
3091 151.75
3092 151.75
3093 151.8
3094 151.9
3095 151.9
3096 151.9
3097 151.9
3098 151.9
3099 151.9
3100 152.05
3101 152.05
3102 152.05
3103 152.05
3104 152.05
3105 152.05
3106 152.05
3107 152.1
3108 152.1
3109 152.15
3110 152.15
3111 152.15
3112 152.15
3113 152.15
3114 152.15
3115 152.2
3116 152.3
3117 152.3
3118 152.3
3119 152.3
3120 152.3
3121 152.3
3122 152.3
3123 152.3
3124 152.3
3125 152.35
3126 152.35
3127 152.35
3128 152.35
3129 152.4
3130 152.45
3131 152.5
3132 152.55
3133 152.6
3134 152.65
3135 152.65
3136 152.7
3137 152.7
3138 152.75
3139 152.85
3140 152.85
3141 152.85
3142 152.95
3143 152.95
3144 153.0
3145 153.0
3146 153.0
3147 153.0
3148 153.0
3149 153.0
3150 153.0
3151 153.0
3152 153.05
3153 153.1
3154 153.1
3155 153.15
3156 153.15
3157 153.2
3158 153.2
3159 153.2
3160 153.25
3161 153.25
3162 153.25
3163 153.3
3164 153.3
3165 153.35
3166 153.35
3167 153.35
3168 153.4
3169 153.4
3170 153.45
3171 153.45
3172 153.45
3173 153.5
3174 153.5
3175 153.55
3176 153.55
3177 153.65
3178 153.65
3179 153.65
3180 153.65
3181 153.65
3182 153.65
3183 153.7
3184 153.7
3185 153.7
3186 153.7
3187 153.7
3188 153.7
3189 153.7
3190 153.7
3191 153.7
3192 153.7
3193 153.7
3194 153.75
3195 153.75
3196 153.85
3197 153.85
3198 153.85
3199 153.85
3200 154.05
3201 154.05
3202 154.05
3203 154.1
3204 154.1
3205 154.15
3206 154.15
3207 154.15
3208 154.15
3209 154.15
3210 154.15
3211 154.15
3212 154.25
3213 154.25
3214 154.25
3215 154.25
3216 154.3
3217 154.3
3218 154.4
3219 154.4
3220 154.4
3221 154.4
3222 154.45
3223 154.5
3224 154.5
3225 154.5
3226 154.5
3227 154.5
3228 154.5
3229 154.55
3230 154.55
3231 154.55
3232 154.7
3233 154.7
3234 154.7
3235 154.75
3236 154.8
3237 154.8
3238 154.9
3239 154.9
3240 155.0
3241 155.0
3242 155.05
3243 155.05
3244 155.05
3245 155.15
3246 155.15
3247 155.15
3248 155.15
3249 155.15
3250 155.25
3251 155.3
3252 155.35
3253 155.35
3254 155.4
3255 155.5
3256 155.6
3257 155.6
3258 155.6
3259 155.6
3260 155.6
3261 155.6
3262 155.6
3263 155.6
3264 155.6
3265 155.65
3266 155.65
3267 155.65
3268 155.65
3269 155.65
3270 155.7
3271 155.7
3272 155.8
3273 155.8
3274 155.8
3275 155.85
3276 155.85
3277 155.85
3278 155.85
3279 155.9
3280 155.9
3281 155.9
3282 155.95
3283 156.0
3284 156.1
3285 156.2
3286 156.2
3287 156.2
3288 156.2
3289 156.2
3290 156.25
3291 156.25
3292 156.35
3293 156.4
3294 156.4
3295 156.4
3296 156.4
3297 156.4
3298 156.4
3299 156.4
3300 156.4
3301 156.45
3302 156.45
3303 156.5
3304 156.5
3305 156.5
3306 156.5
3307 156.55
3308 156.55
3309 156.65
3310 156.65
3311 156.65
3312 156.65
3313 156.7
3314 156.7
3315 156.7
3316 156.7
3317 156.7
3318 156.7
3319 156.7
3320 156.75
3321 156.75
3322 156.75
3323 156.75
3324 156.75
3325 156.75
3326 156.75
3327 156.75
3328 156.8
3329 156.8
3330 156.85
3331 156.85
3332 156.85
3333 156.9
3334 156.9
3335 156.9
3336 156.9
3337 156.95
3338 157.0
3339 157.0
3340 157.0
3341 157.0
3342 157.0
3343 157.0
3344 157.0
3345 157.0
3346 157.0
3347 157.0
3348 157.1
3349 157.1
3350 157.1
3351 157.2
3352 157.2
3353 157.25
3354 157.25
3355 157.25
3356 157.25
3357 157.25
3358 157.3
3359 157.3
3360 157.3
3361 157.3
3362 157.3
3363 157.35
3364 157.35
3365 157.35
3366 157.35
3367 157.4
3368 157.4
3369 157.5
3370 157.5
3371 157.5
3372 157.5
3373 157.5
3374 157.6
3375 157.6
3376 157.6
3377 157.6
3378 157.7
3379 157.7
3380 157.75
3381 157.8
3382 157.8
3383 157.8
3384 157.8
3385 157.8
3386 157.8
3387 157.85
3388 157.85
3389 157.95
3390 157.95
3391 158.0
3392 158.0
3393 158.15
3394 158.15
3395 158.15
3396 158.2
3397 158.2
3398 158.2
3399 158.25
3400 158.25
3401 158.3
3402 158.3
3403 158.3
3404 158.3
3405 158.3
3406 158.3
3407 158.3
3408 158.35
3409 158.4
3410 158.4
3411 158.45
3412 158.45
3413 158.45
3414 158.45
3415 158.45
3416 158.5
3417 158.5
3418 158.5
3419 158.6
3420 158.65
3421 158.65
3422 158.65
3423 158.65
3424 158.65
3425 158.7
3426 158.7
3427 158.7
3428 158.7
3429 158.7
3430 158.7
3431 158.7
3432 158.7
3433 158.7
3434 158.75
3435 158.75
3436 158.75
3437 158.75
3438 158.75
3439 158.75
3440 158.85
3441 158.85
3442 158.85
3443 158.85
3444 158.85
3445 158.95
3446 158.95
3447 159.0
3448 159.0
3449 159.0
3450 159.0
3451 159.0
3452 159.0
3453 159.0
3454 159.0
3455 159.0
3456 159.0
3457 159.0
3458 159.0
3459 159.0
3460 159.1
3461 159.1
3462 159.1
3463 159.15
3464 159.15
3465 159.15
3466 159.15
3467 159.15
3468 159.15
3469 159.2
3470 159.2
3471 159.35
3472 159.5
3473 159.5
3474 159.5
3475 159.5
3476 159.5
3477 159.55
3478 159.55
3479 159.55
3480 159.6
3481 159.6
3482 159.7
3483 159.75
3484 159.85
3485 159.85
3486 159.85
3487 159.85
3488 159.85
3489 159.85
3490 159.85
3491 159.85
3492 159.85
3493 159.85
3494 159.85
3495 159.85
3496 159.85
3497 159.85
3498 159.85
3499 159.85
3500 159.9
3501 159.9
3502 159.9
3503 159.95
3504 160.0
3505 160.05
3506 160.05
3507 160.05
3508 160.05
3509 160.05
3510 160.05
3511 160.05
3512 160.05
3513 160.05
3514 160.05
3515 160.1
3516 160.1
3517 160.1
3518 160.1
3519 160.15
3520 160.15
3521 160.15
3522 160.15
3523 160.2
3524 160.25
3525 160.3
3526 160.3
3527 160.3
3528 160.3
3529 160.3
3530 160.3
3531 160.3
3532 160.3
3533 160.3
3534 160.3
3535 160.3
3536 160.3
3537 160.3
3538 160.3
3539 160.3
3540 160.3
3541 160.3
3542 160.3
3543 160.45
3544 160.45
3545 160.45
3546 160.5
3547 160.5
3548 160.5
3549 160.5
3550 160.5
3551 160.5
3552 160.55
3553 160.7
3554 160.7
3555 160.7
3556 160.7
3557 160.7
3558 160.7
3559 160.7
3560 160.75
3561 160.8
3562 160.85
3563 160.9
3564 160.9
3565 160.9
3566 160.9
3567 160.9
3568 160.9
3569 161.0
3570 161.0
3571 161.0
3572 161.05
3573 161.05
3574 161.15
3575 161.2
3576 161.25
3577 161.25
3578 161.25
3579 161.25
3580 161.25
3581 161.25
3582 161.25
3583 161.25
3584 161.25
3585 161.3
3586 161.35
3587 161.4
3588 161.45
3589 161.55
3590 161.55
3591 161.55
3592 161.55
3593 161.6
3594 161.6
3595 161.6
3596 161.6
3597 161.6
3598 161.6
3599 161.6
3600 161.6
3601 161.7
3602 161.75
3603 161.75
3604 161.75
3605 161.8
3606 161.85
3607 161.85
3608 161.85
3609 161.85
3610 161.85
3611 161.85
3612 161.85
3613 161.85
3614 161.9
3615 162.0
3616 162.0
3617 162.0
3618 162.05
3619 162.05
3620 162.05
3621 162.05
3622 162.05
3623 162.05
3624 162.05
3625 162.05
3626 162.05
3627 162.05
3628 162.05
3629 162.05
3630 162.05
3631 162.05
3632 162.05
3633 162.05
3634 162.1
3635 162.1
3636 162.1
3637 162.1
3638 162.1
3639 162.1
3640 162.15
3641 162.15
3642 162.15
3643 162.25
3644 162.25
3645 162.25
3646 162.3
3647 162.3
3648 162.3
3649 162.3
3650 162.3
3651 162.3
3652 162.35
3653 162.4
3654 162.4
3655 162.4
3656 162.4
3657 162.4
3658 162.4
3659 162.4
3660 162.55
3661 162.6
3662 162.6
3663 162.6
3664 162.6
3665 162.6
3666 162.6
3667 162.6
3668 162.65
3669 162.65
3670 162.65
3671 162.7
3672 162.7
3673 162.7
3674 162.7
3675 162.7
3676 162.7
3677 162.7
3678 162.75
3679 162.8
3680 162.8
3681 162.8
3682 162.8
3683 162.8
3684 162.8
3685 162.8
3686 162.8
3687 162.8
3688 162.8
3689 162.8
3690 162.8
3691 162.8
3692 162.8
3693 162.8
3694 162.8
3695 162.8
3696 162.85
3697 162.85
3698 162.85
3699 163.0
3700 163.0
3701 163.05
3702 163.1
3703 163.1
3704 163.1
3705 163.15
3706 163.2
3707 163.25
3708 163.25
3709 163.25
3710 163.25
3711 163.25
3712 163.35
3713 163.35
3714 163.35
3715 163.35
3716 163.35
3717 163.4
3718 163.45
3719 163.45
3720 163.45
3721 163.45
3722 163.45
3723 163.45
3724 163.45
3725 163.5
3726 163.5
3727 163.5
3728 163.6
3729 163.6
3730 163.65
3731 163.65
3732 163.7
3733 163.7
3734 163.75
3735 163.75
3736 163.8
3737 163.8
3738 163.8
3739 163.8
3740 163.8
3741 163.8
3742 163.8
3743 163.8
3744 163.8
3745 163.85
3746 163.85
3747 163.85
3748 163.85
3749 163.85
3750 163.85
3751 163.85
3752 163.9
3753 163.9
3754 163.9
3755 163.9
3756 163.9
3757 163.9
3758 163.9
3759 163.9
3760 164.0
3761 164.0
3762 164.0
3763 164.0
3764 164.05
3765 164.05
3766 164.05
3767 164.05
3768 164.05
3769 164.05
3770 164.05
3771 164.05
3772 164.05
3773 164.05
3774 164.05
3775 164.05
3776 164.1
3777 164.1
3778 164.1
3779 164.1
3780 164.15
3781 164.15
3782 164.15
3783 164.15
3784 164.15
3785 164.2
3786 164.25
3787 164.25
3788 164.25
3789 164.25
3790 164.25
3791 164.25
3792 164.3
3793 164.3
3794 164.35
3795 164.35
3796 164.35
3797 164.45
3798 164.5
3799 164.5
3800 164.5
3801 164.5
3802 164.5
3803 164.5
3804 164.5
3805 164.5
3806 164.5
3807 164.5
3808 164.5
3809 164.5
3810 164.5
3811 164.5
3812 164.5
3813 164.5
3814 164.5
3815 164.5
3816 164.5
3817 164.5
3818 164.6
3819 164.65
3820 164.65
3821 164.65
3822 164.65
3823 164.65
3824 164.65
3825 164.65
3826 164.65
3827 164.7
3828 164.7
3829 164.7
3830 164.7
3831 164.75
3832 164.8
3833 164.8
3834 164.8
3835 164.85
3836 164.85
3837 164.85
3838 164.85
3839 164.85
3840 164.85
3841 164.85
3842 164.85
3843 164.85
3844 164.85
3845 164.85
3846 164.85
3847 164.85
3848 164.85
3849 164.9
3850 164.9
3851 164.9
3852 164.9
3853 164.95
3854 165.1
3855 165.1
3856 165.1
3857 165.1
3858 165.1
3859 165.1
3860 165.15
3861 165.15
3862 165.15
3863 165.2
3864 165.2
3865 165.2
3866 165.2
3867 165.25
3868 165.25
3869 165.25
3870 165.25
3871 165.25
3872 165.3
3873 165.3
3874 165.3
3875 165.3
3876 165.3
3877 165.3
3878 165.3
3879 165.3
3880 165.3
3881 165.3
3882 165.3
3883 165.3
3884 165.35
3885 165.35
3886 165.35
3887 165.35
3888 165.35
3889 165.35
3890 165.35
3891 165.5
3892 165.5
3893 165.5
3894 165.55
3895 165.55
3896 165.65
3897 165.65
3898 165.65
3899 165.65
3900 165.65
3901 165.65
3902 165.65
3903 165.7
3904 165.85
3905 165.85
3906 165.85
3907 165.85
3908 165.85
3909 165.85
3910 165.85
3911 165.85
3912 165.85
3913 165.85
3914 165.85
3915 165.85
3916 165.85
3917 165.85
3918 165.9
3919 165.95
3920 165.95
3921 165.95
3922 165.95
3923 165.95
3924 165.95
3925 166.0
3926 166.05
3927 166.1
3928 166.1
3929 166.1
3930 166.1
3931 166.15
3932 166.2
3933 166.2
3934 166.2
3935 166.2
3936 166.2
3937 166.25
3938 166.25
3939 166.25
3940 166.25
3941 166.3
3942 166.3
3943 166.3
3944 166.35
3945 166.35
3946 166.35
3947 166.35
3948 166.35
3949 166.4
3950 166.4
3951 166.4
3952 166.4
3953 166.4
3954 166.45
3955 166.45
3956 166.6
3957 166.6
3958 166.6
3959 166.6
3960 166.6
3961 166.6
3962 166.6
3963 166.6
3964 166.6
3965 166.65
3966 166.65
3967 166.65
3968 166.65
3969 166.65
3970 166.7
3971 166.7
3972 166.7
3973 166.75
3974 166.75
3975 166.75
3976 166.75
3977 166.75
3978 166.8
3979 166.8
3980 166.8
3981 166.85
3982 166.95
3983 167.0
3984 167.0
3985 167.0
3986 167.05
3987 167.05
3988 167.05
3989 167.05
3990 167.05
3991 167.05
3992 167.1
3993 167.1
3994 167.15
3995 167.15
3996 167.15
3997 167.15
3998 167.2
3999 167.2
