#iterations fitness
0 0.0
1 0.1
2 0.25
3 0.55
4 0.65
5 0.65
6 0.75
7 0.8
8 0.85
9 1.1
10 1.1
11 1.1
12 1.35
13 1.5
14 1.55
15 1.65
16 1.75
17 1.85
18 1.95
19 2.2
20 2.2
21 2.4
22 2.5
23 2.5
24 2.65
25 2.75
26 2.85
27 2.9
28 2.95
29 3.2
30 3.25
31 3.25
32 3.45
33 3.6
34 3.7
35 3.95
36 3.95
37 3.95
38 4.05
39 4.1
40 4.15
41 4.3
42 4.35
43 4.55
44 4.7
45 4.7
46 4.85
47 4.95
48 5.1
49 5.15
50 5.3
51 5.5
52 5.6
53 5.6
54 5.75
55 5.9
56 6.1
57 6.15
58 6.25
59 6.25
60 6.3
61 6.3
62 6.65
63 6.65
64 6.7
65 6.85
66 7.05
67 7.15
68 7.2
69 7.2
70 7.4
71 7.55
72 7.7
73 7.7
74 7.8
75 7.85
76 7.9
77 8.0
78 8.25
79 8.25
80 8.3
81 8.55
82 8.6
83 8.6
84 8.7
85 8.75
86 8.85
87 8.9
88 8.9
89 9.0
90 9.0
91 9.0
92 9.0
93 9.05
94 9.15
95 9.25
96 9.3
97 9.3
98 9.4
99 9.65
100 9.7
101 9.8
102 9.85
103 9.95
104 10.0
105 10.15
106 10.3
107 10.35
108 10.4
109 10.45
110 10.55
111 10.65
112 10.7
113 10.95
114 11.4
115 11.4
116 11.4
117 11.55
118 11.6
119 11.75
120 11.8
121 11.8
122 11.85
123 12.1
124 12.1
125 12.25
126 12.25
127 12.25
128 12.4
129 12.4
130 12.4
131 12.5
132 12.7
133 12.9
134 12.9
135 13.05
136 13.1
137 13.15
138 13.2
139 13.25
140 13.5
141 13.55
142 13.55
143 13.8
144 13.8
145 13.85
146 13.95
147 14.0
148 14.15
149 14.15
150 14.25
151 14.35
152 14.4
153 14.5
154 14.5
155 14.65
156 14.8
157 15.05
158 15.1
159 15.15
160 15.15
161 15.15
162 15.15
163 15.15
164 15.15
165 15.2
166 15.3
167 15.5
168 15.5
169 15.55
170 15.55
171 15.8
172 15.9
173 15.9
174 16.0
175 16.4
176 16.4
177 16.4
178 16.4
179 16.4
180 16.5
181 16.5
182 16.5
183 16.5
184 16.55
185 16.6
186 16.6
187 16.7
188 16.75
189 16.8
190 16.9
191 16.95
192 17.1
193 17.1
194 17.1
195 17.15
196 17.25
197 17.25
198 17.45
199 17.65
200 17.7
201 17.85
202 17.9
203 18.15
204 18.25
205 18.35
206 18.35
207 18.35
208 18.4
209 18.5
210 18.55
211 18.65
212 18.65
213 18.65
214 18.65
215 18.65
216 18.65
217 18.7
218 18.75
219 18.75
220 18.75
221 18.8
222 18.9
223 18.9
224 19.05
225 19.1
226 19.1
227 19.1
228 19.1
229 19.35
230 19.45
231 19.45
232 19.45
233 19.5
234 19.65
235 19.65
236 19.7
237 19.75
238 19.85
239 19.9
240 19.9
241 19.95
242 20.25
243 20.25
244 20.45
245 20.45
246 20.5
247 20.5
248 20.55
249 20.6
250 20.6
251 20.6
252 20.6
253 20.8
254 20.9
255 21.0
256 21.1
257 21.1
258 21.2
259 21.4
260 21.45
261 21.6
262 21.6
263 21.6
264 21.7
265 21.75
266 21.75
267 21.85
268 21.85
269 21.85
270 21.95
271 21.95
272 21.95
273 22.15
274 22.15
275 22.3
276 22.3
277 22.4
278 22.55
279 22.55
280 22.65
281 22.65
282 22.75
283 22.75
284 22.8
285 22.8
286 22.8
287 22.85
288 23.05
289 23.25
290 23.25
291 23.5
292 23.5
293 23.6
294 23.6
295 23.85
296 24.1
297 24.1
298 24.2
299 24.35
300 24.45
301 24.5
302 24.6
303 24.7
304 24.75
305 24.8
306 24.95
307 25.0
308 25.1
309 25.15
310 25.2
311 25.25
312 25.3
313 25.4
314 25.5
315 25.5
316 25.75
317 25.85
318 25.9
319 25.95
320 25.95
321 26.1
322 26.15
323 26.45
324 26.45
325 26.65
326 26.65
327 26.65
328 26.85
329 26.85
330 26.95
331 27.0
332 27.05
333 27.15
334 27.25
335 27.35
336 27.5
337 27.5
338 27.55
339 27.65
340 27.75
341 27.9
342 27.9
343 27.9
344 28.1
345 28.1
346 28.25
347 28.4
348 28.45
349 28.5
350 28.7
351 28.75
352 28.9
353 28.9
354 28.95
355 28.95
356 28.95
357 28.95
358 28.95
359 29.0
360 29.05
361 29.05
362 29.05
363 29.05
364 29.05
365 29.25
366 29.4
367 29.4
368 29.4
369 29.4
370 29.55
371 29.65
372 29.75
373 29.8
374 29.8
375 29.85
376 29.95
377 30.15
378 30.3
379 30.45
380 30.6
381 30.75
382 30.8
383 30.9
384 30.9
385 30.95
386 31.0
387 31.05
388 31.05
389 31.2
390 31.2
391 31.25
392 31.25
393 31.35
394 31.35
395 31.35
396 31.4
397 31.45
398 31.5
399 31.55
400 31.65
401 31.7
402 31.7
403 31.7
404 31.75
405 31.9
406 31.95
407 31.95
408 32.1
409 32.2
410 32.25
411 32.25
412 32.25
413 32.3
414 32.3
415 32.3
416 32.35
417 32.4
418 32.6
419 32.6
420 32.65
421 32.7
422 32.7
423 32.75
424 32.75
425 32.85
426 32.95
427 32.95
428 33.0
429 33.0
430 33.1
431 33.1
432 33.1
433 33.35
434 33.4
435 33.6
436 33.6
437 33.75
438 33.8
439 33.8
440 33.85
441 34.0
442 34.0
443 34.05
444 34.1
445 34.25
446 34.25
447 34.25
448 34.55
449 34.65
450 34.65
451 34.65
452 34.7
453 34.8
454 34.8
455 34.95
456 35.05
457 35.05
458 35.1
459 35.25
460 35.3
461 35.3
462 35.3
463 35.35
464 35.45
465 35.45
466 35.6
467 35.75
468 35.8
469 35.85
470 35.85
471 35.85
472 35.9
473 35.95
474 35.95
475 36.0
476 36.05
477 36.05
478 36.05
479 36.25
480 36.4
481 36.65
482 36.9
483 37.1
484 37.25
485 37.25
486 37.45
487 37.45
488 37.5
489 37.7
490 37.7
491 37.7
492 37.8
493 37.9
494 37.9
495 37.9
496 37.9
497 38.05
498 38.15
499 38.2
500 38.35
501 38.6
502 38.7
503 38.7
504 38.75
505 38.75
506 38.75
507 38.85
508 38.85
509 39.0
510 39.0
511 39.1
512 39.1
513 39.15
514 39.15
515 39.15
516 39.25
517 39.35
518 39.55
519 39.65
520 39.7
521 39.75
522 39.75
523 39.85
524 39.85
525 39.85
526 39.9
527 39.95
528 39.95
529 39.95
530 40.1
531 40.1
532 40.15
533 40.4
534 40.45
535 40.45
536 40.45
537 40.45
538 40.45
539 40.45
540 40.45
541 40.45
542 40.45
543 40.45
544 40.45
545 40.6
546 40.6
547 40.6
548 40.7
549 40.85
550 40.85
551 40.9
552 40.9
553 40.9
554 40.9
555 40.9
556 41.0
557 41.1
558 41.15
559 41.35
560 41.35
561 41.45
562 41.45
563 41.45
564 41.45
565 41.55
566 41.6
567 41.65
568 41.8
569 41.85
570 41.85
571 41.85
572 42.05
573 42.15
574 42.2
575 42.3
576 42.45
577 42.45
578 42.5
579 42.75
580 42.8
581 42.8
582 42.9
583 42.95
584 43.0
585 43.0
586 43.1
587 43.1
588 43.3
589 43.5
590 43.55
591 43.6
592 43.65
593 43.65
594 43.65
595 43.85
596 44.0
597 44.0
598 44.0
599 44.05
600 44.15
601 44.2
602 44.25
603 44.35
604 44.35
605 44.4
606 44.45
607 44.7
608 44.8
609 44.85
610 44.85
611 44.9
612 44.9
613 44.9
614 44.95
615 45.05
616 45.05
617 45.1
618 45.15
619 45.15
620 45.15
621 45.45
622 45.5
623 45.5
624 45.55
625 45.55
626 45.8
627 45.85
628 45.95
629 45.95
630 46.2
631 46.3
632 46.65
633 46.7
634 46.7
635 46.85
636 46.85
637 46.85
638 46.85
639 46.95
640 46.95
641 47.0
642 47.0
643 47.0
644 47.05
645 47.15
646 47.2
647 47.25
648 47.3
649 47.3
650 47.4
651 47.4
652 47.45
653 47.6
654 47.75
655 47.95
656 48.15
657 48.2
658 48.3
659 48.3
660 48.35
661 48.5
662 48.5
663 48.5
664 48.6
665 48.6
666 48.6
667 48.65
668 48.75
669 48.8
670 48.8
671 48.8
672 48.85
673 48.85
674 48.9
675 49.0
676 49.1
677 49.1
678 49.15
679 49.35
680 49.4
681 49.45
682 49.55
683 49.55
684 49.75
685 49.8
686 50.05
687 50.05
688 50.15
689 50.15
690 50.15
691 50.15
692 50.15
693 50.3
694 50.3
695 50.45
696 50.5
697 50.65
698 50.65
699 50.7
700 50.7
701 50.75
702 50.75
703 50.8
704 50.8
705 50.8
706 50.8
707 50.8
708 50.95
709 50.95
710 51.1
711 51.1
712 51.2
713 51.35
714 51.35
715 51.35
716 51.45
717 51.5
718 51.5
719 51.5
720 51.5
721 51.5
722 51.6
723 51.75
724 51.75
725 51.75
726 51.8
727 51.85
728 51.9
729 51.9
730 51.95
731 52.15
732 52.15
733 52.15
734 52.15
735 52.25
736 52.25
737 52.25
738 52.3
739 52.35
740 52.35
741 52.35
742 52.4
743 52.4
744 52.5
745 52.7
746 52.7
747 52.75
748 52.75
749 52.75
750 52.8
751 52.8
752 52.9
753 52.95
754 52.95
755 53.05
756 53.1
757 53.1
758 53.25
759 53.3
760 53.35
761 53.35
762 53.6
763 53.7
764 53.85
765 53.85
766 53.9
767 53.95
768 53.95
769 54.2
770 54.2
771 54.25
772 54.35
773 54.4
774 54.4
775 54.4
776 54.4
777 54.4
778 54.45
779 54.6
780 54.65
781 54.8
782 54.8
783 54.85
784 54.85
785 54.9
786 54.9
787 55.05
788 55.05
789 55.05
790 55.1
791 55.1
792 55.1
793 55.2
794 55.2
795 55.2
796 55.3
797 55.3
798 55.3
799 55.45
800 55.45
801 55.5
802 55.55
803 55.6
804 55.65
805 55.7
806 55.7
807 55.7
808 55.75
809 55.75
810 55.75
811 55.9
812 56.0
813 56.15
814 56.15
815 56.15
816 56.3
817 56.35
818 56.45
819 56.55
820 56.55
821 56.55
822 56.6
823 56.65
824 56.85
825 56.95
826 57.1
827 57.1
828 57.2
829 57.3
830 57.4
831 57.4
832 57.4
833 57.4
834 57.4
835 57.45
836 57.5
837 57.55
838 57.6
839 57.65
840 57.75
841 57.85
842 57.9
843 57.95
844 58.1
845 58.15
846 58.25
847 58.3
848 58.3
849 58.35
850 58.45
851 58.6
852 58.6
853 58.75
854 58.75
855 58.75
856 58.75
857 58.9
858 58.95
859 59.0
860 59.0
861 59.1
862 59.15
863 59.15
864 59.15
865 59.2
866 59.2
867 59.25
868 59.35
869 59.35
870 59.35
871 59.35
872 59.35
873 59.55
874 59.55
875 59.6
876 59.6
877 59.65
878 59.7
879 59.7
880 59.75
881 59.75
882 59.75
883 60.05
884 60.1
885 60.1
886 60.15
887 60.4
888 60.4
889 60.4
890 60.5
891 60.5
892 60.55
893 60.55
894 60.6
895 60.65
896 60.7
897 60.7
898 60.7
899 60.7
900 60.9
901 61.0
902 61.05
903 61.1
904 61.2
905 61.25
906 61.3
907 61.3
908 61.45
909 61.5
910 61.55
911 61.55
912 61.75
913 61.9
914 61.9
915 62.0
916 62.0
917 62.0
918 62.0
919 62.05
920 62.05
921 62.1
922 62.2
923 62.4
924 62.4
925 62.45
926 62.55
927 62.6
928 62.7
929 62.7
930 62.7
931 62.7
932 62.7
933 62.7
934 62.75
935 62.75
936 62.75
937 62.95
938 63.0
939 63.05
940 63.1
941 63.15
942 63.2
943 63.2
944 63.3
945 63.35
946 63.45
947 63.45
948 63.45
949 63.45
950 63.45
951 63.45
952 63.5
953 63.6
954 63.65
955 63.75
956 63.75
957 63.75
958 64.1
959 64.15
960 64.15
961 64.15
962 64.2
963 64.25
964 64.25
965 64.25
966 64.25
967 64.25
968 64.25
969 64.3
970 64.35
971 64.35
972 64.4
973 64.45
974 64.5
975 64.6
976 64.6
977 64.6
978 64.75
979 64.85
980 64.85
981 65.0
982 65.05
983 65.05
984 65.05
985 65.1
986 65.2
987 65.2
988 65.2
989 65.25
990 65.25
991 65.35
992 65.35
993 65.5
994 65.5
995 65.65
996 65.65
997 65.65
998 65.65
999 65.65
1000 65.85
1001 65.95
1002 66.05
1003 66.05
1004 66.05
1005 66.05
1006 66.1
1007 66.1
1008 66.15
1009 66.15
1010 66.2
1011 66.3
1012 66.4
1013 66.45
1014 66.6
1015 66.6
1016 66.65
1017 66.7
1018 66.75
1019 66.75
1020 66.8
1021 66.8
1022 66.8
1023 66.9
1024 66.9
1025 66.9
1026 66.9
1027 66.9
1028 67.15
1029 67.2
1030 67.2
1031 67.3
1032 67.3
1033 67.3
1034 67.35
1035 67.45
1036 67.45
1037 67.45
1038 67.5
1039 67.55
1040 67.6
1041 67.6
1042 67.7
1043 67.85
1044 67.85
1045 67.85
1046 67.95
1047 68.05
1048 68.05
1049 68.15
1050 68.15
1051 68.2
1052 68.2
1053 68.2
1054 68.25
1055 68.4
1056 68.45
1057 68.55
1058 68.6
1059 68.65
1060 68.7
1061 68.9
1062 68.95
1063 69.05
1064 69.05
1065 69.05
1066 69.05
1067 69.05
1068 69.05
1069 69.05
1070 69.05
1071 69.15
1072 69.2
1073 69.25
1074 69.3
1075 69.4
1076 69.4
1077 69.45
1078 69.45
1079 69.5
1080 69.6
1081 69.6
1082 69.6
1083 69.6
1084 69.6
1085 69.6
1086 69.6
1087 69.65
1088 69.65
1089 69.65
1090 69.75
1091 69.8
1092 69.9
1093 69.9
1094 69.95
1095 70.0
1096 70.1
1097 70.1
1098 70.2
1099 70.25
1100 70.25
1101 70.25
1102 70.25
1103 70.25
1104 70.3
1105 70.3
1106 70.3
1107 70.3
1108 70.3
1109 70.35
1110 70.45
1111 70.45
1112 70.5
1113 70.6
1114 70.6
1115 70.6
1116 70.7
1117 70.95
1118 70.95
1119 70.95
1120 71.05
1121 71.25
1122 71.35
1123 71.35
1124 71.35
1125 71.45
1126 71.45
1127 71.45
1128 71.45
1129 71.6
1130 71.7
1131 71.7
1132 71.7
1133 71.7
1134 71.8
1135 71.8
1136 72.0
1137 72.0
1138 72.05
1139 72.05
1140 72.15
1141 72.2
1142 72.2
1143 72.2
1144 72.35
1145 72.35
1146 72.45
1147 72.5
1148 72.5
1149 72.5
1150 72.7
1151 72.75
1152 72.8
1153 72.8
1154 72.8
1155 72.9
1156 72.95
1157 73.15
1158 73.45
1159 73.5
1160 73.5
1161 73.5
1162 73.6
1163 73.65
1164 73.65
1165 73.7
1166 73.7
1167 73.7
1168 73.7
1169 73.85
1170 73.85
1171 73.95
1172 73.95
1173 73.95
1174 73.95
1175 73.95
1176 74.05
1177 74.15
1178 74.25
1179 74.35
1180 74.45
1181 74.45
1182 74.45
1183 74.45
1184 74.45
1185 74.55
1186 74.55
1187 74.55
1188 74.6
1189 74.7
1190 74.75
1191 74.8
1192 74.9
1193 74.9
1194 74.9
1195 75.0
1196 75.1
1197 75.1
1198 75.2
1199 75.2
1200 75.25
1201 75.25
1202 75.25
1203 75.3
1204 75.35
1205 75.5
1206 75.5
1207 75.7
1208 75.7
1209 75.8
1210 75.95
1211 75.95
1212 76.25
1213 76.35
1214 76.5
1215 76.55
1216 76.65
1217 76.65
1218 76.65
1219 76.75
1220 76.8
1221 76.85
1222 77.1
1223 77.1
1224 77.15
1225 77.25
1226 77.25
1227 77.25
1228 77.45
1229 77.55
1230 77.55
1231 77.55
1232 77.55
1233 77.55
1234 77.55
1235 77.55
1236 77.55
1237 77.6
1238 77.65
1239 77.7
1240 77.7
1241 77.7
1242 77.75
1243 77.75
1244 77.8
1245 77.8
1246 77.8
1247 77.9
1248 78.05
1249 78.1
1250 78.15
1251 78.15
1252 78.25
1253 78.25
1254 78.3
1255 78.35
1256 78.35
1257 78.5
1258 78.5
1259 78.55
1260 78.65
1261 78.75
1262 78.75
1263 78.75
1264 78.75
1265 78.85
1266 78.95
1267 79.05
1268 79.1
1269 79.15
1270 79.3
1271 79.3
1272 79.35
1273 79.4
1274 79.45
1275 79.45
1276 79.45
1277 79.55
1278 79.55
1279 79.65
1280 79.7
1281 79.75
1282 79.75
1283 79.75
1284 79.85
1285 79.85
1286 79.9
1287 79.95
1288 79.95
1289 79.95
1290 79.95
1291 80.0
1292 80.1
1293 80.1
1294 80.1
1295 80.15
1296 80.15
1297 80.15
1298 80.25
1299 80.25
1300 80.25
1301 80.25
1302 80.35
1303 80.45
1304 80.45
1305 80.5
1306 80.5
1307 80.5
1308 80.55
1309 80.65
1310 80.65
1311 80.8
1312 80.85
1313 80.9
1314 80.9
1315 81.0
1316 81.15
1317 81.15
1318 81.15
1319 81.2
1320 81.3
1321 81.3
1322 81.3
1323 81.45
1324 81.55
1325 81.6
1326 81.65
1327 81.75
1328 81.8
1329 81.95
1330 82.0
1331 82.05
1332 82.05
1333 82.1
1334 82.15
1335 82.15
1336 82.15
1337 82.2
1338 82.25
1339 82.25
1340 82.3
1341 82.35
1342 82.5
1343 82.6
1344 82.65
1345 82.65
1346 82.7
1347 82.75
1348 82.8
1349 82.8
1350 82.85
1351 82.9
1352 82.95
1353 83.1
1354 83.1
1355 83.2
1356 83.25
1357 83.45
1358 83.5
1359 83.55
1360 83.55
1361 83.55
1362 83.8
1363 83.8
1364 83.8
1365 83.85
1366 83.85
1367 83.9
1368 84.0
1369 84.0
1370 84.0
1371 84.0
1372 84.0
1373 84.05
1374 84.15
1375 84.2
1376 84.3
1377 84.35
1378 84.45
1379 84.55
1380 84.6
1381 84.6
1382 84.65
1383 84.65
1384 84.7
1385 84.8
1386 84.85
1387 84.85
1388 84.9
1389 84.95
1390 84.95
1391 84.95
1392 84.95
1393 85.05
1394 85.05
1395 85.1
1396 85.25
1397 85.45
1398 85.45
1399 85.45
1400 85.6
1401 85.6
1402 85.6
1403 85.65
1404 85.7
1405 85.8
1406 85.9
1407 85.9
1408 85.9
1409 85.9
1410 86.0
1411 86.0
1412 86.0
1413 86.05
1414 86.05
1415 86.15
1416 86.15
1417 86.2
1418 86.25
1419 86.25
1420 86.35
1421 86.5
1422 86.5
1423 86.5
1424 86.5
1425 86.55
1426 86.55
1427 86.6
1428 86.7
1429 86.9
1430 86.9
1431 86.9
1432 86.9
1433 86.95
1434 87.0
1435 87.05
1436 87.1
1437 87.1
1438 87.25
1439 87.3
1440 87.45
1441 87.55
1442 87.55
1443 87.65
1444 87.65
1445 87.65
1446 87.65
1447 87.65
1448 87.75
1449 87.85
1450 87.85
1451 87.85
1452 87.9
1453 87.95
1454 88.05
1455 88.05
1456 88.1
1457 88.15
1458 88.25
1459 88.35
1460 88.4
1461 88.45
1462 88.45
1463 88.55
1464 88.6
1465 88.65
1466 88.7
1467 88.8
1468 88.9
1469 88.9
1470 88.9
1471 88.95
1472 88.95
1473 88.95
1474 89.0
1475 89.0
1476 89.0
1477 89.05
1478 89.2
1479 89.2
1480 89.25
1481 89.4
1482 89.4
1483 89.4
1484 89.4
1485 89.4
1486 89.6
1487 89.65
1488 89.65
1489 89.75
1490 89.8
1491 89.85
1492 90.0
1493 90.1
1494 90.1
1495 90.15
1496 90.25
1497 90.3
1498 90.3
1499 90.35
1500 90.4
1501 90.4
1502 90.4
1503 90.4
1504 90.45
1505 90.55
1506 90.55
1507 90.55
1508 90.6
1509 90.6
1510 90.6
1511 90.6
1512 90.65
1513 90.75
1514 90.75
1515 90.8
1516 90.85
1517 90.9
1518 90.9
1519 90.95
1520 91.05
1521 91.05
1522 91.05
1523 91.05
1524 91.2
1525 91.3
1526 91.3
1527 91.35
1528 91.35
1529 91.35
1530 91.4
1531 91.4
1532 91.45
1533 91.5
1534 91.55
1535 91.55
1536 91.65
1537 91.65
1538 91.65
1539 91.7
1540 91.8
1541 91.8
1542 91.85
1543 91.85
1544 91.85
1545 91.85
1546 92.0
1547 92.05
1548 92.05
1549 92.05
1550 92.1
1551 92.1
1552 92.1
1553 92.1
1554 92.1
1555 92.1
1556 92.1
1557 92.25
1558 92.4
1559 92.45
1560 92.55
1561 92.6
1562 92.6
1563 92.6
1564 92.65
1565 92.8
1566 92.8
1567 92.85
1568 92.9
1569 92.9
1570 92.95
1571 92.95
1572 93.0
1573 93.15
1574 93.15
1575 93.15
1576 93.15
1577 93.15
1578 93.15
1579 93.2
1580 93.25
1581 93.25
1582 93.25
1583 93.25
1584 93.25
1585 93.25
1586 93.3
1587 93.3
1588 93.4
1589 93.45
1590 93.45
1591 93.45
1592 93.5
1593 93.5
1594 93.65
1595 93.7
1596 93.75
1597 93.85
1598 93.85
1599 93.95
1600 93.95
1601 94.0
1602 94.05
1603 94.05
1604 94.1
1605 94.25
1606 94.25
1607 94.25
1608 94.25
1609 94.25
1610 94.25
1611 94.25
1612 94.35
1613 94.35
1614 94.35
1615 94.35
1616 94.4
1617 94.45
1618 94.45
1619 94.55
1620 94.6
1621 94.65
1622 94.7
1623 94.7
1624 94.75
1625 94.8
1626 94.8
1627 94.8
1628 94.8
1629 94.8
1630 94.85
1631 94.85
1632 94.9
1633 94.9
1634 94.95
1635 94.95
1636 95.1
1637 95.15
1638 95.2
1639 95.3
1640 95.35
1641 95.35
1642 95.4
1643 95.5
1644 95.55
1645 95.55
1646 95.6
1647 95.6
1648 95.6
1649 95.6
1650 95.65
1651 95.75
1652 95.8
1653 95.85
1654 95.85
1655 95.9
1656 95.95
1657 95.95
1658 96.05
1659 96.05
1660 96.1
1661 96.1
1662 96.1
1663 96.15
1664 96.15
1665 96.25
1666 96.3
1667 96.4
1668 96.4
1669 96.4
1670 96.4
1671 96.45
1672 96.45
1673 96.45
1674 96.45
1675 96.45
1676 96.45
1677 96.45
1678 96.5
1679 96.55
1680 96.6
1681 96.65
1682 96.7
1683 96.7
1684 96.85
1685 96.85
1686 96.85
1687 96.95
1688 96.95
1689 97.0
1690 97.0
1691 97.05
1692 97.1
1693 97.1
1694 97.1
1695 97.1
1696 97.1
1697 97.2
1698 97.2
1699 97.2
1700 97.2
1701 97.2
1702 97.2
1703 97.25
1704 97.4
1705 97.4
1706 97.55
1707 97.55
1708 97.65
1709 97.7
1710 97.7
1711 97.75
1712 97.8
1713 97.8
1714 97.85
1715 97.85
1716 97.95
1717 98.0
1718 98.0
1719 98.15
1720 98.15
1721 98.2
1722 98.2
1723 98.4
1724 98.4
1725 98.4
1726 98.5
1727 98.5
1728 98.5
1729 98.5
1730 98.5
1731 98.5
1732 98.55
1733 98.55
1734 98.6
1735 98.65
1736 98.75
1737 98.8
1738 98.85
1739 98.85
1740 98.85
1741 98.9
1742 98.9
1743 98.95
1744 99.0
1745 99.0
1746 99.05
1747 99.1
1748 99.15
1749 99.2
1750 99.2
1751 99.2
1752 99.2
1753 99.2
1754 99.25
1755 99.25
1756 99.4
1757 99.4
1758 99.4
1759 99.45
1760 99.6
1761 99.6
1762 99.7
1763 99.7
1764 99.7
1765 99.75
1766 99.85
1767 99.95
1768 100.0
1769 100.0
1770 100.0
1771 100.05
1772 100.1
1773 100.2
1774 100.25
1775 100.3
1776 100.4
1777 100.45
1778 100.45
1779 100.45
1780 100.45
1781 100.6
1782 100.75
1783 100.8
1784 100.85
1785 100.85
1786 100.95
1787 100.95
1788 100.95
1789 101.05
1790 101.1
1791 101.1
1792 101.2
1793 101.2
1794 101.2
1795 101.2
1796 101.2
1797 101.2
1798 101.2
1799 101.25
1800 101.25
1801 101.25
1802 101.3
1803 101.3
1804 101.3
1805 101.3
1806 101.4
1807 101.4
1808 101.4
1809 101.4
1810 101.45
1811 101.45
1812 101.5
1813 101.5
1814 101.5
1815 101.65
1816 101.65
1817 101.75
1818 101.75
1819 101.8
1820 101.8
1821 101.8
1822 101.8
1823 101.8
1824 101.9
1825 101.95
1826 101.95
1827 102.0
1828 102.0
1829 102.1
1830 102.2
1831 102.2
1832 102.2
1833 102.35
1834 102.35
1835 102.35
1836 102.5
1837 102.5
1838 102.5
1839 102.55
1840 102.6
1841 102.65
1842 102.65
1843 102.65
1844 102.65
1845 102.8
1846 102.8
1847 102.85
1848 102.85
1849 102.85
1850 102.85
1851 102.9
1852 102.95
1853 103.0
1854 103.0
1855 103.05
1856 103.05
1857 103.05
1858 103.15
1859 103.2
1860 103.45
1861 103.55
1862 103.65
1863 103.7
1864 103.8
1865 103.8
1866 103.8
1867 103.9
1868 103.9
1869 103.9
1870 103.9
1871 103.9
1872 104.0
1873 104.0
1874 104.05
1875 104.05
1876 104.1
1877 104.1
1878 104.1
1879 104.1
1880 104.15
1881 104.15
1882 104.2
1883 104.3
1884 104.35
1885 104.4
1886 104.45
1887 104.5
1888 104.5
1889 104.5
1890 104.7
1891 104.7
1892 104.7
1893 104.75
1894 104.75
1895 104.75
1896 104.75
1897 104.75
1898 104.75
1899 104.85
1900 104.85
1901 105.0
1902 105.0
1903 105.05
1904 105.1
1905 105.15
1906 105.15
1907 105.15
1908 105.2
1909 105.25
1910 105.3
1911 105.4
1912 105.45
1913 105.45
1914 105.45
1915 105.55
1916 105.6
1917 105.6
1918 105.7
1919 105.95
1920 105.95
1921 106.0
1922 106.05
1923 106.15
1924 106.2
1925 106.2
1926 106.2
1927 106.25
1928 106.25
1929 106.3
1930 106.4
1931 106.45
1932 106.5
1933 106.5
1934 106.5
1935 106.5
1936 106.55
1937 106.6
1938 106.6
1939 106.6
1940 106.7
1941 106.75
1942 106.75
1943 106.75
1944 106.75
1945 106.75
1946 106.8
1947 106.9
1948 106.9
1949 106.95
1950 106.95
1951 106.95
1952 107.0
1953 107.05
1954 107.15
1955 107.15
1956 107.2
1957 107.25
1958 107.25
1959 107.25
1960 107.3
1961 107.4
1962 107.55
1963 107.55
1964 107.55
1965 107.55
1966 107.6
1967 107.6
1968 107.6
1969 107.9
1970 107.9
1971 107.9
1972 107.9
1973 107.95
1974 108.05
1975 108.15
1976 108.15
1977 108.15
1978 108.15
1979 108.2
1980 108.2
1981 108.2
1982 108.35
1983 108.35
1984 108.4
1985 108.45
1986 108.5
1987 108.6
1988 108.65
1989 108.75
1990 108.85
1991 108.95
1992 109.0
1993 109.05
1994 109.15
1995 109.2
1996 109.2
1997 109.2
1998 109.25
1999 109.25
2000 109.3
2001 109.3
2002 109.3
2003 109.45
2004 109.5
2005 109.55
2006 109.6
2007 109.6
2008 109.6
2009 109.7
2010 109.75
2011 109.75
2012 109.75
2013 109.75
2014 109.8
2015 109.9
2016 109.9
2017 110.0
2018 110.05
2019 110.05
2020 110.05
2021 110.15
2022 110.15
2023 110.15
2024 110.2
2025 110.2
2026 110.25
2027 110.25
2028 110.25
2029 110.4
2030 110.4
2031 110.45
2032 110.6
2033 110.65
2034 110.65
2035 110.7
2036 110.75
2037 110.75
2038 110.75
2039 110.75
2040 110.75
2041 110.8
2042 110.85
2043 110.9
2044 111.05
2045 111.1
2046 111.1
2047 111.1
2048 111.1
2049 111.1
2050 111.1
2051 111.1
2052 111.15
2053 111.15
2054 111.15
2055 111.15
2056 111.15
2057 111.15
2058 111.15
2059 111.15
2060 111.2
2061 111.25
2062 111.25
2063 111.25
2064 111.35
2065 111.35
2066 111.35
2067 111.4
2068 111.45
2069 111.5
2070 111.5
2071 111.7
2072 111.7
2073 111.7
2074 111.75
2075 111.75
2076 111.75
2077 111.8
2078 111.8
2079 111.8
2080 111.8
2081 111.85
2082 111.85
2083 111.95
2084 111.95
2085 111.95
2086 111.95
2087 112.0
2088 112.05
2089 112.05
2090 112.1
2091 112.2
2092 112.2
2093 112.25
2094 112.25
2095 112.3
2096 112.3
2097 112.3
2098 112.3
2099 112.4
2100 112.4
2101 112.5
2102 112.55
2103 112.55
2104 112.55
2105 112.65
2106 112.65
2107 112.65
2108 112.7
2109 112.9
2110 112.95
2111 113.0
2112 113.0
2113 113.0
2114 113.0
2115 113.15
2116 113.25
2117 113.35
2118 113.35
2119 113.35
2120 113.35
2121 113.4
2122 113.4
2123 113.45
2124 113.45
2125 113.45
2126 113.45
2127 113.5
2128 113.5
2129 113.5
2130 113.55
2131 113.55
2132 113.55
2133 113.6
2134 113.65
2135 113.65
2136 113.65
2137 113.65
2138 113.75
2139 113.8
2140 113.85
2141 113.85
2142 113.85
2143 113.9
2144 114.0
2145 114.1
2146 114.1
2147 114.25
2148 114.25
2149 114.3
2150 114.35
2151 114.35
2152 114.35
2153 114.35
2154 114.35
2155 114.35
2156 114.4
2157 114.4
2158 114.4
2159 114.45
2160 114.5
2161 114.65
2162 114.65
2163 114.7
2164 114.7
2165 114.75
2166 114.75
2167 114.75
2168 114.85
2169 114.9
2170 114.9
2171 114.9
2172 114.95
2173 114.95
2174 114.95
2175 114.95
2176 114.95
2177 115.1
2178 115.15
2179 115.15
2180 115.15
2181 115.25
2182 115.25
2183 115.3
2184 115.3
2185 115.3
2186 115.3
2187 115.3
2188 115.3
2189 115.35
2190 115.35
2191 115.4
2192 115.4
2193 115.45
2194 115.45
2195 115.45
2196 115.55
2197 115.55
2198 115.55
2199 115.55
2200 115.55
2201 115.55
2202 115.55
2203 115.65
2204 115.65
2205 115.7
2206 115.75
2207 115.75
2208 115.8
2209 115.8
2210 115.8
2211 115.85
2212 115.85
2213 115.95
2214 115.95
2215 115.95
2216 115.95
2217 115.95
2218 115.95
2219 115.95
2220 115.95
2221 115.95
2222 116.0
2223 116.0
2224 116.0
2225 116.05
2226 116.1
2227 116.15
2228 116.15
2229 116.15
2230 116.15
2231 116.15
2232 116.15
2233 116.35
2234 116.35
2235 116.35
2236 116.4
2237 116.4
2238 116.45
2239 116.5
2240 116.5
2241 116.55
2242 116.55
2243 116.7
2244 116.8
2245 116.8
2246 116.8
2247 116.8
2248 116.8
2249 116.85
2250 116.95
2251 116.95
2252 117.0
2253 117.0
2254 117.0
2255 117.05
2256 117.05
2257 117.05
2258 117.1
2259 117.1
2260 117.1
2261 117.2
2262 117.2
2263 117.2
2264 117.2
2265 117.25
2266 117.25
2267 117.25
2268 117.35
2269 117.35
2270 117.35
2271 117.35
2272 117.35
2273 117.35
2274 117.4
2275 117.5
2276 117.7
2277 117.7
2278 117.75
2279 117.75
2280 118.0
2281 118.0
2282 118.0
2283 118.05
2284 118.1
2285 118.2
2286 118.2
2287 118.2
2288 118.2
2289 118.2
2290 118.3
2291 118.3
2292 118.4
2293 118.4
2294 118.4
2295 118.45
2296 118.6
2297 118.6
2298 118.7
2299 118.7
2300 118.7
2301 118.8
2302 118.9
2303 118.9
2304 119.0
2305 119.05
2306 119.05
2307 119.05
2308 119.05
2309 119.05
2310 119.1
2311 119.1
2312 119.1
2313 119.15
2314 119.15
2315 119.15
2316 119.25
2317 119.35
2318 119.35
2319 119.35
2320 119.35
2321 119.35
2322 119.35
2323 119.45
2324 119.45
2325 119.45
2326 119.55
2327 119.55
2328 119.7
2329 119.7
2330 119.7
2331 119.7
2332 119.75
2333 119.75
2334 119.75
2335 119.75
2336 119.75
2337 119.75
2338 119.75
2339 119.75
2340 119.75
2341 119.8
2342 119.9
2343 119.9
2344 119.9
2345 119.95
2346 119.95
2347 120.0
2348 120.1
2349 120.1
2350 120.1
2351 120.1
2352 120.1
2353 120.15
2354 120.2
2355 120.2
2356 120.2
2357 120.25
2358 120.35
2359 120.35
2360 120.35
2361 120.4
2362 120.5
2363 120.5
2364 120.55
2365 120.55
2366 120.55
2367 120.55
2368 120.55
2369 120.55
2370 120.6
2371 120.6
2372 120.6
2373 120.6
2374 120.6
2375 120.65
2376 120.75
2377 120.8
2378 120.85
2379 120.85
2380 120.9
2381 120.95
2382 121.0
2383 121.1
2384 121.1
2385 121.15
2386 121.15
2387 121.2
2388 121.2
2389 121.2
2390 121.25
2391 121.25
2392 121.3
2393 121.35
2394 121.4
2395 121.5
2396 121.5
2397 121.5
2398 121.6
2399 121.6
2400 121.6
2401 121.6
2402 121.65
2403 121.65
2404 121.65
2405 121.65
2406 121.75
2407 121.75
2408 121.75
2409 121.75
2410 121.75
2411 121.8
2412 121.8
2413 121.85
2414 121.85
2415 122.0
2416 122.0
2417 122.0
2418 122.15
2419 122.15
2420 122.2
2421 122.2
2422 122.25
2423 122.3
2424 122.3
2425 122.3
2426 122.3
2427 122.35
2428 122.35
2429 122.45
2430 122.45
2431 122.45
2432 122.45
2433 122.45
2434 122.5
2435 122.5
2436 122.65
2437 122.65
2438 122.65
2439 122.7
2440 122.7
2441 122.75
2442 122.75
2443 122.75
2444 122.75
2445 122.75
2446 122.8
2447 122.9
2448 122.95
2449 123.0
2450 123.0
2451 123.0
2452 123.05
2453 123.05
2454 123.05
2455 123.05
2456 123.05
2457 123.1
2458 123.15
2459 123.2
2460 123.2
2461 123.25
2462 123.3
2463 123.3
2464 123.3
2465 123.35
2466 123.35
2467 123.35
2468 123.35
2469 123.35
2470 123.35
2471 123.4
2472 123.45
2473 123.45
2474 123.45
2475 123.5
2476 123.6
2477 123.7
2478 123.75
2479 123.75
2480 123.8
2481 123.8
2482 123.8
2483 123.8
2484 123.85
2485 123.85
2486 123.9
2487 123.9
2488 123.9
2489 123.9
2490 124.05
2491 124.05
2492 124.1
2493 124.2
2494 124.4
2495 124.4
2496 124.45
2497 124.45
2498 124.55
2499 124.6
2500 124.6
2501 124.7
2502 124.85
2503 124.85
2504 124.85
2505 124.9
2506 124.9
2507 124.9
2508 124.9
2509 125.1
2510 125.15
2511 125.15
2512 125.15
2513 125.15
2514 125.15
2515 125.15
2516 125.15
2517 125.15
2518 125.15
2519 125.2
2520 125.35
2521 125.35
2522 125.35
2523 125.4
2524 125.4
2525 125.45
2526 125.5
2527 125.6
2528 125.6
2529 125.6
2530 125.6
2531 125.6
2532 125.6
2533 125.65
2534 125.65
2535 125.65
2536 125.65
2537 125.65
2538 125.65
2539 125.8
2540 125.85
2541 125.85
2542 125.85
2543 125.85
2544 125.85
2545 125.85
2546 125.85
2547 125.85
2548 125.85
2549 125.85
2550 125.9
2551 125.95
2552 125.95
2553 125.95
2554 125.95
2555 125.95
2556 126.0
2557 126.05
2558 126.05
2559 126.05
2560 126.05
2561 126.15
2562 126.15
2563 126.15
2564 126.2
2565 126.2
2566 126.25
2567 126.3
2568 126.3
2569 126.3
2570 126.3
2571 126.3
2572 126.3
2573 126.35
2574 126.35
2575 126.35
2576 126.35
2577 126.4
2578 126.5
2579 126.55
2580 126.55
2581 126.55
2582 126.55
2583 126.7
2584 126.7
2585 126.7
2586 126.75
2587 126.85
2588 126.9
2589 126.9
2590 126.9
2591 127.0
2592 127.0
2593 127.0
2594 127.0
2595 127.0
2596 127.0
2597 127.0
2598 127.05
2599 127.05
2600 127.05
2601 127.1
2602 127.1
2603 127.1
2604 127.1
2605 127.1
2606 127.15
2607 127.15
2608 127.25
2609 127.4
2610 127.45
2611 127.45
2612 127.45
2613 127.45
2614 127.45
2615 127.45
2616 127.45
2617 127.5
2618 127.5
2619 127.5
2620 127.5
2621 127.5
2622 127.5
2623 127.5
2624 127.5
2625 127.5
2626 127.5
2627 127.55
2628 127.55
2629 127.55
2630 127.55
2631 127.65
2632 127.75
2633 127.75
2634 127.75
2635 127.75
2636 127.75
2637 127.75
2638 127.75
2639 127.75
2640 127.75
2641 127.8
2642 127.8
2643 127.85
2644 127.85
2645 127.85
2646 127.9
2647 128.0
2648 128.0
2649 128.0
2650 128.0
2651 128.05
2652 128.1
2653 128.15
2654 128.15
2655 128.2
2656 128.2
2657 128.25
2658 128.25
2659 128.25
2660 128.4
2661 128.4
2662 128.4
2663 128.4
2664 128.4
2665 128.4
2666 128.5
2667 128.5
2668 128.55
2669 128.6
2670 128.6
2671 128.6
2672 128.65
2673 128.65
2674 128.65
2675 128.65
2676 128.65
2677 128.65
2678 128.65
2679 128.65
2680 128.7
2681 128.7
2682 128.7
2683 128.8
2684 128.8
2685 128.8
2686 128.95
2687 129.0
2688 129.0
2689 129.0
2690 129.0
2691 129.0
2692 129.05
2693 129.05
2694 129.05
2695 129.05
2696 129.05
2697 129.05
2698 129.05
2699 129.1
2700 129.15
2701 129.15
2702 129.15
2703 129.15
2704 129.15
2705 129.15
2706 129.2
2707 129.25
2708 129.25
2709 129.25
2710 129.3
2711 129.3
2712 129.35
2713 129.45
2714 129.45
2715 129.5
2716 129.5
2717 129.5
2718 129.55
2719 129.6
2720 129.6
2721 129.6
2722 129.6
2723 129.6
2724 129.7
2725 129.7
2726 129.7
2727 129.75
2728 129.75
2729 129.85
2730 129.9
2731 129.9
2732 129.95
2733 129.95
2734 129.95
2735 130.0
2736 130.0
2737 130.0
2738 130.0
2739 130.0
2740 130.0
2741 130.0
2742 130.1
2743 130.1
2744 130.1
2745 130.1
2746 130.1
2747 130.15
2748 130.15
2749 130.15
2750 130.15
2751 130.2
2752 130.2
2753 130.3
2754 130.3
2755 130.3
2756 130.35
2757 130.4
2758 130.4
2759 130.4
2760 130.45
2761 130.45
2762 130.5
2763 130.5
2764 130.6
2765 130.6
2766 130.6
2767 130.6
2768 130.65
2769 130.65
2770 130.65
2771 130.65
2772 130.7
2773 130.75
2774 130.8
2775 130.8
2776 130.8
2777 130.9
2778 130.95
2779 130.95
2780 130.95
2781 130.95
2782 131.0
2783 131.15
2784 131.15
2785 131.2
2786 131.2
2787 131.2
2788 131.25
2789 131.25
2790 131.25
2791 131.25
2792 131.3
2793 131.4
2794 131.45
2795 131.45
2796 131.5
2797 131.55
2798 131.55
2799 131.6
2800 131.6
2801 131.6
2802 131.6
2803 131.65
2804 131.65
2805 131.65
2806 131.75
2807 131.8
2808 131.9
2809 131.9
2810 131.9
2811 132.0
2812 132.0
2813 132.1
2814 132.1
2815 132.1
2816 132.1
2817 132.2
2818 132.2
2819 132.2
2820 132.3
2821 132.4
2822 132.45
2823 132.5
2824 132.5
2825 132.6
2826 132.6
2827 132.6
2828 132.65
2829 132.75
2830 132.75
2831 132.9
2832 132.9
2833 132.95
2834 132.95
2835 132.95
2836 132.95
2837 132.95
2838 132.95
2839 132.95
2840 132.95
2841 132.95
2842 132.95
2843 132.95
2844 132.95
2845 133.0
2846 133.0
2847 133.0
2848 133.0
2849 133.15
2850 133.15
2851 133.2
2852 133.2
2853 133.25
2854 133.25
2855 133.25
2856 133.25
2857 133.25
2858 133.25
2859 133.25
2860 133.25
2861 133.3
2862 133.35
2863 133.35
2864 133.35
2865 133.4
2866 133.4
2867 133.4
2868 133.55
2869 133.55
2870 133.6
2871 133.6
2872 133.6
2873 133.6
2874 133.65
2875 133.65
2876 133.65
2877 133.65
2878 133.7
2879 133.7
2880 133.75
2881 133.75
2882 133.75
2883 133.85
2884 133.85
2885 133.85
2886 133.85
2887 133.85
2888 133.9
2889 133.9
2890 133.95
2891 133.95
2892 133.95
2893 133.95
2894 133.95
2895 133.95
2896 134.0
2897 134.15
2898 134.2
2899 134.25
2900 134.25
2901 134.25
2902 134.25
2903 134.3
2904 134.35
2905 134.35
2906 134.35
2907 134.35
2908 134.35
2909 134.35
2910 134.35
2911 134.35
2912 134.4
2913 134.45
2914 134.45
2915 134.45
2916 134.45
2917 134.45
2918 134.45
2919 134.45
2920 134.5
2921 134.5
2922 134.55
2923 134.55
2924 134.55
2925 134.55
2926 134.6
2927 134.7
2928 134.7
2929 134.75
2930 134.75
2931 134.8
2932 134.85
2933 134.85
2934 134.95
2935 134.95
2936 134.95
2937 134.95
2938 135.0
2939 135.05
2940 135.1
2941 135.1
2942 135.1
2943 135.1
2944 135.15
2945 135.15
2946 135.15
2947 135.15
2948 135.15
2949 135.15
2950 135.15
2951 135.15
2952 135.2
2953 135.2
2954 135.2
2955 135.2
2956 135.2
2957 135.2
2958 135.2
2959 135.2
2960 135.2
2961 135.2
2962 135.2
2963 135.25
2964 135.25
2965 135.25
2966 135.35
2967 135.4
2968 135.45
2969 135.45
2970 135.45
2971 135.45
2972 135.45
2973 135.45
2974 135.5
2975 135.55
2976 135.55
2977 135.55
2978 135.55
2979 135.55
2980 135.55
2981 135.55
2982 135.55
2983 135.55
2984 135.6
2985 135.65
2986 135.7
2987 135.7
2988 135.75
2989 135.75
2990 135.75
2991 135.75
2992 135.85
2993 135.9
2994 135.9
2995 135.95
2996 135.95
2997 135.95
2998 135.95
2999 136.0
3000 136.0
3001 136.05
3002 136.1
3003 136.1
3004 136.15
3005 136.15
3006 136.15
3007 136.15
3008 136.2
3009 136.25
3010 136.25
3011 136.3
3012 136.35
3013 136.45
3014 136.45
3015 136.45
3016 136.45
3017 136.45
3018 136.45
3019 136.5
3020 136.5
3021 136.5
3022 136.5
3023 136.5
3024 136.5
3025 136.5
3026 136.5
3027 136.55
3028 136.55
3029 136.55
3030 136.55
3031 136.6
3032 136.6
3033 136.7
3034 136.75
3035 136.8
3036 136.8
3037 136.8
3038 136.85
3039 136.85
3040 137.0
3041 137.0
3042 137.0
3043 137.0
3044 137.05
3045 137.05
3046 137.05
3047 137.05
3048 137.05
3049 137.1
3050 137.1
3051 137.1
3052 137.1
3053 137.1
3054 137.1
3055 137.15
3056 137.15
3057 137.25
3058 137.25
3059 137.25
3060 137.3
3061 137.35
3062 137.4
3063 137.4
3064 137.4
3065 137.4
3066 137.45
3067 137.45
3068 137.45
3069 137.45
3070 137.45
3071 137.45
3072 137.5
3073 137.5
3074 137.5
3075 137.5
3076 137.5
3077 137.5
3078 137.5
3079 137.5
3080 137.5
3081 137.5
3082 137.5
3083 137.5
3084 137.5
3085 137.5
3086 137.6
3087 137.7
3088 137.7
3089 137.7
3090 137.7
3091 137.7
3092 137.7
3093 137.7
3094 137.7
3095 137.95
3096 137.95
3097 137.95
3098 137.95
3099 137.95
3100 138.0
3101 138.0
3102 138.0
3103 138.05
3104 138.05
3105 138.1
3106 138.1
3107 138.1
3108 138.1
3109 138.1
3110 138.15
3111 138.15
3112 138.15
3113 138.15
3114 138.25
3115 138.3
3116 138.3
3117 138.3
3118 138.3
3119 138.3
3120 138.3
3121 138.3
3122 138.3
3123 138.35
3124 138.35
3125 138.4
3126 138.45
3127 138.45
3128 138.45
3129 138.45
3130 138.5
3131 138.55
3132 138.65
3133 138.7
3134 138.7
3135 138.7
3136 138.8
3137 138.8
3138 138.8
3139 138.85
3140 138.85
3141 138.85
3142 138.9
3143 138.9
3144 138.9
3145 138.95
3146 138.95
3147 138.95
3148 139.05
3149 139.1
3150 139.1
3151 139.15
3152 139.15
3153 139.15
3154 139.2
3155 139.2
3156 139.2
3157 139.2
3158 139.2
3159 139.2
3160 139.2
3161 139.2
3162 139.2
3163 139.2
3164 139.25
3165 139.25
3166 139.3
3167 139.45
3168 139.45
3169 139.45
3170 139.5
3171 139.55
3172 139.55
3173 139.55
3174 139.55
3175 139.6
3176 139.65
3177 139.65
3178 139.65
3179 139.65
3180 139.65
3181 139.65
3182 139.7
3183 139.7
3184 139.8
3185 139.8
3186 139.85
3187 139.85
3188 139.85
3189 139.9
3190 139.9
3191 139.9
3192 139.95
3193 139.95
3194 139.95
3195 139.95
3196 140.05
3197 140.05
3198 140.05
3199 140.1
3200 140.1
3201 140.1
3202 140.1
3203 140.1
3204 140.15
3205 140.15
3206 140.25
3207 140.35
3208 140.35
3209 140.45
3210 140.45
3211 140.5
3212 140.55
3213 140.55
3214 140.55
3215 140.55
3216 140.6
3217 140.65
3218 140.65
3219 140.65
3220 140.75
3221 140.85
3222 140.9
3223 140.9
3224 141.0
3225 141.0
3226 141.0
3227 141.15
3228 141.15
3229 141.15
3230 141.25
3231 141.25
3232 141.3
3233 141.3
3234 141.3
3235 141.3
3236 141.3
3237 141.3
3238 141.3
3239 141.35
3240 141.35
3241 141.35
3242 141.35
3243 141.4
3244 141.4
3245 141.4
3246 141.4
3247 141.4
3248 141.4
3249 141.4
3250 141.45
3251 141.45
3252 141.5
3253 141.5
3254 141.55
3255 141.55
3256 141.55
3257 141.55
3258 141.55
3259 141.55
3260 141.55
3261 141.55
3262 141.55
3263 141.55
3264 141.55
3265 141.55
3266 141.65
3267 141.65
3268 141.7
3269 141.7
3270 141.75
3271 141.75
3272 141.75
3273 141.85
3274 141.85
3275 141.9
3276 141.9
3277 142.05
3278 142.1
3279 142.1
3280 142.15
3281 142.2
3282 142.2
3283 142.2
3284 142.3
3285 142.3
3286 142.3
3287 142.3
3288 142.3
3289 142.35
3290 142.4
3291 142.4
3292 142.4
3293 142.4
3294 142.5
3295 142.5
3296 142.5
3297 142.55
3298 142.6
3299 142.6
3300 142.6
3301 142.65
3302 142.65
3303 142.65
3304 142.7
3305 142.7
3306 142.7
3307 142.75
3308 142.75
3309 142.75
3310 142.8
3311 142.85
3312 142.85
3313 142.85
3314 142.9
3315 142.9
3316 143.0
3317 143.0
3318 143.0
3319 143.0
3320 143.05
3321 143.05
3322 143.05
3323 143.05
3324 143.05
3325 143.05
3326 143.05
3327 143.1
3328 143.1
3329 143.1
3330 143.15
3331 143.15
3332 143.15
3333 143.15
3334 143.3
3335 143.35
3336 143.35
3337 143.35
3338 143.45
3339 143.5
3340 143.55
3341 143.55
3342 143.55
3343 143.55
3344 143.6
3345 143.6
3346 143.6
3347 143.6
3348 143.6
3349 143.65
3350 143.65
3351 143.65
3352 143.65
3353 143.7
3354 143.75
3355 143.75
3356 143.75
3357 143.75
3358 143.85
3359 143.95
3360 143.95
3361 143.95
3362 143.95
3363 143.95
3364 143.95
3365 144.05
3366 144.05
3367 144.05
3368 144.2
3369 144.2
3370 144.25
3371 144.25
3372 144.3
3373 144.35
3374 144.35
3375 144.35
3376 144.35
3377 144.35
3378 144.35
3379 144.35
3380 144.45
3381 144.45
3382 144.45
3383 144.45
3384 144.45
3385 144.45
3386 144.45
3387 144.45
3388 144.55
3389 144.55
3390 144.55
3391 144.55
3392 144.55
3393 144.55
3394 144.55
3395 144.55
3396 144.55
3397 144.55
3398 144.55
3399 144.55
3400 144.55
3401 144.55
3402 144.55
3403 144.55
3404 144.6
3405 144.65
3406 144.65
3407 144.7
3408 144.75
3409 144.9
3410 144.9
3411 144.9
3412 144.9
3413 144.9
3414 144.9
3415 144.95
3416 144.95
3417 145.0
3418 145.0
3419 145.1
3420 145.1
3421 145.1
3422 145.1
3423 145.1
3424 145.1
3425 145.15
3426 145.2
3427 145.25
3428 145.3
3429 145.3
3430 145.3
3431 145.3
3432 145.3
3433 145.3
3434 145.3
3435 145.35
3436 145.35
3437 145.4
3438 145.4
3439 145.45
3440 145.45
3441 145.45
3442 145.5
3443 145.5
3444 145.5
3445 145.5
3446 145.5
3447 145.5
3448 145.5
3449 145.5
3450 145.5
3451 145.5
3452 145.5
3453 145.55
3454 145.55
3455 145.55
3456 145.55
3457 145.55
3458 145.55
3459 145.55
3460 145.55
3461 145.55
3462 145.6
3463 145.65
3464 145.65
3465 145.65
3466 145.65
3467 145.65
3468 145.65
3469 145.65
3470 145.7
3471 145.7
3472 145.75
3473 145.85
3474 145.85
3475 145.85
3476 145.85
3477 145.9
3478 145.9
3479 145.9
3480 146.0
3481 146.0
3482 146.1
3483 146.1
3484 146.1
3485 146.1
3486 146.1
3487 146.1
3488 146.1
3489 146.2
3490 146.25
3491 146.25
3492 146.3
3493 146.3
3494 146.3
3495 146.3
3496 146.3
3497 146.3
3498 146.3
3499 146.3
3500 146.3
3501 146.3
3502 146.35
3503 146.45
3504 146.45
3505 146.45
3506 146.45
3507 146.5
3508 146.5
3509 146.6
3510 146.65
3511 146.65
3512 146.65
3513 146.65
3514 146.65
3515 146.65
3516 146.65
3517 146.65
3518 146.65
3519 146.75
3520 146.75
3521 146.75
3522 146.75
3523 146.75
3524 146.8
3525 146.8
3526 146.8
3527 146.8
3528 146.8
3529 146.8
3530 146.8
3531 146.85
3532 146.85
3533 146.9
3534 147.05
3535 147.05
3536 147.05
3537 147.05
3538 147.1
3539 147.1
3540 147.1
3541 147.1
3542 147.1
3543 147.15
3544 147.15
3545 147.15
3546 147.15
3547 147.15
3548 147.15
3549 147.2
3550 147.2
3551 147.2
3552 147.2
3553 147.2
3554 147.2
3555 147.2
3556 147.2
3557 147.2
3558 147.2
3559 147.2
3560 147.2
3561 147.2
3562 147.2
3563 147.2
3564 147.2
3565 147.25
3566 147.25
3567 147.25
3568 147.25
3569 147.3
3570 147.3
3571 147.35
3572 147.35
3573 147.45
3574 147.45
3575 147.45
3576 147.45
3577 147.45
3578 147.45
3579 147.45
3580 147.5
3581 147.5
3582 147.5
3583 147.5
3584 147.5
3585 147.5
3586 147.5
3587 147.5
3588 147.55
3589 147.55
3590 147.65
3591 147.65
3592 147.65
3593 147.65
3594 147.75
3595 147.8
3596 147.8
3597 147.8
3598 147.8
3599 147.8
3600 147.8
3601 147.8
3602 147.8
3603 147.85
3604 147.9
3605 147.95
3606 147.95
3607 147.95
3608 148.0
3609 148.0
3610 148.0
3611 148.0
3612 148.05
3613 148.05
3614 148.05
3615 148.05
3616 148.05
3617 148.1
3618 148.1
3619 148.1
3620 148.1
3621 148.1
3622 148.1
3623 148.1
3624 148.1
3625 148.1
3626 148.15
3627 148.15
3628 148.15
3629 148.15
3630 148.2
3631 148.25
3632 148.35
3633 148.35
3634 148.35
3635 148.4
3636 148.45
3637 148.45
3638 148.45
3639 148.45
3640 148.45
3641 148.45
3642 148.45
3643 148.45
3644 148.45
3645 148.45
3646 148.45
3647 148.45
3648 148.45
3649 148.45
3650 148.45
3651 148.45
3652 148.45
3653 148.45
3654 148.45
3655 148.45
3656 148.45
3657 148.45
3658 148.45
3659 148.45
3660 148.45
3661 148.45
3662 148.45
3663 148.45
3664 148.6
3665 148.6
3666 148.6
3667 148.6
3668 148.6
3669 148.6
3670 148.6
3671 148.6
3672 148.6
3673 148.65
3674 148.65
3675 148.65
3676 148.65
3677 148.65
3678 148.75
3679 148.8
3680 148.8
3681 148.8
3682 148.85
3683 148.9
3684 148.9
3685 148.9
3686 148.9
3687 148.9
3688 148.9
3689 148.95
3690 148.95
3691 149.0
3692 149.0
3693 149.05
3694 149.1
3695 149.1
3696 149.1
3697 149.1
3698 149.15
3699 149.2
3700 149.25
3701 149.25
3702 149.3
3703 149.3
3704 149.3
3705 149.3
3706 149.3
3707 149.3
3708 149.3
3709 149.4
3710 149.4
3711 149.4
3712 149.4
3713 149.4
3714 149.45
3715 149.45
3716 149.6
3717 149.6
3718 149.6
3719 149.6
3720 149.6
3721 149.6
3722 149.6
3723 149.6
3724 149.65
3725 149.7
3726 149.85
3727 149.85
3728 149.85
3729 149.85
3730 149.9
3731 149.9
3732 149.9
3733 149.9
3734 149.9
3735 149.9
3736 149.95
3737 150.0
3738 150.1
3739 150.1
3740 150.1
3741 150.1
3742 150.1
3743 150.2
3744 150.2
3745 150.25
3746 150.3
3747 150.35
3748 150.4
3749 150.4
3750 150.4
3751 150.4
3752 150.45
3753 150.5
3754 150.5
3755 150.5
3756 150.5
3757 150.5
3758 150.55
3759 150.55
3760 150.55
3761 150.6
3762 150.7
3763 150.7
3764 150.85
3765 150.85
3766 150.85
3767 150.85
3768 150.85
3769 150.85
3770 150.9
3771 150.9
3772 150.9
3773 150.9
3774 150.9
3775 150.9
3776 150.9
3777 150.95
3778 150.95
3779 151.0
3780 151.0
3781 151.0
3782 151.05
3783 151.05
3784 151.1
3785 151.15
3786 151.15
3787 151.15
3788 151.15
3789 151.15
3790 151.25
3791 151.25
3792 151.25
3793 151.25
3794 151.25
3795 151.25
3796 151.25
3797 151.25
3798 151.35
3799 151.35
3800 151.35
3801 151.35
3802 151.4
3803 151.45
3804 151.5
3805 151.5
3806 151.5
3807 151.5
3808 151.5
3809 151.5
3810 151.5
3811 151.55
3812 151.65
3813 151.65
3814 151.65
3815 151.65
3816 151.65
3817 151.65
3818 151.65
3819 151.65
3820 151.65
3821 151.65
3822 151.65
3823 151.65
3824 151.65
3825 151.7
3826 151.7
3827 151.7
3828 151.75
3829 151.75
3830 151.75
3831 151.75
3832 151.75
3833 151.75
3834 151.75
3835 151.75
3836 151.75
3837 151.75
3838 151.8
3839 151.8
3840 151.85
3841 151.85
3842 151.9
3843 151.95
3844 151.95
3845 151.95
3846 151.95
3847 152.0
3848 152.05
3849 152.05
3850 152.05
3851 152.1
3852 152.1
3853 152.1
3854 152.1
3855 152.1
3856 152.1
3857 152.15
3858 152.25
3859 152.25
3860 152.25
3861 152.3
3862 152.35
3863 152.4
3864 152.4
3865 152.4
3866 152.4
3867 152.4
3868 152.45
3869 152.45
3870 152.45
3871 152.5
3872 152.55
3873 152.55
3874 152.6
3875 152.6
3876 152.6
3877 152.65
3878 152.65
3879 152.65
3880 152.7
3881 152.7
3882 152.7
3883 152.7
3884 152.75
3885 152.8
3886 152.8
3887 152.85
3888 152.9
3889 152.95
3890 152.95
3891 152.95
3892 153.0
3893 153.0
3894 153.05
3895 153.05
3896 153.05
3897 153.05
3898 153.1
3899 153.1
3900 153.1
3901 153.1
3902 153.1
3903 153.15
3904 153.15
3905 153.15
3906 153.15
3907 153.25
3908 153.25
3909 153.25
3910 153.25
3911 153.3
3912 153.3
3913 153.35
3914 153.35
3915 153.35
3916 153.35
3917 153.35
3918 153.35
3919 153.4
3920 153.4
3921 153.4
3922 153.4
3923 153.4
3924 153.45
3925 153.45
3926 153.45
3927 153.45
3928 153.45
3929 153.45
3930 153.45
3931 153.5
3932 153.6
3933 153.6
3934 153.6
3935 153.6
3936 153.6
3937 153.6
3938 153.65
3939 153.7
3940 153.7
3941 153.7
3942 153.85
3943 153.85
3944 153.85
3945 153.9
3946 153.9
3947 153.9
3948 153.9
3949 153.95
3950 153.95
3951 154.0
3952 154.05
3953 154.05
3954 154.05
3955 154.05
3956 154.05
3957 154.05
3958 154.15
3959 154.15
3960 154.15
3961 154.15
3962 154.2
3963 154.2
3964 154.25
3965 154.25
3966 154.25
3967 154.25
3968 154.3
3969 154.3
3970 154.35
3971 154.35
3972 154.4
3973 154.4
3974 154.4
3975 154.4
3976 154.4
3977 154.4
3978 154.4
3979 154.4
3980 154.4
3981 154.4
3982 154.4
3983 154.4
3984 154.4
3985 154.4
3986 154.4
3987 154.4
3988 154.4
3989 154.4
3990 154.5
3991 154.5
3992 154.55
3993 154.55
3994 154.55
3995 154.55
3996 154.55
3997 154.55
3998 154.55
3999 154.55
