#iterations fitness
0 0
1 0
2 1
3 1
4 1
5 1
6 1
7 1
8 1
9 3
10 3
11 3
12 5
13 5
14 5
15 5
16 5
17 5
18 5
19 5
20 5
21 5
22 3
23 3
24 3
25 3
26 3
27 3
28 3
29 3
30 3
31 3
32 3
33 3
34 4
35 4
36 4
37 4
38 4
39 4
40 5
41 5
42 5
43 5
44 5
45 5
46 5
47 5
48 5
49 5
50 5
51 5
52 5
53 5
54 5
55 5
56 5
57 5
58 5
59 5
60 5
61 5
62 5
63 5
64 5
65 6
66 6
67 6
68 6
69 6
70 6
71 7
72 7
73 7
74 7
75 7
76 7
77 7
78 7
79 7
80 8
81 8
82 9
83 9
84 9
85 9
86 9
87 9
88 9
89 9
90 9
91 9
92 9
93 9
94 9
95 9
96 9
97 9
98 9
99 9
100 9
101 9
102 9
103 9
104 9
105 9
106 9
107 9
108 9
109 11
110 11
111 11
112 11
113 11
114 11
115 11
116 11
117 11
118 11
119 12
120 12
121 12
122 12
123 12
124 12
125 13
126 13
127 13
128 13
129 14
130 14
131 14
132 14
133 14
134 14
135 14
136 14
137 14
138 14
139 14
140 14
141 14
142 14
143 14
144 14
145 14
146 15
147 15
148 15
149 15
150 15
151 16
152 16
153 16
154 16
155 16
156 16
157 16
158 16
159 16
160 16
161 15
162 15
163 15
164 15
165 15
166 15
167 15
168 16
169 16
170 16
171 16
172 16
173 16
174 16
175 16
176 16
177 16
178 16
179 16
180 16
181 16
182 16
183 16
184 16
185 17
186 17
187 19
188 19
189 19
190 19
191 19
192 19
193 20
194 21
195 21
196 21
197 21
198 21
199 21
200 21
201 21
202 21
203 21
204 21
205 21
206 22
207 22
208 22
209 22
210 22
211 22
212 22
213 22
214 22
215 22
216 22
217 22
218 23
219 23
220 24
221 24
222 24
223 26
224 26
225 26
226 26
227 26
228 26
229 26
230 26
231 26
232 26
233 27
234 27
235 27
236 27
237 27
238 27
239 27
240 27
241 29
242 29
243 29
244 29
245 29
246 29
247 29
248 29
249 29
250 29
251 28
252 28
253 28
254 28
255 28
256 28
257 29
258 29
259 29
260 29
261 29
262 29
263 29
264 29
265 29
266 29
267 29
268 29
269 29
270 29
271 29
272 29
273 29
274 29
275 29
276 29
277 29
278 30
279 30
280 30
281 30
282 30
283 30
284 30
285 30
286 30
287 30
288 30
289 30
290 30
291 30
292 30
293 31
294 31
295 32
296 32
297 32
298 32
299 32
300 32
301 32
302 32
303 32
304 32
305 32
306 32
307 32
308 32
309 32
310 32
311 32
312 32
313 32
314 32
315 32
316 32
317 32
318 32
319 32
320 32
321 32
322 32
323 32
324 32
325 32
326 32
327 32
328 33
329 33
330 33
331 33
332 33
333 33
334 33
335 33
336 33
337 33
338 33
339 33
340 33
341 33
342 33
343 33
344 33
345 33
346 33
347 33
348 33
349 33
350 34
351 34
352 34
353 34
354 34
355 34
356 34
357 34
358 35
359 35
360 35
361 35
362 35
363 35
364 35
365 35
366 35
367 35
368 35
369 35
370 35
371 35
372 35
373 35
374 35
375 35
376 35
377 35
378 35
379 35
380 35
381 35
382 35
383 35
384 35
385 35
386 34
387 34
388 34
389 34
390 34
391 35
392 35
393 35
394 35
395 35
396 35
397 35
398 35
399 35
400 35
401 35
402 35
403 35
404 35
405 36
406 36
407 36
408 36
409 36
410 36
411 36
412 36
413 37
414 37
415 37
416 37
417 37
418 37
419 37
420 37
421 37
422 38
423 38
424 38
425 38
426 38
427 38
428 38
429 38
430 38
431 38
432 38
433 38
434 38
435 39
436 39
437 40
438 40
439 40
440 40
441 40
442 41
443 41
444 41
445 41
446 41
447 41
448 41
449 41
450 41
451 41
452 40
453 40
454 40
455 40
456 40
457 40
458 40
459 40
460 40
461 40
462 40
463 40
464 40
465 40
466 40
467 41
468 41
469 41
470 41
471 41
472 41
473 41
474 41
475 41
476 41
477 42
478 42
479 42
480 42
481 42
482 46
483 46
484 46
485 46
486 46
487 46
488 46
489 46
490 46
491 47
492 47
493 47
494 47
495 47
496 47
497 47
498 47
499 47
500 47
501 47
502 47
503 47
504 47
505 48
506 48
507 48
508 48
509 48
510 49
511 49
512 49
513 49
514 49
515 49
516 49
517 49
518 49
519 49
520 49
521 49
522 49
523 49
524 50
525 50
526 50
527 50
528 50
529 50
530 50
531 50
532 50
533 50
534 50
535 50
536 51
537 51
538 51
539 51
540 51
541 51
542 51
543 51
544 51
545 51
546 51
547 51
548 51
549 51
550 51
551 52
552 52
553 52
554 52
555 52
556 52
557 52
558 52
559 52
560 52
561 52
562 52
563 52
564 52
565 52
566 52
567 53
568 53
569 53
570 53
571 53
572 53
573 53
574 53
575 53
576 53
577 53
578 53
579 53
580 53
581 53
582 53
583 53
584 53
585 53
586 53
587 53
588 53
589 53
590 53
591 55
592 55
593 55
594 55
595 55
596 55
597 55
598 55
599 55
600 56
601 56
602 56
603 56
604 56
605 56
606 56
607 56
608 56
609 56
610 56
611 56
612 56
613 56
614 56
615 56
616 57
617 57
618 57
619 57
620 57
621 57
622 57
623 57
624 57
625 57
626 57
627 57
628 58
629 58
630 58
631 58
632 58
633 58
634 58
635 58
636 58
637 59
638 59
639 59
640 59
641 59
642 59
643 59
644 59
645 59
646 59
647 59
648 59
649 59
650 59
651 59
652 59
653 59
654 59
655 59
656 59
657 59
658 59
659 59
660 59
661 59
662 59
663 59
664 59
665 62
666 62
667 62
668 62
669 62
670 62
671 62
672 62
673 62
674 62
675 63
676 63
677 63
678 63
679 63
680 63
681 63
682 63
683 63
684 63
685 63
686 63
687 63
688 63
689 63
690 63
691 63
692 63
693 63
694 64
695 64
696 64
697 64
698 64
699 64
700 65
701 65
702 65
703 65
704 65
705 65
706 65
707 65
708 65
709 65
710 65
711 65
712 65
713 65
714 65
715 65
716 65
717 65
718 65
719 65
720 65
721 66
722 66
723 66
724 66
725 66
726 66
727 66
728 66
729 66
730 66
731 66
732 66
733 66
734 66
735 66
736 66
737 66
738 66
739 66
740 66
741 66
742 67
743 67
744 67
745 67
746 67
747 67
748 67
749 67
750 67
751 67
752 67
753 67
754 67
755 67
756 67
757 67
758 67
759 67
760 67
761 67
762 67
763 67
764 67
765 67
766 68
767 68
768 68
769 68
770 68
771 68
772 68
773 68
774 68
775 70
776 70
777 70
778 70
779 70
780 70
781 70
782 70
783 70
784 70
785 70
786 70
787 70
788 70
789 70
790 70
791 70
792 70
793 70
794 71
795 71
796 71
797 71
798 71
799 71
800 71
801 71
802 71
803 71
804 71
805 71
806 71
807 71
808 71
809 72
810 72
811 72
812 72
813 72
814 72
815 72
816 72
817 72
818 72
819 72
820 72
821 72
822 72
823 73
824 73
825 73
826 73
827 73
828 73
829 73
830 73
831 73
832 73
833 73
834 75
835 75
836 75
837 75
838 75
839 75
840 75
841 75
842 75
843 75
844 75
845 75
846 75
847 75
848 75
849 75
850 75
851 75
852 75
853 75
854 75
855 75
856 75
857 75
858 75
859 75
860 75
861 75
862 75
863 75
864 75
865 75
866 75
867 75
868 75
869 75
870 75
871 75
872 75
873 75
874 75
875 75
876 75
877 75
878 75
879 75
880 75
881 75
882 75
883 75
884 75
885 75
886 75
887 75
888 75
889 75
890 75
891 75
892 76
893 76
894 76
895 76
896 76
897 76
898 76
899 76
900 76
901 76
902 75
903 75
904 75
905 75
906 75
907 75
908 75
909 75
910 75
911 75
912 75
913 75
914 75
915 75
916 75
917 75
918 75
919 75
920 75
921 75
922 75
923 75
924 75
925 76
926 76
927 76
928 76
929 76
930 76
931 76
932 76
933 76
934 77
935 77
936 77
937 77
938 77
939 77
940 77
941 77
942 77
943 77
944 77
945 77
946 77
947 77
948 77
949 77
950 77
951 77
952 77
953 77
954 77
955 77
956 78
957 78
958 78
959 78
960 78
961 78
962 78
963 78
964 78
965 78
966 78
967 78
968 78
969 78
970 78
971 78
972 78
973 78
974 78
975 78
976 80
977 80
978 80
979 80
980 80
981 80
982 80
983 80
984 80
985 80
986 80
987 80
988 80
989 80
990 80
991 80
992 80
993 80
994 80
995 80
996 80
997 80
998 80
999 80
