#iterations fitness
0 0
1 0
2 0
3 0
4 0
5 0
6 0
7 0
8 0
9 0
10 0
11 0
12 0
13 0
14 0
15 0
16 0
17 0
18 0
19 1
20 1
21 1
22 1
23 1
24 1
25 1
26 1
27 1
28 1
29 1
30 1
31 1
32 1
33 1
34 2
35 2
36 2
37 2
38 2
39 2
40 2
41 2
42 2
43 2
44 3
45 3
46 3
47 3
48 4
49 4
50 4
51 4
52 4
53 4
54 4
55 4
56 4
57 4
58 4
59 4
60 4
61 4
62 4
63 4
64 4
65 4
66 4
67 5
68 5
69 5
70 5
71 6
72 6
73 6
74 6
75 7
76 7
77 7
78 7
79 7
80 8
81 8
82 8
83 8
84 8
85 8
86 8
87 9
88 9
89 9
90 9
91 9
92 9
93 9
94 9
95 9
96 9
97 10
98 10
99 10
100 10
101 10
102 10
103 10
104 10
105 10
106 10
107 10
108 12
109 12
110 12
111 12
112 13
113 13
114 13
115 13
116 13
117 13
118 13
119 13
120 13
121 13
122 13
123 16
124 16
125 16
126 16
127 16
128 16
129 16
130 16
131 16
132 16
133 16
134 16
135 16
136 16
137 16
138 16
139 16
140 18
141 18
142 18
143 18
144 18
145 18
146 18
147 18
148 18
149 18
150 18
151 18
152 18
153 18
154 18
155 18
156 18
157 18
158 18
159 18
160 18
161 18
162 18
163 18
164 18
165 18
166 18
167 18
168 18
169 19
170 19
171 19
172 19
173 19
174 19
175 19
176 19
177 19
178 19
179 19
180 19
181 20
182 21
183 21
184 21
185 21
186 21
187 21
188 21
189 21
190 21
191 21
192 21
193 21
194 21
195 21
196 21
197 21
198 21
199 21
200 21
201 21
202 21
203 21
204 21
205 21
206 21
207 21
208 21
209 22
210 22
211 22
212 22
213 22
214 22
215 22
216 22
217 22
218 22
219 22
220 22
221 22
222 23
223 23
224 23
225 23
226 23
227 23
228 23
229 23
230 23
231 23
232 23
233 23
234 23
235 23
236 23
237 23
238 23
239 23
240 23
241 23
242 23
243 24
244 24
245 24
246 24
247 24
248 24
249 24
250 24
251 24
252 24
253 24
254 24
255 24
256 24
257 24
258 24
259 24
260 24
261 25
262 25
263 25
264 25
265 25
266 25
267 25
268 25
269 25
270 25
271 25
272 25
273 25
274 26
275 26
276 26
277 26
278 26
279 27
280 27
281 27
282 27
283 27
284 27
285 27
286 27
287 27
288 27
289 27
290 27
291 27
292 27
293 27
294 27
295 27
296 27
297 27
298 27
299 27
300 27
301 27
302 27
303 27
304 27
305 28
306 29
307 29
308 30
309 30
310 30
311 30
312 30
313 30
314 30
315 30
316 30
317 30
318 30
319 31
320 31
321 31
322 31
323 31
324 31
325 31
326 31
327 31
328 32
329 32
330 32
331 32
332 32
333 32
334 32
335 32
336 32
337 32
338 33
339 33
340 33
341 33
342 33
343 33
344 33
345 33
346 33
347 33
348 33
349 33
350 33
351 33
352 34
353 34
354 34
355 34
356 34
357 34
358 35
359 35
360 35
361 35
362 35
363 35
364 35
365 35
366 35
367 35
368 35
369 35
370 35
371 35
372 35
373 35
374 35
375 35
376 35
377 35
378 35
379 35
380 35
381 35
382 35
383 35
384 35
385 35
386 35
387 35
388 35
389 35
390 35
391 36
392 36
393 36
394 36
395 36
396 36
397 37
398 37
399 37
400 37
401 37
402 37
403 37
404 37
405 37
406 38
407 38
408 38
409 38
410 38
411 38
412 38
413 38
414 38
415 38
416 38
417 38
418 38
419 38
420 38
421 38
422 38
423 38
424 38
425 38
426 38
427 38
428 38
429 38
430 38
431 38
432 38
433 38
434 38
435 38
436 38
437 38
438 38
439 38
440 39
441 39
442 39
443 39
444 39
445 39
446 39
447 40
448 40
449 40
450 40
451 40
452 40
453 40
454 40
455 40
456 40
457 40
458 41
459 41
460 41
461 42
462 42
463 42
464 42
465 42
466 42
467 42
468 42
469 43
470 43
471 43
472 43
473 43
474 43
475 43
476 43
477 43
478 43
479 43
480 43
481 43
482 43
483 43
484 43
485 43
486 43
487 43
488 43
489 43
490 43
491 43
492 43
493 43
494 43
495 43
496 43
497 43
498 43
499 43
500 44
501 44
502 44
503 44
504 44
505 44
506 44
507 45
508 45
509 45
510 45
511 45
512 45
513 45
514 45
515 45
516 45
517 45
518 45
519 45
520 45
521 45
522 45
523 45
524 45
525 45
526 46
527 46
528 47
529 47
530 47
531 47
532 47
533 47
534 47
535 47
536 47
537 47
538 47
539 47
540 47
541 47
542 47
543 47
544 47
545 47
546 48
547 48
548 48
549 48
550 48
551 48
552 48
553 48
554 48
555 49
556 49
557 50
558 50
559 50
560 50
561 50
562 50
563 50
564 50
565 51
566 51
567 51
568 52
569 52
570 54
571 54
572 55
573 55
574 55
575 55
576 55
577 55
578 55
579 55
580 55
581 55
582 55
583 55
584 55
585 55
586 55
587 55
588 55
589 55
590 55
591 55
592 55
593 55
594 55
595 55
596 55
597 55
598 55
599 55
600 55
601 55
602 55
603 55
604 55
605 55
606 55
607 55
608 55
609 55
610 55
611 56
612 56
613 56
614 57
615 57
616 57
617 57
618 57
619 57
620 57
621 57
622 57
623 57
624 57
625 57
626 57
627 57
628 57
629 57
630 57
631 57
632 57
633 57
634 57
635 57
636 57
637 57
638 57
639 57
640 57
641 57
642 57
643 57
644 57
645 57
646 57
647 57
648 57
649 57
650 57
651 57
652 57
653 57
654 57
655 57
656 57
657 57
658 57
659 57
660 57
661 57
662 57
663 57
664 57
665 57
666 57
667 57
668 57
669 57
670 57
671 57
672 58
673 58
674 58
675 58
676 58
677 58
678 58
679 58
680 58
681 59
682 59
683 59
684 59
685 59
686 59
687 59
688 59
689 59
690 59
691 59
692 59
693 62
694 62
695 62
696 62
697 62
698 62
699 62
700 62
701 62
702 62
703 62
704 62
705 62
706 62
707 62
708 62
709 62
710 62
711 63
712 63
713 63
714 63
715 63
716 63
717 63
718 64
719 64
720 64
721 64
722 64
723 64
724 64
725 64
726 64
727 64
728 64
729 64
730 64
731 64
732 64
733 64
734 64
735 64
736 64
737 64
738 64
739 64
740 64
741 64
742 64
743 64
744 64
745 64
746 64
747 64
748 65
749 65
750 65
751 65
752 65
753 65
754 65
755 65
756 65
757 65
758 65
759 66
760 66
761 66
762 66
763 66
764 66
765 66
766 66
767 66
768 66
769 66
770 66
771 66
772 66
773 66
774 66
775 66
776 66
777 66
778 66
779 66
780 66
781 66
782 66
783 66
784 66
785 66
786 66
787 66
788 66
789 66
790 66
791 66
792 66
793 66
794 66
795 66
796 66
797 66
798 66
799 66
800 66
801 66
802 66
803 66
804 66
805 66
806 66
807 66
808 66
809 66
810 67
811 67
812 67
813 67
814 67
815 67
816 67
817 67
818 67
819 67
820 67
821 67
822 67
823 67
824 67
825 67
826 67
827 67
828 67
829 67
830 67
831 67
832 67
833 67
834 67
835 67
836 67
837 67
838 67
839 67
840 67
841 67
842 67
843 67
844 67
845 67
846 67
847 67
848 67
849 67
850 67
851 67
852 67
853 67
854 67
855 67
856 67
857 68
858 68
859 68
860 68
861 68
862 68
863 68
864 68
865 68
866 68
867 69
868 69
869 69
870 69
871 69
872 69
873 69
874 69
875 69
876 69
877 68
878 68
879 68
880 68
881 68
882 68
883 68
884 68
885 68
886 68
887 68
888 68
889 68
890 68
891 68
892 68
893 68
894 68
895 68
896 68
897 68
898 68
899 68
900 68
901 68
902 68
903 68
904 68
905 68
906 68
907 68
908 68
909 68
910 68
911 68
912 68
913 68
914 68
915 68
916 68
917 68
918 68
919 68
920 68
921 68
922 68
923 68
924 68
925 68
926 68
927 68
928 68
929 68
930 68
931 68
932 68
933 68
934 68
935 68
936 68
937 68
938 68
939 68
940 68
941 68
942 68
943 68
944 68
945 68
946 68
947 69
948 69
949 69
950 69
951 69
952 69
953 69
954 69
955 69
956 69
957 69
958 69
959 69
960 70
961 70
962 70
963 70
964 70
965 70
966 71
967 71
968 71
969 71
970 71
971 71
972 71
973 71
974 71
975 71
976 71
977 71
978 71
979 71
980 71
981 71
982 71
983 71
984 71
985 71
986 71
987 71
988 71
989 71
990 71
991 71
992 71
993 71
994 71
995 71
996 74
997 74
998 74
999 74
