#iterations fitness
0 0
1 0
2 0
3 1
4 1
5 1
6 1
7 1
8 1
9 1
10 1
11 1
12 1
13 1
14 1
15 1
16 2
17 2
18 2
19 3
20 3
21 3
22 3
23 3
24 3
25 3
26 3
27 3
28 3
29 5
30 5
31 5
32 5
33 5
34 5
35 5
36 5
37 5
38 5
39 5
40 5
41 5
42 5
43 5
44 5
45 4
46 4
47 4
48 4
49 5
50 5
51 5
52 5
53 5
54 5
55 5
56 5
57 5
58 5
59 5
60 6
61 6
62 6
63 6
64 6
65 6
66 7
67 7
68 8
69 8
70 8
71 8
72 8
73 8
74 8
75 8
76 9
77 9
78 9
79 9
80 9
81 9
82 9
83 9
84 9
85 9
86 9
87 9
88 11
89 11
90 11
91 11
92 11
93 12
94 12
95 13
96 13
97 13
98 13
99 13
100 13
101 14
102 14
103 14
104 14
105 14
106 14
107 16
108 16
109 16
110 16
111 16
112 16
113 16
114 16
115 16
116 16
117 15
118 15
119 15
120 15
121 15
122 17
123 17
124 17
125 17
126 17
127 17
128 17
129 17
130 17
131 17
132 17
133 17
134 18
135 18
136 18
137 18
138 18
139 18
140 18
141 20
142 20
143 20
144 20
145 20
146 20
147 20
148 20
149 20
150 20
151 18
152 18
153 18
154 19
155 19
156 19
157 19
158 19
159 19
160 19
161 19
162 19
163 19
164 19
165 19
166 20
167 20
168 20
169 20
170 20
171 20
172 20
173 20
174 20
175 20
176 20
177 20
178 20
179 20
180 20
181 20
182 20
183 20
184 20
185 21
186 21
187 21
188 21
189 21
190 21
191 21
192 21
193 21
194 21
195 21
196 21
197 21
198 21
199 21
200 22
201 22
202 22
203 22
204 22
205 22
206 22
207 22
208 22
209 23
210 23
211 24
212 24
213 24
214 24
215 24
216 25
217 25
218 25
219 25
220 26
221 26
222 26
223 26
224 26
225 26
226 26
227 26
228 26
229 26
230 26
231 26
232 26
233 26
234 26
235 27
236 27
237 27
238 27
239 27
240 29
241 29
242 29
243 29
244 29
245 29
246 29
247 29
248 29
249 29
250 28
251 30
252 30
253 30
254 30
255 30
256 30
257 30
258 30
259 30
260 30
261 30
262 30
263 30
264 30
265 30
266 30
267 30
268 30
269 30
270 30
271 30
272 30
273 30
274 30
275 30
276 32
277 32
278 32
279 32
280 32
281 32
282 32
283 32
284 33
285 33
286 33
287 33
288 33
289 33
290 33
291 33
292 33
293 33
294 33
295 33
296 33
297 33
298 33
299 33
300 33
301 33
302 33
303 33
304 33
305 34
306 34
307 34
308 35
309 35
310 35
311 35
312 35
313 35
314 35
315 35
316 35
317 35
318 35
319 35
320 35
321 35
322 35
323 35
324 35
325 35
326 35
327 34
328 34
329 34
330 34
331 34
332 34
333 34
334 34
335 34
336 35
337 35
338 35
339 35
340 35
341 35
342 35
343 35
344 35
345 35
346 35
347 35
348 35
349 35
350 36
351 36
352 36
353 36
354 36
355 36
356 36
357 36
358 36
359 36
360 36
361 36
362 36
363 36
364 36
365 36
366 36
367 36
368 36
369 36
370 36
371 36
372 36
373 36
374 36
375 36
376 36
377 36
378 38
379 38
380 38
381 38
382 38
383 38
384 38
385 38
386 38
387 39
388 39
389 39
390 39
391 39
392 39
393 39
394 39
395 39
396 39
397 39
398 39
399 39
400 39
401 39
402 39
403 39
404 39
405 39
406 39
407 39
408 39
409 39
410 39
411 39
412 39
413 39
414 39
415 39
416 39
417 39
418 39
419 39
420 39
421 40
422 40
423 40
424 40
425 40
426 40
427 40
428 40
429 40
430 40
431 40
432 40
433 40
434 41
435 41
436 41
437 41
438 41
439 41
440 41
441 41
442 41
443 41
444 41
445 41
446 41
447 42
448 42
449 42
450 42
451 43
452 43
453 43
454 43
455 43
456 43
457 43
458 43
459 43
460 43
461 43
462 43
463 43
464 43
465 43
466 43
467 43
468 43
469 44
470 44
471 44
472 44
473 44
474 44
475 44
476 44
477 44
478 44
479 44
480 44
481 44
482 44
483 44
484 45
485 45
486 45
487 45
488 46
489 46
490 46
491 46
492 46
493 46
494 46
495 46
496 47
497 47
498 47
499 47
500 48
501 48
502 48
503 48
504 48
505 48
506 48
507 48
508 48
509 48
510 48
511 48
512 48
513 48
514 48
515 49
516 49
517 49
518 49
519 50
520 50
521 50
522 50
523 50
524 50
525 50
526 50
527 50
528 50
529 50
530 50
531 50
532 50
533 50
534 50
535 50
536 50
537 50
538 50
539 50
540 50
541 50
542 51
543 51
544 51
545 51
546 51
547 51
548 52
549 52
550 52
551 52
552 52
553 52
554 52
555 52
556 52
557 52
558 52
559 52
560 52
561 52
562 52
563 52
564 52
565 52
566 52
567 52
568 52
569 52
570 52
571 52
572 52
573 52
574 52
575 52
576 52
577 52
578 52
579 52
580 54
581 54
582 54
583 54
584 54
585 56
586 56
587 56
588 56
589 56
590 56
591 56
592 56
593 56
594 56
595 57
596 57
597 57
598 57
599 57
600 57
601 57
602 57
603 57
604 57
605 57
606 57
607 57
608 57
609 57
610 57
611 57
612 57
613 57
614 57
615 57
616 57
617 57
618 57
619 57
620 57
621 57
622 57
623 57
624 57
625 57
626 57
627 57
628 57
629 60
630 60
631 60
632 60
633 60
634 60
635 60
636 60
637 60
638 60
639 60
640 60
641 60
642 60
643 60
644 61
645 61
646 61
647 61
648 61
649 61
650 61
651 61
652 61
653 61
654 61
655 61
656 61
657 61
658 61
659 61
660 61
661 61
662 61
663 61
664 61
665 61
666 61
667 61
668 62
669 62
670 62
671 62
672 62
673 62
674 62
675 62
676 62
677 62
678 62
679 62
680 62
681 62
682 62
683 62
684 62
685 62
686 62
687 62
688 62
689 62
690 62
691 62
692 62
693 62
694 62
695 62
696 62
697 62
698 62
699 62
700 62
701 62
702 62
703 62
704 62
705 62
706 62
707 62
708 62
709 62
710 62
711 62
712 62
713 62
714 62
715 62
716 62
717 62
718 62
719 62
720 62
721 62
722 62
723 62
724 62
725 63
726 63
727 63
728 63
729 63
730 63
731 63
732 63
733 63
734 63
735 63
736 63
737 63
738 63
739 63
740 63
741 63
742 63
743 63
744 63
745 63
746 63
747 63
748 64
749 64
750 64
751 64
752 64
753 64
754 64
755 64
756 64
757 64
758 64
759 64
760 64
761 64
762 64
763 64
764 64
765 64
766 64
767 64
768 64
769 64
770 64
771 64
772 64
773 64
774 64
775 64
776 64
777 64
778 65
779 65
780 65
781 65
782 65
783 65
784 65
785 65
786 65
787 65
788 65
789 65
790 65
791 66
792 66
793 66
794 66
795 66
796 66
797 66
798 66
799 66
800 66
801 66
802 66
803 66
804 65
805 65
806 65
807 65
808 65
809 65
810 65
811 65
812 65
813 65
814 65
815 65
816 65
817 66
818 66
819 66
820 66
821 66
822 66
823 66
824 66
825 66
826 66
827 66
828 66
829 66
830 66
831 66
832 66
833 66
834 66
835 66
836 66
837 66
838 66
839 66
840 66
841 66
842 66
843 66
844 66
845 66
846 66
847 66
848 66
849 66
850 66
851 66
852 67
853 67
854 67
855 67
856 67
857 67
858 67
859 67
860 67
861 67
862 67
863 67
864 67
865 67
866 67
867 67
868 67
869 67
870 67
871 67
872 67
873 67
874 67
875 67
876 67
877 67
878 67
879 67
880 67
881 67
882 67
883 67
884 67
885 67
886 67
887 67
888 67
889 67
890 67
891 67
892 67
893 67
894 67
895 67
896 67
897 67
898 67
899 67
900 67
901 67
902 67
903 67
904 67
905 67
906 67
907 67
908 67
909 67
910 67
911 68
912 68
913 68
914 68
915 68
916 68
917 68
918 68
919 68
920 68
921 68
922 68
923 68
924 68
925 69
926 69
927 69
928 69
929 69
930 69
931 69
932 69
933 69
934 69
935 69
936 69
937 69
938 69
939 69
940 69
941 69
942 69
943 69
944 69
945 69
946 69
947 69
948 69
949 69
950 69
951 69
952 69
953 69
954 70
955 70
956 70
957 70
958 70
959 70
960 70
961 70
962 70
963 70
964 70
965 70
966 70
967 70
968 70
969 71
970 71
971 71
972 71
973 71
974 71
975 71
976 71
977 71
978 71
979 71
980 71
981 71
982 71
983 71
984 71
985 71
986 71
987 71
988 71
989 70
990 70
991 70
992 71
993 71
994 71
995 71
996 71
997 72
998 72
999 72
