#iterations fitness
0 0
1 2
2 3
3 3
4 3
5 3
6 5
7 5
8 5
9 5
10 6
11 6
12 6
13 6
14 9
15 9
16 10
17 10
18 10
19 10
20 10
21 10
22 10
23 11
24 13
25 13
26 13
27 13
28 15
29 15
30 15
31 15
32 15
33 15
34 15
35 15
36 15
37 15
38 15
39 16
40 16
41 16
42 16
43 16
44 16
45 17
46 18
47 18
48 18
49 18
50 18
51 19
52 19
53 19
54 19
55 20
56 20
57 21
58 21
59 21
60 21
61 21
62 21
63 21
64 22
65 24
66 24
67 24
68 24
69 25
70 27
71 27
72 27
73 27
74 31
75 31
76 31
77 31
78 31
79 31
80 31
81 32
82 33
83 33
84 33
85 34
86 34
87 34
88 34
89 34
90 34
91 34
92 34
93 36
94 36
95 36
96 36
97 37
98 37
99 37
100 38
101 38
102 38
103 39
104 39
105 39
106 39
107 39
108 39
109 40
110 40
111 40
112 41
113 41
114 41
115 41
116 41
117 41
118 41
119 42
120 42
121 43
122 43
123 43
124 43
125 43
126 45
127 46
128 46
129 46
130 46
131 46
132 47
133 47
134 47
135 50
136 50
137 50
138 50
139 50
140 50
141 50
142 50
143 51
144 51
145 51
146 51
147 51
148 51
149 51
150 53
151 53
152 53
153 53
154 54
155 54
156 55
157 55
158 55
159 55
160 55
161 55
162 56
163 56
164 56
165 56
166 56
167 58
168 58
169 58
170 58
171 58
172 58
173 60
174 60
175 60
176 61
177 61
178 61
179 61
180 62
181 62
182 62
183 62
184 63
185 63
186 64
187 64
188 64
189 64
190 64
191 64
192 65
193 65
194 65
195 65
196 65
197 66
198 66
199 67
200 67
201 67
202 67
203 67
204 68
205 68
206 68
207 68
208 69
209 71
210 71
211 71
212 71
213 71
214 71
215 72
216 72
217 72
218 72
219 73
220 73
221 73
222 73
223 73
224 73
225 73
226 73
227 73
228 73
229 74
230 74
231 74
232 74
233 74
234 74
235 74
236 74
237 74
238 75
239 75
240 75
241 75
242 75
243 75
244 75
245 75
246 75
247 75
248 77
249 77
250 77
251 77
252 77
253 77
254 77
255 77
256 77
257 77
258 76
259 76
260 76
261 76
262 76
263 78
264 78
265 78
266 78
267 78
268 78
269 78
270 80
271 80
272 80
273 80
274 81
275 81
276 81
277 81
278 81
279 81
280 81
281 81
282 81
283 82
284 82
285 82
286 83
287 83
288 84
289 84
290 84
291 84
292 84
293 84
294 84
295 84
296 84
297 87
298 87
299 87
300 87
301 87
302 87
303 87
304 87
305 87
306 89
307 89
308 89
309 89
310 89
311 89
312 89
313 89
314 89
315 89
316 89
317 89
318 91
319 91
320 91
321 91
322 91
323 93
324 93
325 93
326 93
327 93
328 93
329 95
330 95
331 95
332 95
333 95
334 96
335 96
336 96
337 96
338 96
339 96
340 96
341 96
342 96
343 97
344 97
345 97
346 97
347 97
348 97
349 97
350 98
351 98
352 98
353 98
354 99
355 99
356 99
357 99
358 99
359 99
360 100
361 100
362 100
363 100
364 102
365 102
366 102
367 102
368 102
369 102
370 102
371 102
372 102
373 102
374 102
375 104
376 104
377 104
378 104
379 104
380 104
381 104
382 104
383 104
384 104
385 104
386 104
387 104
388 105
389 105
390 105
391 105
392 107
393 107
394 107
395 107
396 108
397 108
398 108
399 108
400 108
401 108
402 108
403 108
404 108
405 108
406 108
407 109
408 109
409 109
410 109
411 109
412 109
413 109
414 110
415 110
416 110
417 111
418 111
419 111
420 111
421 111
422 111
423 111
424 111
425 112
426 112
427 112
428 112
429 112
430 112
431 112
432 112
433 112
434 112
435 113
436 113
437 113
438 113
439 113
440 113
441 114
442 115
443 115
444 115
445 115
446 115
447 115
448 115
449 119
450 119
451 119
452 119
453 119
454 119
455 119
456 119
457 120
458 120
459 120
460 120
461 120
462 120
463 120
464 120
465 120
466 120
467 120
468 120
469 120
470 120
471 122
472 122
473 122
474 122
475 122
476 122
477 122
478 122
479 124
480 124
481 124
482 124
483 124
484 124
485 124
486 124
487 124
488 124
489 124
490 124
491 125
492 125
493 125
494 125
495 125
496 125
497 125
498 126
499 126
500 127
501 127
502 127
503 127
504 127
505 127
506 127
507 127
508 127
509 127
510 127
511 127
512 127
513 128
514 128
515 128
516 128
517 128
518 128
519 128
520 129
521 129
522 129
523 129
524 129
525 129
526 130
527 130
528 130
529 130
530 130
531 130
532 130
533 130
534 130
535 130
536 130
537 130
538 130
539 131
540 131
541 131
542 131
543 131
544 131
545 131
546 131
547 131
548 131
549 132
550 132
551 132
552 132
553 133
554 133
555 133
556 133
557 134
558 134
559 134
560 134
561 134
562 134
563 134
564 134
565 134
566 134
567 134
568 134
569 134
570 134
571 134
572 134
573 134
574 135
575 135
576 135
577 135
578 135
579 135
580 135
581 135
582 136
583 136
584 136
585 136
586 136
587 137
588 137
589 137
590 137
591 137
592 137
593 137
594 138
595 138
596 138
597 138
598 138
599 138
600 138
601 138
602 138
603 138
604 139
605 139
606 139
607 139
608 139
609 140
610 140
611 140
612 140
613 140
614 140
615 140
616 140
617 140
618 140
619 140
620 140
621 140
622 140
623 140
624 142
625 142
626 142
627 142
628 142
629 142
630 142
631 142
632 142
633 142
634 142
635 142
636 142
637 142
638 142
639 142
640 142
641 142
642 142
643 142
644 142
645 142
646 142
647 142
648 142
649 144
650 144
651 144
652 144
653 144
654 144
655 144
656 144
657 144
658 144
659 144
660 144
661 144
662 144
663 144
664 144
665 144
666 145
667 145
668 145
669 145
670 145
671 145
672 145
673 145
674 145
675 145
676 145
677 145
678 145
679 145
680 145
681 145
682 145
683 145
684 145
685 145
686 145
687 145
688 145
689 145
690 146
691 146
692 146
693 146
694 146
695 146
696 146
697 146
698 146
699 146
700 146
701 146
702 147
703 147
704 147
705 147
706 147
707 147
708 147
709 147
710 147
711 147
712 147
713 147
714 147
715 147
716 147
717 147
718 147
719 147
720 147
721 147
722 147
723 147
724 147
725 148
726 148
727 148
728 148
729 148
730 149
731 149
732 149
733 150
734 150
735 150
736 150
737 150
738 150
739 150
740 150
741 150
742 150
743 150
744 151
745 151
746 151
747 151
748 151
749 151
750 151
751 151
752 151
753 151
754 150
755 150
756 150
757 150
758 150
759 150
760 150
761 150
762 150
763 150
764 150
765 150
766 150
767 150
768 150
769 150
770 150
771 150
772 150
773 150
774 150
775 150
776 150
777 150
778 150
779 150
780 151
781 151
782 151
783 151
784 151
785 151
786 151
787 151
788 151
789 151
790 151
791 151
792 151
793 152
794 152
795 152
796 152
797 152
798 152
799 153
800 153
801 153
802 153
803 154
804 154
805 154
806 154
807 154
808 154
809 154
810 154
811 154
812 154
813 154
814 154
815 155
816 155
817 155
818 155
819 155
820 155
821 155
822 155
823 155
824 155
825 155
826 155
827 155
828 155
829 155
830 155
831 155
832 155
833 155
834 155
835 155
836 155
837 155
838 155
839 155
840 155
841 156
842 156
843 156
844 156
845 156
846 156
847 156
848 156
849 156
850 156
851 156
852 156
853 156
854 156
855 156
856 156
857 156
858 157
859 157
860 157
861 157
862 157
863 157
864 157
865 157
866 157
867 157
868 158
869 158
870 158
871 158
872 158
873 158
874 158
875 158
876 158
877 158
878 158
879 158
880 158
881 158
882 158
883 158
884 158
885 158
886 158
887 158
888 158
889 158
890 158
891 158
892 158
893 158
894 158
895 158
896 158
897 159
898 159
899 159
900 159
901 159
902 159
903 159
904 159
905 159
906 159
907 159
908 159
909 159
910 160
911 160
912 160
913 160
914 160
915 160
916 160
917 160
918 160
919 160
920 161
921 161
922 161
923 161
924 161
925 161
926 161
927 162
928 162
929 162
930 162
931 162
932 162
933 162
934 162
935 162
936 162
937 162
938 162
939 161
940 161
941 161
942 161
943 161
944 161
945 161
946 161
947 161
948 161
949 161
950 161
951 161
952 161
953 161
954 161
955 161
956 161
957 161
958 161
959 161
960 161
961 161
962 162
963 162
964 162
965 162
966 162
967 162
968 162
969 162
970 162
971 162
972 162
973 162
974 162
975 162
976 162
977 162
978 162
979 162
980 162
981 162
982 162
983 162
984 162
985 162
986 162
987 162
988 162
989 162
990 162
991 162
992 162
993 162
994 162
995 162
996 162
997 162
998 162
999 162
1000 162
1001 162
1002 162
1003 162
1004 162
1005 163
1006 163
1007 163
1008 163
1009 163
1010 163
1011 163
1012 163
1013 163
1014 163
1015 163
1016 163
1017 163
1018 163
1019 163
1020 163
1021 165
1022 165
1023 165
1024 165
1025 165
1026 165
1027 165
1028 165
1029 165
1030 165
1031 165
1032 165
1033 165
1034 165
1035 165
1036 165
1037 165
1038 165
1039 166
1040 166
1041 166
1042 166
1043 166
1044 166
1045 166
1046 166
1047 166
1048 166
1049 166
1050 166
1051 166
1052 166
1053 166
1054 166
1055 167
1056 167
1057 167
1058 167
1059 167
1060 167
1061 167
1062 167
1063 167
1064 167
1065 167
1066 167
1067 167
1068 167
1069 167
1070 167
1071 167
1072 167
1073 167
1074 167
1075 167
1076 167
1077 167
1078 167
1079 167
1080 167
1081 167
1082 167
1083 167
1084 167
1085 166
1086 166
1087 166
1088 166
1089 166
1090 166
1091 166
1092 166
1093 166
1094 166
1095 166
1096 166
1097 166
1098 167
1099 167
1100 167
1101 167
1102 167
1103 167
1104 167
1105 167
1106 167
1107 167
1108 167
1109 167
1110 167
1111 167
1112 168
1113 168
1114 168
1115 168
1116 168
1117 169
1118 169
1119 169
1120 169
1121 169
1122 170
1123 170
1124 170
1125 170
1126 170
1127 170
1128 170
1129 170
1130 170
1131 170
1132 170
1133 170
1134 169
1135 169
1136 169
1137 169
1138 169
1139 169
1140 169
1141 169
1142 169
1143 170
1144 170
1145 170
1146 170
1147 170
1148 170
1149 170
1150 170
1151 170
1152 170
1153 170
1154 170
1155 170
1156 170
1157 170
1158 170
1159 170
1160 170
1161 170
1162 170
1163 170
1164 170
1165 170
1166 170
1167 170
1168 171
1169 171
1170 171
1171 171
1172 171
1173 171
1174 171
1175 171
1176 171
1177 171
1178 171
1179 171
1180 171
1181 171
1182 171
1183 171
1184 171
1185 171
1186 171
1187 171
1188 171
1189 171
1190 171
1191 171
1192 171
1193 171
1194 171
1195 171
1196 171
1197 171
1198 171
1199 171
1200 171
1201 172
1202 172
1203 172
1204 172
1205 172
1206 172
1207 172
1208 172
1209 172
1210 172
1211 172
1212 172
1213 172
1214 172
1215 173
1216 173
1217 173
1218 173
1219 173
1220 173
1221 173
1222 173
1223 173
1224 173
1225 172
1226 172
1227 172
1228 172
1229 172
1230 172
1231 172
1232 172
1233 172
1234 172
1235 172
1236 172
1237 172
1238 172
1239 172
1240 172
1241 172
1242 172
1243 173
1244 173
1245 173
1246 173
1247 173
1248 173
1249 173
1250 173
1251 173
1252 173
1253 173
1254 173
1255 173
1256 173
1257 173
1258 173
1259 173
1260 173
1261 173
1262 173
1263 174
1264 174
1265 174
1266 174
1267 174
1268 174
1269 174
1270 174
1271 174
1272 174
1273 174
1274 174
1275 174
1276 174
1277 174
1278 174
1279 174
1280 174
1281 174
1282 174
1283 174
1284 174
1285 174
1286 174
1287 174
1288 174
1289 174
1290 174
1291 174
1292 174
1293 174
1294 174
1295 174
1296 174
1297 174
1298 174
1299 174
1300 174
1301 174
1302 173
1303 173
1304 173
1305 173
1306 173
1307 173
1308 173
1309 173
1310 173
1311 173
1312 173
1313 173
1314 173
1315 173
1316 173
1317 173
1318 173
1319 173
1320 173
1321 173
1322 173
1323 173
1324 173
1325 173
1326 173
1327 173
1328 173
1329 173
1330 173
1331 173
1332 173
1333 173
1334 173
1335 173
1336 173
1337 173
1338 173
1339 173
1340 173
1341 173
1342 173
1343 173
1344 173
1345 173
1346 173
1347 173
1348 173
1349 173
1350 173
1351 173
1352 173
1353 173
1354 173
1355 173
1356 173
1357 173
1358 173
1359 173
1360 173
1361 174
1362 174
1363 174
1364 174
1365 174
1366 174
1367 174
1368 174
1369 174
1370 174
1371 174
1372 174
1373 174
1374 174
1375 174
1376 174
1377 174
1378 174
1379 174
1380 174
1381 174
1382 174
1383 174
1384 175
1385 175
1386 176
1387 176
1388 176
1389 176
1390 176
1391 176
1392 176
1393 176
1394 176
1395 176
1396 176
1397 177
1398 177
1399 177
1400 177
1401 177
1402 177
1403 177
1404 177
1405 177
1406 177
1407 176
1408 176
1409 176
1410 176
1411 176
1412 176
1413 176
1414 176
1415 176
1416 176
1417 176
1418 176
1419 176
1420 177
1421 177
1422 177
1423 177
1424 177
1425 177
1426 177
1427 177
1428 177
1429 177
1430 177
1431 177
1432 177
1433 177
1434 177
1435 177
1436 177
1437 177
1438 177
1439 177
1440 177
1441 177
1442 177
1443 177
1444 178
1445 178
1446 178
1447 178
1448 178
1449 178
1450 178
1451 178
1452 178
1453 178
1454 178
1455 178
1456 177
1457 177
1458 177
1459 177
1460 177
1461 177
1462 177
1463 177
1464 177
1465 177
1466 178
1467 178
1468 178
1469 178
1470 178
1471 178
1472 178
1473 178
1474 178
1475 178
1476 178
1477 178
1478 178
1479 178
1480 178
1481 178
1482 178
1483 178
1484 178
1485 178
1486 178
1487 178
1488 178
1489 178
1490 178
1491 178
1492 178
1493 178
1494 178
1495 178
1496 179
1497 179
1498 179
1499 179
1500 179
1501 179
1502 179
1503 179
1504 179
1505 179
1506 179
1507 179
1508 179
1509 179
1510 179
1511 179
1512 179
1513 179
1514 179
1515 181
1516 181
1517 181
1518 181
1519 181
1520 181
1521 181
1522 181
1523 181
1524 181
1525 181
1526 181
1527 181
1528 181
1529 181
1530 181
1531 181
1532 181
1533 181
1534 180
1535 180
1536 180
1537 180
1538 180
1539 180
1540 180
1541 180
1542 180
1543 180
1544 180
1545 180
1546 180
1547 180
1548 180
1549 180
1550 181
1551 181
1552 181
1553 181
1554 181
1555 181
1556 181
1557 181
1558 181
1559 181
1560 181
1561 181
1562 181
1563 181
1564 181
1565 181
1566 181
1567 181
1568 181
1569 181
1570 181
1571 181
1572 181
1573 181
1574 181
1575 182
1576 182
1577 182
1578 182
1579 182
1580 182
1581 182
1582 182
1583 182
1584 182
1585 181
1586 181
1587 181
1588 181
1589 182
1590 182
1591 182
1592 182
1593 182
1594 182
1595 182
1596 182
1597 182
1598 182
1599 182
1600 182
1601 182
1602 182
1603 182
1604 182
1605 182
1606 182
1607 182
1608 182
1609 182
1610 182
1611 182
1612 182
1613 182
1614 182
1615 182
1616 182
1617 182
1618 182
1619 182
1620 182
1621 182
1622 182
1623 182
1624 182
1625 182
1626 182
1627 182
1628 182
1629 182
1630 182
1631 182
1632 182
1633 182
1634 182
1635 182
1636 182
1637 182
1638 182
1639 182
1640 182
1641 182
1642 182
1643 182
1644 182
1645 182
1646 182
1647 182
1648 182
1649 182
1650 182
1651 182
1652 182
1653 182
1654 182
1655 182
1656 182
1657 182
1658 182
1659 182
1660 182
1661 182
1662 182
1663 182
1664 182
1665 182
1666 182
1667 182
1668 182
1669 182
1670 182
1671 182
1672 182
1673 182
1674 184
1675 184
1676 184
1677 184
1678 184
1679 184
1680 184
1681 184
1682 184
1683 184
1684 184
1685 184
1686 184
1687 184
1688 184
1689 184
1690 184
1691 184
1692 184
1693 184
1694 184
1695 184
1696 184
1697 184
1698 185
1699 185
1700 185
1701 185
1702 185
1703 185
1704 185
1705 185
1706 185
1707 185
1708 185
1709 185
1710 185
1711 185
1712 185
1713 185
1714 185
1715 185
1716 185
1717 185
1718 185
1719 185
1720 185
1721 185
1722 185
1723 185
1724 185
1725 185
1726 185
1727 185
1728 185
1729 185
1730 185
1731 185
1732 185
1733 185
1734 185
1735 185
1736 185
1737 185
1738 185
1739 185
1740 185
1741 185
1742 185
1743 185
1744 185
1745 185
1746 185
1747 185
1748 185
1749 185
1750 185
1751 185
1752 185
1753 185
1754 185
1755 185
1756 185
1757 185
1758 185
1759 185
1760 185
1761 185
1762 185
1763 185
1764 185
1765 185
1766 185
1767 185
1768 185
1769 185
1770 185
1771 185
1772 185
1773 185
1774 185
1775 185
1776 185
1777 185
1778 185
1779 186
1780 186
1781 186
1782 186
1783 186
1784 186
1785 186
1786 186
1787 186
1788 186
1789 186
1790 186
1791 186
1792 186
1793 186
1794 186
1795 186
1796 186
1797 186
1798 186
1799 186
1800 186
1801 186
1802 186
1803 186
1804 186
1805 185
1806 185
1807 185
1808 185
1809 185
1810 185
1811 185
1812 185
1813 185
1814 185
1815 185
1816 185
1817 185
1818 185
1819 185
1820 185
1821 185
1822 185
1823 185
1824 186
1825 186
1826 186
1827 186
1828 186
1829 186
1830 186
1831 187
1832 187
1833 187
1834 187
1835 187
1836 187
1837 187
1838 187
1839 187
1840 187
1841 186
1842 186
1843 186
1844 186
1845 186
1846 186
1847 186
1848 186
1849 186
1850 186
1851 186
1852 186
1853 186
1854 186
1855 186
1856 186
1857 186
1858 186
1859 186
1860 186
1861 186
1862 186
1863 186
1864 186
1865 186
1866 186
1867 186
1868 186
1869 186
1870 186
1871 187
1872 187
1873 187
1874 187
1875 187
1876 187
1877 187
1878 187
1879 187
1880 187
1881 187
1882 187
1883 187
1884 187
1885 188
1886 188
1887 188
1888 188
1889 188
1890 188
1891 188
1892 188
1893 188
1894 188
1895 188
1896 188
1897 188
1898 188
1899 188
1900 188
1901 188
1902 188
1903 188
1904 188
1905 188
1906 188
1907 188
1908 188
1909 188
1910 188
1911 188
1912 188
1913 188
1914 188
1915 188
1916 188
1917 188
1918 188
1919 188
1920 188
1921 189
1922 189
1923 189
1924 189
1925 189
1926 189
1927 189
1928 189
1929 189
1930 189
1931 189
1932 189
1933 189
1934 189
1935 189
1936 189
1937 188
1938 188
1939 188
1940 188
1941 188
1942 188
1943 189
1944 189
1945 189
1946 189
1947 189
1948 189
1949 189
1950 189
1951 189
1952 189
1953 189
1954 189
1955 189
1956 189
1957 189
1958 189
1959 189
1960 189
1961 189
1962 188
1963 188
1964 188
1965 188
1966 188
1967 188
1968 188
1969 188
1970 188
1971 188
1972 188
1973 188
1974 188
1975 188
1976 188
1977 188
1978 188
1979 188
1980 188
1981 188
1982 188
1983 188
1984 188
1985 188
1986 188
1987 188
1988 188
1989 188
1990 188
1991 188
1992 188
1993 188
1994 188
1995 188
1996 188
1997 188
1998 188
1999 188
2000 188
2001 188
2002 188
2003 188
2004 188
2005 188
2006 188
2007 188
2008 188
2009 188
2010 188
2011 188
2012 188
2013 188
2014 188
2015 188
2016 188
2017 188
2018 188
2019 188
2020 188
2021 188
2022 189
2023 189
2024 189
2025 189
2026 189
2027 189
2028 189
2029 189
2030 189
2031 189
2032 189
2033 190
2034 190
2035 190
2036 190
2037 190
2038 190
2039 190
2040 190
2041 190
2042 190
2043 190
2044 190
2045 190
2046 190
2047 190
2048 190
2049 190
2050 190
2051 190
2052 190
2053 190
2054 190
2055 191
2056 191
2057 191
2058 191
2059 191
2060 191
2061 191
2062 191
2063 191
2064 191
2065 191
2066 191
2067 191
2068 191
2069 191
2070 191
2071 191
2072 191
2073 191
2074 191
2075 191
2076 191
2077 191
2078 191
2079 191
2080 191
2081 191
2082 191
2083 191
2084 191
2085 191
2086 191
2087 191
2088 191
2089 191
2090 191
2091 191
2092 191
2093 191
2094 191
2095 191
2096 191
2097 192
2098 192
2099 192
2100 192
2101 192
2102 192
2103 192
2104 192
2105 192
2106 192
2107 192
2108 192
2109 192
2110 192
2111 192
2112 192
2113 192
2114 192
2115 192
2116 192
2117 192
2118 192
2119 192
2120 192
2121 192
2122 192
2123 192
2124 192
2125 192
2126 192
2127 192
2128 192
2129 192
2130 192
2131 192
2132 192
2133 192
2134 192
2135 192
2136 192
2137 192
2138 192
2139 192
2140 192
2141 192
2142 192
2143 192
2144 192
2145 192
2146 192
2147 192
2148 192
2149 192
2150 192
2151 192
2152 192
2153 192
2154 192
2155 192
2156 192
2157 192
2158 192
2159 192
2160 192
2161 192
2162 192
2163 192
2164 192
2165 192
2166 192
2167 192
2168 192
2169 192
2170 192
2171 192
2172 192
2173 192
2174 193
2175 193
2176 194
2177 194
2178 194
2179 194
2180 194
2181 194
2182 194
2183 194
2184 194
2185 194
2186 193
2187 193
2188 193
2189 193
2190 193
2191 193
2192 193
2193 193
2194 193
2195 193
2196 193
2197 193
2198 193
2199 193
2200 193
2201 193
2202 193
2203 193
2204 193
2205 193
2206 193
2207 193
2208 193
2209 193
2210 193
2211 193
2212 193
2213 193
2214 193
2215 193
2216 193
2217 193
2218 193
2219 193
2220 193
2221 193
2222 193
2223 193
2224 193
2225 193
2226 193
2227 193
2228 193
2229 193
2230 193
2231 193
2232 193
2233 193
2234 193
2235 193
2236 193
2237 193
2238 193
2239 193
2240 193
2241 193
2242 193
2243 193
2244 193
2245 193
2246 193
2247 193
2248 193
2249 193
2250 193
2251 193
2252 193
2253 193
2254 193
2255 193
2256 193
2257 193
2258 193
2259 193
2260 193
2261 193
2262 193
2263 193
2264 193
2265 193
2266 193
2267 193
2268 193
2269 193
2270 193
2271 193
2272 193
2273 193
2274 193
2275 193
2276 193
2277 193
2278 193
2279 193
2280 193
2281 193
2282 193
2283 193
2284 193
2285 193
2286 193
2287 193
2288 193
2289 193
2290 193
2291 193
2292 193
2293 193
2294 193
2295 193
2296 193
2297 193
2298 193
2299 193
2300 193
2301 193
2302 193
2303 193
2304 193
2305 193
2306 193
2307 193
2308 194
2309 194
2310 194
2311 194
2312 194
2313 194
2314 194
2315 194
2316 194
2317 194
2318 194
2319 194
2320 194
2321 194
2322 194
2323 194
2324 194
2325 194
2326 194
2327 194
2328 194
2329 194
2330 194
2331 194
2332 194
2333 194
2334 194
2335 194
2336 194
2337 194
2338 194
2339 194
2340 194
2341 194
2342 194
2343 194
2344 194
2345 194
2346 194
2347 194
2348 194
2349 194
2350 194
2351 194
2352 194
2353 194
2354 194
2355 194
2356 194
2357 194
2358 194
2359 194
2360 194
2361 194
2362 194
2363 194
2364 194
2365 194
2366 194
2367 195
2368 195
2369 195
2370 195
2371 195
2372 195
2373 195
2374 196
2375 196
2376 196
2377 196
2378 196
2379 196
2380 196
2381 196
2382 196
2383 196
2384 196
2385 196
2386 196
2387 196
2388 196
2389 196
2390 196
2391 196
2392 196
2393 196
2394 196
2395 196
2396 196
2397 196
2398 196
2399 196
2400 196
2401 196
2402 196
2403 196
2404 196
2405 196
2406 196
2407 196
2408 196
2409 196
2410 196
2411 196
2412 196
2413 196
2414 196
2415 196
2416 196
2417 196
2418 196
2419 196
2420 196
2421 196
2422 196
2423 196
2424 196
2425 196
2426 196
2427 196
2428 196
2429 196
2430 196
2431 196
2432 196
2433 196
2434 196
2435 196
2436 196
2437 196
2438 196
2439 196
2440 196
2441 197
2442 197
2443 197
2444 197
2445 197
2446 197
2447 197
2448 197
2449 197
2450 197
2451 197
2452 197
2453 197
2454 197
2455 197
2456 197
2457 197
2458 197
2459 197
2460 197
2461 197
2462 197
2463 197
2464 197
2465 197
2466 197
2467 197
2468 197
2469 197
2470 197
2471 197
2472 197
2473 197
2474 197
2475 197
2476 197
2477 197
2478 197
2479 197
2480 197
2481 197
2482 197
2483 197
2484 197
2485 197
2486 197
2487 197
2488 197
2489 197
2490 197
2491 197
2492 197
2493 197
2494 197
2495 197
2496 197
2497 197
2498 197
2499 197
2500 197
2501 197
2502 197
2503 197
2504 197
2505 197
2506 197
2507 197
2508 197
2509 197
2510 197
2511 197
2512 197
2513 197
2514 197
2515 197
2516 197
2517 197
2518 197
2519 197
2520 197
2521 197
2522 197
2523 197
2524 197
2525 197
2526 197
2527 197
2528 197
2529 197
2530 197
2531 197
2532 197
2533 197
2534 197
2535 197
2536 197
2537 197
2538 197
2539 197
2540 197
2541 197
2542 197
2543 197
2544 197
2545 197
2546 197
2547 197
2548 197
2549 197
2550 197
2551 197
2552 197
2553 197
2554 197
2555 197
2556 197
2557 197
2558 197
2559 197
2560 197
2561 197
2562 197
2563 197
2564 197
2565 197
2566 197
2567 197
2568 197
2569 197
2570 197
2571 197
2572 197
2573 197
2574 197
2575 197
2576 197
2577 197
2578 197
2579 197
2580 197
2581 197
2582 197
2583 197
2584 197
2585 197
2586 197
2587 197
2588 197
2589 197
2590 197
2591 197
2592 197
2593 197
2594 197
2595 197
2596 197
2597 197
2598 197
2599 197
2600 197
2601 197
2602 197
2603 197
2604 197
2605 197
2606 197
2607 197
2608 197
2609 197
2610 197
2611 197
2612 197
2613 197
2614 197
2615 197
2616 197
2617 197
2618 197
2619 197
2620 197
2621 197
2622 197
2623 197
2624 197
2625 197
2626 197
2627 197
2628 197
2629 197
2630 197
2631 197
2632 197
2633 197
2634 197
2635 197
2636 197
2637 197
2638 197
2639 197
2640 197
2641 197
2642 197
2643 197
2644 197
2645 197
2646 197
2647 197
2648 197
2649 198
2650 198
2651 198
2652 198
2653 198
2654 198
2655 198
2656 198
2657 198
2658 198
2659 198
2660 198
2661 198
2662 198
2663 198
2664 198
2665 198
2666 198
2667 198
2668 198
2669 198
2670 198
2671 198
2672 198
2673 198
2674 198
2675 198
2676 198
2677 198
2678 198
2679 198
2680 198
2681 198
2682 198
2683 198
2684 198
2685 198
2686 198
2687 198
2688 198
2689 198
2690 198
2691 198
2692 198
2693 198
2694 198
2695 198
2696 198
2697 198
2698 198
2699 198
2700 198
2701 198
2702 198
2703 198
2704 198
2705 198
2706 198
2707 198
2708 198
2709 198
2710 198
2711 198
2712 198
2713 198
2714 198
2715 198
2716 198
2717 198
2718 198
2719 198
2720 198
2721 198
2722 198
2723 198
2724 198
2725 198
2726 198
2727 198
2728 198
2729 198
2730 198
2731 198
2732 198
2733 198
2734 198
2735 198
2736 198
2737 198
2738 198
2739 198
2740 198
2741 198
2742 198
2743 198
2744 198
2745 198
2746 198
2747 198
2748 198
2749 198
2750 198
2751 198
2752 198
2753 198
2754 198
2755 198
2756 198
2757 198
2758 198
2759 198
2760 198
2761 198
2762 198
2763 198
2764 198
2765 198
2766 198
2767 198
2768 198
2769 198
2770 198
2771 198
2772 198
2773 198
2774 198
2775 198
2776 198
2777 198
2778 198
2779 198
2780 198
2781 198
2782 198
2783 198
2784 198
2785 198
2786 198
2787 198
2788 198
2789 198
2790 198
2791 198
2792 198
2793 198
2794 198
2795 198
2796 198
2797 198
2798 198
2799 198
2800 198
2801 198
2802 198
2803 198
2804 198
2805 198
2806 198
2807 198
2808 198
2809 198
2810 198
2811 198
2812 198
2813 198
2814 198
2815 198
2816 198
2817 198
2818 198
2819 198
2820 198
2821 198
2822 198
2823 198
2824 198
2825 198
2826 198
2827 198
2828 198
2829 198
2830 198
2831 198
2832 198
2833 198
2834 198
2835 198
2836 198
2837 198
2838 198
2839 198
2840 198
2841 198
2842 198
2843 198
2844 198
2845 198
2846 198
2847 198
2848 198
2849 198
2850 198
2851 198
2852 198
2853 198
2854 198
2855 198
2856 198
2857 198
2858 198
2859 198
2860 198
2861 198
2862 198
2863 198
2864 198
2865 198
2866 198
2867 198
2868 198
2869 198
2870 198
2871 198
2872 198
2873 198
2874 198
2875 198
2876 198
2877 198
2878 198
2879 198
2880 198
2881 198
2882 198
2883 198
2884 198
2885 198
2886 198
2887 198
2888 198
2889 198
2890 198
2891 198
2892 198
2893 198
2894 198
2895 198
2896 198
2897 198
2898 198
2899 198
2900 198
2901 198
2902 198
2903 198
2904 198
2905 198
2906 198
2907 198
2908 198
2909 198
2910 198
2911 198
2912 198
2913 198
2914 198
2915 198
2916 198
2917 198
2918 198
2919 198
2920 198
2921 198
2922 198
2923 198
2924 198
2925 198
2926 198
2927 198
2928 198
2929 198
2930 198
2931 198
2932 198
2933 198
2934 198
2935 198
2936 198
2937 198
2938 198
2939 198
2940 198
2941 198
2942 198
2943 198
2944 198
2945 198
2946 198
2947 198
2948 198
2949 198
2950 198
2951 198
2952 198
2953 198
2954 198
2955 198
2956 198
2957 198
2958 198
2959 198
2960 198
2961 198
2962 198
2963 198
2964 198
2965 198
2966 198
2967 198
2968 198
2969 198
2970 198
2971 198
2972 198
2973 198
2974 198
2975 198
2976 198
2977 198
2978 198
2979 198
2980 198
2981 198
2982 198
2983 198
2984 198
2985 198
2986 198
2987 198
2988 198
2989 198
2990 198
2991 198
2992 198
2993 198
2994 198
2995 198
2996 198
2997 198
2998 198
2999 198
3000 198
3001 199
3002 199
3003 199
3004 199
3005 199
3006 199
3007 199
3008 199
3009 199
3010 199
3011 198
3012 198
3013 198
3014 198
3015 198
3016 198
3017 198
3018 198
3019 198
3020 198
3021 198
3022 198
3023 198
3024 198
3025 198
3026 198
3027 198
3028 198
3029 198
3030 198
3031 198
3032 198
3033 198
3034 198
3035 198
3036 198
3037 198
3038 198
3039 198
3040 198
3041 198
3042 198
3043 198
3044 198
3045 198
3046 198
3047 198
3048 198
3049 198
3050 198
3051 198
3052 198
3053 198
3054 198
3055 198
3056 198
3057 198
3058 198
3059 198
3060 198
3061 198
3062 198
3063 198
3064 198
3065 198
3066 198
3067 198
3068 198
3069 198
3070 198
3071 198
3072 198
3073 197
3074 197
3075 197
3076 197
3077 197
3078 197
3079 197
3080 197
3081 197
3082 197
3083 197
3084 197
3085 197
3086 197
3087 197
3088 197
3089 197
3090 197
3091 197
3092 197
3093 197
3094 197
3095 197
3096 197
3097 197
3098 197
3099 197
3100 197
3101 197
3102 197
3103 197
3104 197
3105 197
3106 197
3107 197
3108 197
3109 197
3110 197
3111 197
3112 197
3113 197
3114 197
3115 197
3116 197
3117 197
3118 197
3119 197
3120 197
3121 197
3122 197
3123 197
3124 197
3125 197
3126 197
3127 197
3128 197
3129 197
3130 197
3131 197
3132 197
3133 197
3134 197
3135 197
3136 197
3137 197
3138 197
3139 197
3140 197
3141 197
3142 197
3143 197
3144 197
3145 197
3146 197
3147 197
3148 197
3149 197
3150 197
3151 197
3152 197
3153 197
3154 197
3155 197
3156 197
3157 197
3158 197
3159 197
3160 197
3161 197
3162 197
3163 197
3164 197
3165 197
3166 197
3167 197
3168 197
3169 197
3170 197
3171 197
3172 197
3173 197
3174 197
3175 197
3176 197
3177 197
3178 197
3179 197
3180 197
3181 197
3182 197
3183 197
3184 197
3185 197
3186 197
3187 197
3188 197
3189 197
3190 197
3191 197
3192 197
3193 197
3194 197
3195 197
3196 197
3197 197
3198 197
3199 197
3200 197
3201 197
3202 197
3203 197
3204 197
3205 197
3206 197
3207 197
3208 197
3209 197
3210 197
3211 197
3212 197
3213 197
3214 197
3215 197
3216 197
3217 197
3218 197
3219 197
3220 197
3221 197
3222 197
3223 197
3224 197
3225 197
3226 197
3227 197
3228 197
3229 197
3230 197
3231 197
3232 197
3233 197
3234 197
3235 197
3236 197
3237 197
3238 197
3239 197
3240 197
3241 197
3242 197
3243 197
3244 197
3245 197
3246 197
3247 197
3248 197
3249 197
3250 197
3251 197
3252 197
3253 197
3254 197
3255 197
3256 197
3257 197
3258 197
3259 197
3260 197
3261 197
3262 197
3263 197
3264 197
3265 197
3266 197
3267 197
3268 197
3269 197
3270 197
3271 197
3272 197
3273 197
3274 197
3275 197
3276 197
3277 197
3278 197
3279 197
3280 197
3281 197
3282 197
3283 197
3284 197
3285 197
3286 197
3287 197
3288 197
3289 197
3290 197
3291 197
3292 197
3293 197
3294 197
3295 197
3296 197
3297 197
3298 197
3299 197
3300 197
3301 197
3302 197
3303 197
3304 197
3305 197
3306 197
3307 197
3308 197
3309 197
3310 197
3311 197
3312 197
3313 197
3314 197
3315 197
3316 197
3317 197
3318 197
3319 197
3320 197
3321 197
3322 197
3323 197
3324 197
3325 197
3326 197
3327 197
3328 197
3329 197
3330 197
3331 197
3332 197
3333 197
3334 197
3335 197
3336 197
3337 197
3338 197
3339 197
3340 197
3341 197
3342 197
3343 197
3344 197
3345 197
3346 197
3347 197
3348 197
3349 197
3350 197
3351 197
3352 197
3353 197
3354 197
3355 197
3356 197
3357 197
3358 197
3359 197
3360 197
3361 197
3362 197
3363 197
3364 197
3365 197
3366 197
3367 197
3368 197
3369 197
3370 197
3371 197
3372 197
3373 197
3374 197
3375 197
3376 197
3377 197
3378 197
3379 197
3380 197
3381 197
3382 197
3383 197
3384 197
3385 197
3386 197
3387 197
3388 197
3389 197
3390 197
3391 197
3392 197
3393 197
3394 197
3395 197
3396 197
3397 197
3398 197
3399 197
3400 197
3401 197
3402 197
3403 197
3404 197
3405 197
3406 197
3407 197
3408 197
3409 197
3410 197
3411 197
3412 197
3413 197
3414 197
3415 197
3416 197
3417 197
3418 197
3419 197
3420 197
3421 197
3422 197
3423 197
3424 197
3425 198
3426 198
3427 198
3428 198
3429 198
3430 198
3431 198
3432 198
3433 198
3434 198
3435 198
3436 198
3437 198
3438 198
3439 198
3440 198
3441 197
3442 197
3443 197
3444 197
3445 197
3446 197
3447 197
3448 197
3449 197
3450 197
3451 197
3452 197
3453 197
3454 197
3455 197
3456 197
3457 197
3458 197
3459 197
3460 197
3461 197
3462 197
3463 197
3464 197
3465 197
3466 197
3467 197
3468 197
3469 197
3470 197
3471 197
3472 197
3473 197
3474 197
3475 197
3476 197
3477 197
3478 197
3479 197
3480 197
3481 197
3482 197
3483 197
3484 197
3485 197
3486 197
3487 197
3488 197
3489 197
3490 197
3491 197
3492 197
3493 197
3494 197
3495 197
3496 197
3497 197
3498 197
3499 197
3500 197
3501 197
3502 197
3503 197
3504 197
3505 197
3506 197
3507 197
3508 197
3509 197
3510 197
3511 197
3512 197
3513 197
3514 197
3515 197
3516 197
3517 197
3518 197
3519 197
3520 197
3521 197
3522 197
3523 197
3524 197
3525 197
3526 197
3527 197
3528 197
3529 198
3530 198
3531 198
3532 198
3533 198
3534 198
3535 198
3536 198
3537 198
3538 198
3539 198
3540 198
3541 198
3542 198
3543 198
3544 198
3545 198
3546 198
3547 198
3548 198
3549 198
3550 198
3551 198
3552 198
3553 198
3554 198
3555 198
3556 198
3557 198
3558 198
3559 198
3560 198
3561 198
3562 198
3563 198
3564 198
3565 198
3566 198
3567 198
3568 198
3569 198
3570 198
3571 198
3572 198
3573 198
3574 198
3575 198
3576 198
3577 198
3578 198
3579 198
3580 198
3581 198
3582 198
3583 198
3584 198
3585 198
3586 198
3587 198
3588 198
3589 198
3590 198
3591 198
3592 198
3593 198
3594 198
3595 198
3596 198
3597 198
3598 198
3599 198
3600 198
3601 198
3602 198
3603 198
3604 198
3605 198
3606 198
3607 198
3608 198
3609 198
3610 198
3611 198
3612 198
3613 198
3614 198
3615 198
3616 198
3617 198
3618 198
3619 198
3620 198
3621 198
3622 198
3623 198
3624 198
3625 198
3626 198
3627 198
3628 198
3629 198
3630 198
3631 198
3632 198
3633 198
3634 198
3635 198
3636 198
3637 198
3638 198
3639 197
3640 197
3641 197
3642 197
3643 197
3644 197
3645 197
3646 197
3647 197
3648 197
3649 197
3650 197
3651 197
3652 197
3653 197
3654 197
3655 197
3656 197
3657 197
3658 197
3659 197
3660 197
3661 197
3662 197
3663 197
3664 197
3665 197
3666 197
3667 197
3668 197
3669 197
3670 197
3671 197
3672 197
3673 197
3674 197
3675 197
3676 197
3677 197
3678 197
3679 197
3680 197
3681 197
3682 197
3683 197
3684 198
3685 198
3686 198
3687 198
3688 198
3689 198
3690 198
3691 198
3692 198
3693 198
3694 198
3695 198
3696 198
3697 198
3698 198
3699 198
3700 198
3701 198
3702 198
3703 198
3704 198
3705 198
3706 198
3707 198
3708 198
3709 198
3710 198
3711 198
3712 198
3713 198
3714 198
3715 198
3716 198
3717 198
3718 198
3719 198
3720 198
3721 198
3722 198
3723 198
3724 198
3725 198
3726 198
3727 198
3728 198
3729 198
3730 198
3731 198
3732 198
3733 198
3734 198
3735 198
3736 198
3737 198
3738 198
3739 198
3740 198
3741 198
3742 198
3743 198
3744 198
3745 198
3746 198
3747 198
3748 198
3749 198
3750 198
3751 198
3752 198
3753 198
3754 198
3755 198
3756 198
3757 198
3758 198
3759 198
3760 198
3761 198
3762 198
3763 198
3764 198
3765 198
3766 198
3767 198
3768 198
3769 198
3770 198
3771 198
3772 198
3773 198
3774 198
3775 198
3776 198
3777 198
3778 198
3779 198
3780 198
3781 198
3782 198
3783 198
3784 198
3785 198
3786 198
3787 198
3788 198
3789 198
3790 198
3791 198
3792 198
3793 198
3794 198
3795 198
3796 198
3797 198
3798 198
3799 198
3800 198
3801 198
3802 198
3803 198
3804 198
3805 198
3806 198
3807 198
3808 198
3809 198
3810 198
3811 198
3812 198
3813 198
3814 198
3815 198
3816 198
3817 198
3818 198
3819 198
3820 198
3821 198
3822 198
3823 198
3824 198
3825 198
3826 198
3827 198
3828 198
3829 198
3830 198
3831 198
3832 198
3833 198
3834 198
3835 198
3836 198
3837 198
3838 198
3839 198
3840 198
3841 198
3842 198
3843 198
3844 198
3845 198
3846 198
3847 198
3848 198
3849 198
3850 198
3851 198
3852 198
3853 198
3854 198
3855 198
3856 198
3857 198
3858 198
3859 198
3860 198
3861 198
3862 198
3863 198
3864 198
3865 198
3866 198
3867 198
3868 198
3869 198
3870 198
3871 198
3872 198
3873 198
3874 198
3875 198
3876 198
3877 198
3878 198
3879 198
3880 199
3881 199
3882 199
3883 199
3884 199
3885 199
3886 199
3887 199
3888 199
3889 199
3890 198
3891 198
3892 198
3893 198
3894 198
3895 198
3896 198
3897 198
3898 198
3899 198
3900 198
3901 198
3902 198
3903 198
3904 198
3905 198
3906 198
3907 198
3908 198
3909 198
3910 198
3911 198
3912 198
3913 198
3914 198
3915 198
3916 198
3917 198
3918 198
3919 198
3920 198
3921 198
3922 198
3923 198
3924 198
3925 198
3926 198
3927 198
3928 198
3929 198
3930 198
3931 198
3932 198
3933 198
3934 198
3935 198
3936 198
3937 198
3938 198
3939 198
3940 198
3941 198
3942 198
3943 198
3944 198
3945 198
3946 198
3947 198
3948 198
3949 198
3950 198
3951 198
3952 198
3953 198
3954 198
3955 198
3956 198
3957 198
3958 198
3959 198
3960 198
3961 198
3962 198
3963 198
3964 198
3965 198
3966 198
3967 198
3968 198
3969 198
3970 198
3971 198
3972 198
3973 198
3974 198
3975 198
3976 198
3977 198
3978 198
3979 198
3980 198
3981 198
3982 198
3983 198
3984 198
3985 198
3986 198
3987 198
3988 198
3989 198
3990 198
3991 198
3992 198
3993 198
3994 198
3995 198
3996 198
3997 198
3998 198
3999 198
