#iterations fitness
0 0
1 1
2 0
3 1
4 1
5 2
6 4
7 4
8 4
9 4
10 4
11 4
12 4
13 4
14 5
15 7
16 7
17 7
18 8
19 11
20 11
21 11
22 11
23 11
24 12
25 12
26 12
27 12
28 14
29 14
30 14
31 14
32 14
33 14
34 16
35 16
36 16
37 16
38 16
39 16
40 16
41 16
42 16
43 17
44 19
45 19
46 19
47 19
48 19
49 19
50 19
51 20
52 20
53 21
54 21
55 21
56 21
57 21
58 22
59 24
60 24
61 24
62 24
63 24
64 24
65 24
66 25
67 25
68 25
69 25
70 29
71 29
72 29
73 29
74 29
75 29
76 29
77 29
78 29
79 30
80 30
81 30
82 30
83 31
84 31
85 31
86 31
87 31
88 31
89 33
90 33
91 33
92 33
93 33
94 33
95 34
96 34
97 36
98 36
99 36
100 36
101 36
102 36
103 38
104 38
105 38
106 38
107 38
108 38
109 38
110 39
111 43
112 43
113 43
114 43
115 43
116 43
117 43
118 45
119 45
120 45
121 45
122 45
123 45
124 45
125 45
126 45
127 45
128 46
129 46
130 49
131 49
132 49
133 49
134 49
135 49
136 49
137 50
138 50
139 50
140 50
141 50
142 50
143 50
144 52
145 52
146 52
147 53
148 53
149 53
150 53
151 53
152 53
153 53
154 53
155 53
156 53
157 54
158 54
159 54
160 54
161 54
162 55
163 55
164 56
165 56
166 56
167 56
168 56
169 56
170 56
171 56
172 56
173 56
174 56
175 56
176 56
177 56
178 56
179 56
180 56
181 56
182 57
183 58
184 58
185 58
186 59
187 59
188 59
189 59
190 59
191 59
192 59
193 59
194 60
195 60
196 61
197 61
198 61
199 62
200 62
201 63
202 63
203 63
204 63
205 64
206 64
207 65
208 65
209 65
210 65
211 65
212 65
213 65
214 65
215 67
216 67
217 67
218 67
219 67
220 67
221 67
222 67
223 68
224 68
225 68
226 68
227 68
228 68
229 68
230 68
231 69
232 69
233 69
234 69
235 69
236 69
237 69
238 69
239 69
240 69
241 72
242 72
243 72
244 72
245 72
246 72
247 74
248 74
249 74
250 74
251 74
252 74
253 74
254 74
255 74
256 74
257 74
258 76
259 76
260 76
261 76
262 76
263 76
264 76
265 76
266 76
267 76
268 75
269 76
270 76
271 76
272 76
273 76
274 76
275 76
276 76
277 76
278 77
279 78
280 78
281 78
282 78
283 78
284 78
285 78
286 79
287 79
288 79
289 79
290 79
291 79
292 79
293 79
294 79
295 79
296 79
297 79
298 79
299 79
300 79
301 79
302 80
303 80
304 80
305 80
306 80
307 80
308 81
309 81
310 81
311 81
312 81
313 81
314 81
315 81
316 81
317 81
318 80
319 80
320 80
321 81
322 81
323 83
324 83
325 83
326 83
327 83
328 83
329 83
330 83
331 83
332 83
333 83
334 83
335 83
336 83
337 83
338 83
339 83
340 85
341 85
342 86
343 87
344 87
345 87
346 89
347 89
348 89
349 89
350 89
351 89
352 89
353 89
354 89
355 89
356 88
357 89
358 89
359 89
360 89
361 89
362 89
363 89
364 89
365 90
366 90
367 90
368 90
369 90
370 92
371 92
372 92
373 92
374 92
375 92
376 92
377 92
378 92
379 92
380 91
381 91
382 91
383 91
384 91
385 91
386 92
387 92
388 92
389 92
390 92
391 93
392 93
393 93
394 93
395 93
396 93
397 93
398 93
399 93
400 93
401 93
402 93
403 94
404 94
405 94
406 94
407 94
408 94
409 95
410 95
411 95
412 95
413 95
414 97
415 97
416 97
417 97
418 97
419 97
420 97
421 97
422 97
423 97
424 97
425 97
426 98
427 98
428 98
429 98
430 98
431 98
432 98
433 98
434 98
435 99
436 99
437 99
438 99
439 99
440 99
441 99
442 99
443 100
444 100
445 100
446 101
447 101
448 101
449 101
450 101
451 102
452 102
453 102
454 102
455 102
456 102
457 102
458 102
459 105
460 105
461 105
462 105
463 105
464 105
465 105
466 105
467 106
468 106
469 106
470 106
471 106
472 106
473 106
474 106
475 106
476 106
477 106
478 106
479 106
480 106
481 106
482 106
483 106
484 106
485 107
486 107
487 107
488 107
489 107
490 107
491 107
492 107
493 107
494 107
495 107
496 107
497 107
498 107
499 107
500 107
501 108
502 108
503 108
504 109
505 109
506 109
507 109
508 109
509 109
510 110
511 110
512 110
513 110
514 110
515 110
516 110
517 110
518 111
519 111
520 111
521 111
522 111
523 111
524 111
525 112
526 112
527 113
528 113
529 113
530 113
531 113
532 113
533 113
534 113
535 113
536 113
537 113
538 113
539 114
540 114
541 115
542 115
543 115
544 115
545 115
546 115
547 115
548 116
549 116
550 116
551 116
552 116
553 116
554 116
555 117
556 117
557 117
558 117
559 117
560 117
561 117
562 118
563 118
564 118
565 118
566 118
567 118
568 118
569 118
570 118
571 118
572 118
573 118
574 118
575 119
576 119
577 119
578 119
579 119
580 119
581 119
582 119
583 119
584 120
585 120
586 120
587 120
588 120
589 120
590 120
591 120
592 121
593 121
594 121
595 121
596 121
597 121
598 121
599 121
600 121
601 121
602 121
603 121
604 122
605 122
606 122
607 122
608 122
609 122
610 123
611 123
612 123
613 124
614 124
615 124
616 124
617 124
618 124
619 124
620 124
621 124
622 124
623 124
624 124
625 124
626 124
627 125
628 125
629 125
630 127
631 127
632 127
633 127
634 127
635 127
636 127
637 127
638 127
639 127
640 127
641 127
642 127
643 127
644 127
645 127
646 127
647 127
648 127
649 127
650 128
651 128
652 128
653 128
654 128
655 128
656 128
657 128
658 128
659 128
660 128
661 129
662 129
663 129
664 129
665 129
666 129
667 129
668 129
669 129
670 129
671 129
672 129
673 129
674 129
675 129
676 129
677 129
678 129
679 130
680 130
681 130
682 130
683 130
684 130
685 130
686 131
687 131
688 131
689 131
690 131
691 131
692 131
693 131
694 131
695 131
696 131
697 131
698 131
699 131
700 131
701 131
702 131
703 131
704 131
705 131
706 131
707 131
708 131
709 131
710 131
711 131
712 131
713 133
714 133
715 133
716 133
717 133
718 133
719 133
720 133
721 133
722 134
723 134
724 134
725 134
726 134
727 134
728 134
729 134
730 134
731 134
732 134
733 134
734 135
735 136
736 136
737 136
738 136
739 136
740 136
741 136
742 136
743 136
744 136
745 137
746 137
747 137
748 137
749 137
750 137
751 137
752 137
753 137
754 138
755 138
756 138
757 138
758 139
759 139
760 139
761 139
762 140
763 140
764 140
765 140
766 140
767 140
768 140
769 140
770 140
771 141
772 141
773 141
774 141
775 141
776 141
777 141
778 141
779 141
780 141
781 141
782 141
783 141
784 141
785 141
786 141
787 141
788 141
789 141
790 141
791 141
792 141
793 141
794 141
795 141
796 141
797 142
798 142
799 142
800 142
801 142
802 142
803 142
804 142
805 142
806 143
807 143
808 143
809 143
810 143
811 143
812 143
813 143
814 143
815 143
816 143
817 143
818 143
819 143
820 143
821 144
822 144
823 144
824 144
825 144
826 144
827 144
828 144
829 144
830 144
831 144
832 144
833 145
834 145
835 146
836 146
837 146
838 146
839 146
840 146
841 146
842 146
843 146
844 146
845 146
846 147
847 147
848 147
849 147
850 147
851 147
852 147
853 147
854 147
855 147
856 147
857 147
858 147
859 147
860 147
861 147
862 147
863 148
864 148
865 148
866 148
867 148
868 148
869 148
870 148
871 148
872 148
873 148
874 148
875 148
876 148
877 149
878 149
879 149
880 149
881 149
882 149
883 149
884 149
885 149
886 149
887 149
888 149
889 149
890 149
891 149
892 150
893 150
894 150
895 150
896 150
897 150
898 151
899 151
900 151
901 151
902 151
903 151
904 151
905 151
906 151
907 151
908 151
909 151
910 151
911 151
912 151
913 151
914 151
915 151
916 151
917 151
918 151
919 151
920 151
921 151
922 152
923 152
924 152
925 152
926 152
927 152
928 152
929 152
930 152
931 152
932 152
933 152
934 152
935 152
936 152
937 152
938 152
939 152
940 152
941 152
942 152
943 152
944 152
945 152
946 152
947 152
948 152
949 152
950 152
951 153
952 153
953 153
954 153
955 153
956 153
957 153
958 154
959 154
960 154
961 154
962 154
963 154
964 154
965 154
966 154
967 154
968 154
969 154
970 154
971 154
972 154
973 154
974 154
975 154
976 154
977 154
978 154
979 154
980 154
981 155
982 155
983 155
984 155
985 155
986 155
987 155
988 155
989 155
990 156
991 156
992 156
993 156
994 156
995 156
996 156
997 157
998 157
999 157
1000 157
1001 157
1002 157
1003 157
1004 157
1005 157
1006 158
1007 158
1008 158
1009 158
1010 158
1011 158
1012 158
1013 158
1014 158
1015 158
1016 157
1017 158
1018 158
1019 158
1020 158
1021 158
1022 158
1023 158
1024 158
1025 158
1026 158
1027 158
1028 158
1029 158
1030 158
1031 158
1032 158
1033 158
1034 158
1035 159
1036 159
1037 159
1038 159
1039 159
1040 159
1041 159
1042 159
1043 159
1044 159
1045 159
1046 159
1047 159
1048 159
1049 159
1050 159
1051 159
1052 159
1053 160
1054 160
1055 160
1056 160
1057 160
1058 160
1059 160
1060 160
1061 160
1062 160
1063 160
1064 160
1065 160
1066 160
1067 160
1068 160
1069 160
1070 160
1071 160
1072 160
1073 160
1074 160
1075 160
1076 160
1077 161
1078 161
1079 161
1080 161
1081 161
1082 161
1083 161
1084 161
1085 161
1086 161
1087 161
1088 161
1089 161
1090 162
1091 162
1092 162
1093 162
1094 162
1095 162
1096 162
1097 162
1098 162
1099 162
1100 161
1101 161
1102 161
1103 161
1104 161
1105 162
1106 162
1107 162
1108 162
1109 162
1110 162
1111 162
1112 162
1113 162
1114 162
1115 162
1116 162
1117 162
1118 162
1119 161
1120 161
1121 161
1122 161
1123 161
1124 161
1125 161
1126 161
1127 161
1128 161
1129 161
1130 161
1131 161
1132 161
1133 161
1134 161
1135 161
1136 161
1137 161
1138 161
1139 161
1140 161
1141 161
1142 161
1143 161
1144 161
1145 161
1146 161
1147 161
1148 161
1149 161
1150 161
1151 161
1152 161
1153 161
1154 161
1155 161
1156 161
1157 161
1158 161
1159 161
1160 161
1161 161
1162 161
1163 161
1164 161
1165 163
1166 163
1167 163
1168 163
1169 163
1170 163
1171 163
1172 163
1173 163
1174 163
1175 162
1176 162
1177 162
1178 162
1179 162
1180 162
1181 162
1182 163
1183 163
1184 163
1185 163
1186 163
1187 163
1188 163
1189 163
1190 163
1191 163
1192 163
1193 165
1194 165
1195 165
1196 165
1197 165
1198 165
1199 165
1200 165
1201 165
1202 165
1203 165
1204 166
1205 166
1206 166
1207 166
1208 166
1209 166
1210 166
1211 166
1212 166
1213 166
1214 166
1215 166
1216 166
1217 166
1218 166
1219 166
1220 166
1221 166
1222 166
1223 166
1224 166
1225 166
1226 166
1227 166
1228 166
1229 166
1230 166
1231 166
1232 166
1233 166
1234 167
1235 167
1236 167
1237 167
1238 167
1239 167
1240 167
1241 167
1242 167
1243 167
1244 166
1245 166
1246 166
1247 166
1248 166
1249 166
1250 166
1251 166
1252 166
1253 166
1254 166
1255 166
1256 166
1257 166
1258 166
1259 166
1260 167
1261 167
1262 169
1263 169
1264 169
1265 169
1266 169
1267 169
1268 169
1269 169
1270 169
1271 170
1272 170
1273 170
1274 170
1275 170
1276 170
1277 170
1278 171
1279 171
1280 171
1281 171
1282 171
1283 171
1284 171
1285 171
1286 171
1287 171
1288 170
1289 170
1290 170
1291 170
1292 170
1293 170
1294 170
1295 170
1296 170
1297 170
1298 170
1299 170
1300 170
1301 170
1302 170
1303 170
1304 170
1305 171
1306 171
1307 171
1308 171
1309 171
1310 171
1311 171
1312 171
1313 171
1314 171
1315 171
1316 171
1317 171
1318 171
1319 171
1320 171
1321 171
1322 171
1323 171
1324 171
1325 171
1326 172
1327 172
1328 172
1329 172
1330 172
1331 172
1332 172
1333 172
1334 172
1335 172
1336 172
1337 172
1338 172
1339 172
1340 172
1341 172
1342 172
1343 172
1344 172
1345 172
1346 172
1347 172
1348 172
1349 172
1350 172
1351 172
1352 172
1353 172
1354 173
1355 173
1356 173
1357 173
1358 173
1359 173
1360 173
1361 173
1362 173
1363 173
1364 173
1365 173
1366 173
1367 173
1368 173
1369 173
1370 173
1371 173
1372 173
1373 174
1374 174
1375 174
1376 174
1377 174
1378 174
1379 175
1380 175
1381 175
1382 175
1383 175
1384 175
1385 175
1386 175
1387 175
1388 175
1389 175
1390 175
1391 175
1392 175
1393 175
1394 175
1395 175
1396 175
1397 175
1398 175
1399 175
1400 175
1401 175
1402 175
1403 175
1404 175
1405 175
1406 175
1407 175
1408 175
1409 175
1410 175
1411 175
1412 175
1413 175
1414 175
1415 175
1416 175
1417 175
1418 175
1419 175
1420 175
1421 175
1422 176
1423 176
1424 176
1425 176
1426 176
1427 176
1428 176
1429 176
1430 176
1431 176
1432 176
1433 176
1434 176
1435 176
1436 176
1437 176
1438 176
1439 176
1440 176
1441 176
1442 176
1443 176
1444 176
1445 177
1446 177
1447 177
1448 177
1449 177
1450 177
1451 177
1452 177
1453 177
1454 177
1455 176
1456 176
1457 176
1458 176
1459 176
1460 176
1461 176
1462 176
1463 176
1464 176
1465 176
1466 176
1467 176
1468 176
1469 176
1470 176
1471 176
1472 176
1473 176
1474 176
1475 176
1476 176
1477 176
1478 176
1479 176
1480 176
1481 176
1482 176
1483 176
1484 176
1485 176
1486 176
1487 176
1488 176
1489 176
1490 176
1491 176
1492 176
1493 176
1494 176
1495 176
1496 176
1497 176
1498 176
1499 176
1500 177
1501 177
1502 177
1503 177
1504 177
1505 177
1506 177
1507 177
1508 177
1509 177
1510 176
1511 176
1512 176
1513 176
1514 176
1515 176
1516 176
1517 176
1518 176
1519 176
1520 176
1521 176
1522 176
1523 176
1524 177
1525 177
1526 177
1527 177
1528 177
1529 177
1530 177
1531 177
1532 177
1533 177
1534 178
1535 178
1536 178
1537 178
1538 178
1539 178
1540 178
1541 178
1542 178
1543 178
1544 178
1545 178
1546 178
1547 178
1548 178
1549 178
1550 178
1551 178
1552 178
1553 178
1554 178
1555 178
1556 178
1557 178
1558 178
1559 178
1560 178
1561 178
1562 178
1563 178
1564 178
1565 178
1566 178
1567 178
1568 178
1569 178
1570 178
1571 178
1572 178
1573 178
1574 178
1575 178
1576 180
1577 180
1578 180
1579 180
1580 180
1581 180
1582 180
1583 180
1584 180
1585 180
1586 179
1587 179
1588 179
1589 179
1590 179
1591 179
1592 179
1593 179
1594 179
1595 179
1596 179
1597 179
1598 179
1599 179
1600 179
1601 179
1602 179
1603 179
1604 179
1605 179
1606 179
1607 179
1608 179
1609 179
1610 179
1611 179
1612 179
1613 180
1614 180
1615 180
1616 180
1617 181
1618 181
1619 181
1620 181
1621 181
1622 181
1623 181
1624 181
1625 181
1626 181
1627 181
1628 181
1629 181
1630 181
1631 182
1632 182
1633 182
1634 182
1635 182
1636 182
1637 182
1638 182
1639 182
1640 182
1641 182
1642 182
1643 182
1644 182
1645 182
1646 182
1647 182
1648 182
1649 182
1650 182
1651 182
1652 182
1653 182
1654 182
1655 182
1656 182
1657 183
1658 183
1659 183
1660 183
1661 183
1662 183
1663 183
1664 183
1665 183
1666 183
1667 183
1668 183
1669 183
1670 183
1671 183
1672 183
1673 183
1674 184
1675 184
1676 184
1677 184
1678 184
1679 184
1680 184
1681 184
1682 184
1683 184
1684 184
1685 184
1686 184
1687 184
1688 184
1689 184
1690 184
1691 184
1692 184
1693 184
1694 184
1695 184
1696 184
1697 184
1698 184
1699 184
1700 184
1701 184
1702 184
1703 184
1704 184
1705 184
1706 184
1707 184
1708 184
1709 184
1710 184
1711 184
1712 184
1713 184
1714 184
1715 184
1716 184
1717 184
1718 184
1719 184
1720 184
1721 184
1722 184
1723 184
1724 184
1725 184
1726 184
1727 184
1728 184
1729 184
1730 184
1731 184
1732 184
1733 184
1734 184
1735 184
1736 184
1737 184
1738 184
1739 184
1740 184
1741 184
1742 184
1743 184
1744 184
1745 184
1746 184
1747 184
1748 184
1749 184
1750 184
1751 184
1752 184
1753 184
1754 184
1755 184
1756 184
1757 184
1758 184
1759 184
1760 184
1761 184
1762 184
1763 184
1764 184
1765 184
1766 184
1767 184
1768 184
1769 184
1770 184
1771 184
1772 184
1773 184
1774 184
1775 184
1776 184
1777 184
1778 184
1779 184
1780 184
1781 184
1782 184
1783 184
1784 184
1785 185
1786 185
1787 185
1788 185
1789 185
1790 185
1791 185
1792 185
1793 185
1794 185
1795 184
1796 184
1797 184
1798 184
1799 184
1800 184
1801 184
1802 184
1803 184
1804 184
1805 184
1806 184
1807 184
1808 184
1809 184
1810 184
1811 184
1812 184
1813 184
1814 184
1815 184
1816 184
1817 184
1818 184
1819 184
1820 184
1821 184
1822 184
1823 184
1824 184
1825 184
1826 184
1827 184
1828 184
1829 184
1830 184
1831 184
1832 184
1833 184
1834 184
1835 184
1836 184
1837 184
1838 184
1839 184
1840 184
1841 184
1842 184
1843 184
1844 184
1845 184
1846 184
1847 184
1848 184
1849 184
1850 184
1851 184
1852 184
1853 184
1854 184
1855 184
1856 184
1857 184
1858 184
1859 184
1860 184
1861 184
1862 184
1863 184
1864 185
1865 185
1866 185
1867 185
1868 185
1869 185
1870 185
1871 185
1872 185
1873 185
1874 185
1875 185
1876 185
1877 185
1878 185
1879 186
1880 186
1881 186
1882 186
1883 186
1884 186
1885 186
1886 186
1887 186
1888 186
1889 186
1890 186
1891 186
1892 186
1893 186
1894 186
1895 186
1896 186
1897 186
1898 186
1899 186
1900 186
1901 186
1902 186
1903 186
1904 186
1905 186
1906 186
1907 186
1908 186
1909 186
1910 186
1911 186
1912 186
1913 186
1914 186
1915 186
1916 186
1917 186
1918 186
1919 186
1920 186
1921 186
1922 186
1923 186
1924 186
1925 186
1926 186
1927 186
1928 186
1929 186
1930 186
1931 187
1932 187
1933 187
1934 187
1935 187
1936 187
1937 187
1938 187
1939 187
1940 187
1941 187
1942 187
1943 187
1944 187
1945 187
1946 187
1947 187
1948 187
1949 187
1950 187
1951 187
1952 187
1953 187
1954 187
1955 187
1956 187
1957 187
1958 187
1959 187
1960 187
1961 187
1962 187
1963 187
1964 187
1965 187
1966 187
1967 187
1968 187
1969 187
1970 187
1971 187
1972 187
1973 187
1974 187
1975 187
1976 187
1977 187
1978 187
1979 187
1980 187
1981 187
1982 187
1983 187
1984 187
1985 187
1986 187
1987 187
1988 187
1989 187
1990 187
1991 187
1992 187
1993 187
1994 187
1995 187
1996 187
1997 187
1998 187
1999 187
2000 187
2001 187
2002 187
2003 187
2004 187
2005 187
2006 187
2007 187
2008 187
2009 187
2010 187
2011 187
2012 187
2013 187
2014 187
2015 187
2016 187
2017 187
2018 187
2019 187
2020 187
2021 187
2022 187
2023 187
2024 187
2025 187
2026 187
2027 187
2028 187
2029 187
2030 187
2031 187
2032 187
2033 187
2034 187
2035 187
2036 187
2037 187
2038 187
2039 188
2040 188
2041 188
2042 188
2043 188
2044 188
2045 188
2046 188
2047 188
2048 188
2049 188
2050 188
2051 188
2052 188
2053 188
2054 187
2055 187
2056 187
2057 187
2058 187
2059 187
2060 187
2061 187
2062 187
2063 187
2064 187
2065 187
2066 187
2067 188
2068 188
2069 188
2070 188
2071 188
2072 188
2073 188
2074 188
2075 188
2076 188
2077 188
2078 188
2079 188
2080 188
2081 188
2082 188
2083 188
2084 188
2085 188
2086 188
2087 188
2088 188
2089 188
2090 188
2091 188
2092 188
2093 188
2094 188
2095 188
2096 188
2097 189
2098 189
2099 189
2100 189
2101 189
2102 189
2103 189
2104 189
2105 189
2106 189
2107 189
2108 189
2109 189
2110 189
2111 189
2112 189
2113 189
2114 189
2115 189
2116 189
2117 189
2118 189
2119 189
2120 189
2121 189
2122 189
2123 189
2124 189
2125 189
2126 189
2127 189
2128 189
2129 189
2130 189
2131 190
2132 190
2133 190
2134 190
2135 190
2136 190
2137 190
2138 190
2139 190
2140 190
2141 190
2142 190
2143 190
2144 190
2145 190
2146 190
2147 190
2148 190
2149 190
2150 190
2151 190
2152 190
2153 190
2154 190
2155 190
2156 190
2157 190
2158 190
2159 190
2160 190
2161 190
2162 190
2163 190
2164 190
2165 190
2166 190
2167 190
2168 190
2169 190
2170 190
2171 190
2172 190
2173 190
2174 190
2175 190
2176 190
2177 190
2178 190
2179 190
2180 190
2181 190
2182 190
2183 190
2184 190
2185 190
2186 190
2187 190
2188 190
2189 190
2190 190
2191 190
2192 190
2193 190
2194 190
2195 190
2196 190
2197 190
2198 190
2199 190
2200 190
2201 190
2202 190
2203 190
2204 190
2205 191
2206 191
2207 191
2208 191
2209 191
2210 191
2211 191
2212 191
2213 191
2214 191
2215 191
2216 191
2217 191
2218 191
2219 191
2220 191
2221 191
2222 191
2223 191
2224 191
2225 191
2226 191
2227 191
2228 191
2229 191
2230 191
2231 191
2232 191
2233 191
2234 191
2235 191
2236 191
2237 191
2238 191
2239 191
2240 191
2241 191
2242 191
2243 191
2244 191
2245 191
2246 191
2247 191
2248 191
2249 191
2250 191
2251 191
2252 191
2253 192
2254 192
2255 192
2256 192
2257 192
2258 192
2259 192
2260 192
2261 192
2262 192
2263 191
2264 191
2265 191
2266 191
2267 191
2268 191
2269 191
2270 191
2271 191
2272 191
2273 191
2274 191
2275 191
2276 191
2277 191
2278 191
2279 191
2280 191
2281 191
2282 191
2283 191
2284 191
2285 191
2286 191
2287 191
2288 191
2289 191
2290 191
2291 191
2292 191
2293 191
2294 191
2295 191
2296 191
2297 191
2298 191
2299 191
2300 191
2301 191
2302 191
2303 191
2304 192
2305 192
2306 192
2307 192
2308 192
2309 192
2310 192
2311 192
2312 192
2313 192
2314 192
2315 192
2316 192
2317 192
2318 192
2319 192
2320 192
2321 192
2322 192
2323 192
2324 192
2325 192
2326 192
2327 192
2328 192
2329 192
2330 193
2331 193
2332 193
2333 193
2334 193
2335 193
2336 193
2337 193
2338 193
2339 193
2340 193
2341 193
2342 193
2343 193
2344 193
2345 193
2346 193
2347 193
2348 193
2349 193
2350 193
2351 193
2352 193
2353 193
2354 193
2355 193
2356 193
2357 193
2358 193
2359 193
2360 193
2361 193
2362 193
2363 193
2364 193
2365 193
2366 193
2367 193
2368 193
2369 193
2370 193
2371 193
2372 193
2373 193
2374 193
2375 193
2376 193
2377 193
2378 193
2379 193
2380 193
2381 193
2382 193
2383 193
2384 193
2385 193
2386 193
2387 193
2388 193
2389 193
2390 193
2391 193
2392 193
2393 193
2394 193
2395 193
2396 193
2397 193
2398 193
2399 193
2400 193
2401 193
2402 193
2403 193
2404 193
2405 193
2406 193
2407 193
2408 193
2409 193
2410 193
2411 193
2412 193
2413 193
2414 193
2415 193
2416 193
2417 193
2418 193
2419 193
2420 193
2421 193
2422 194
2423 194
2424 194
2425 194
2426 194
2427 194
2428 194
2429 194
2430 194
2431 194
2432 194
2433 194
2434 194
2435 194
2436 194
2437 194
2438 194
2439 194
2440 194
2441 194
2442 194
2443 194
2444 194
2445 194
2446 194
2447 194
2448 194
2449 194
2450 194
2451 194
2452 194
2453 194
2454 194
2455 194
2456 194
2457 194
2458 194
2459 194
2460 194
2461 194
2462 194
2463 194
2464 194
2465 194
2466 194
2467 194
2468 194
2469 194
2470 194
2471 194
2472 194
2473 194
2474 194
2475 194
2476 194
2477 194
2478 194
2479 194
2480 194
2481 194
2482 194
2483 194
2484 194
2485 194
2486 194
2487 194
2488 194
2489 194
2490 194
2491 194
2492 194
2493 194
2494 194
2495 194
2496 194
2497 194
2498 194
2499 194
2500 194
2501 194
2502 194
2503 194
2504 194
2505 194
2506 194
2507 194
2508 194
2509 194
2510 194
2511 194
2512 194
2513 194
2514 194
2515 194
2516 194
2517 194
2518 194
2519 194
2520 194
2521 194
2522 194
2523 194
2524 194
2525 194
2526 194
2527 194
2528 194
2529 194
2530 194
2531 194
2532 194
2533 194
2534 194
2535 194
2536 194
2537 194
2538 194
2539 194
2540 194
2541 194
2542 194
2543 194
2544 194
2545 194
2546 194
2547 194
2548 194
2549 194
2550 194
2551 194
2552 194
2553 194
2554 194
2555 194
2556 194
2557 194
2558 194
2559 194
2560 194
2561 194
2562 194
2563 194
2564 194
2565 194
2566 194
2567 194
2568 194
2569 194
2570 194
2571 194
2572 194
2573 194
2574 194
2575 194
2576 194
2577 194
2578 194
2579 194
2580 194
2581 194
2582 194
2583 194
2584 194
2585 194
2586 194
2587 194
2588 194
2589 194
2590 194
2591 194
2592 194
2593 194
2594 194
2595 194
2596 194
2597 194
2598 194
2599 194
2600 194
2601 194
2602 194
2603 194
2604 194
2605 194
2606 194
2607 194
2608 194
2609 194
2610 194
2611 194
2612 194
2613 194
2614 194
2615 194
2616 194
2617 194
2618 194
2619 194
2620 194
2621 194
2622 194
2623 194
2624 194
2625 194
2626 194
2627 194
2628 194
2629 194
2630 194
2631 194
2632 194
2633 194
2634 194
2635 194
2636 194
2637 194
2638 194
2639 195
2640 195
2641 195
2642 195
2643 195
2644 195
2645 195
2646 195
2647 195
2648 195
2649 194
2650 194
2651 194
2652 194
2653 194
2654 194
2655 194
2656 194
2657 194
2658 194
2659 194
2660 194
2661 194
2662 194
2663 194
2664 194
2665 194
2666 194
2667 194
2668 194
2669 194
2670 194
2671 194
2672 194
2673 194
2674 194
2675 194
2676 194
2677 194
2678 194
2679 194
2680 194
2681 194
2682 194
2683 194
2684 194
2685 194
2686 194
2687 194
2688 194
2689 194
2690 194
2691 194
2692 194
2693 194
2694 194
2695 194
2696 194
2697 194
2698 194
2699 194
2700 194
2701 194
2702 194
2703 194
2704 194
2705 194
2706 194
2707 194
2708 194
2709 194
2710 194
2711 194
2712 194
2713 194
2714 194
2715 194
2716 194
2717 194
2718 194
2719 194
2720 194
2721 194
2722 194
2723 194
2724 194
2725 194
2726 194
2727 194
2728 194
2729 194
2730 194
2731 194
2732 194
2733 194
2734 194
2735 194
2736 194
2737 194
2738 194
2739 194
2740 194
2741 194
2742 194
2743 194
2744 194
2745 194
2746 194
2747 194
2748 194
2749 194
2750 194
2751 194
2752 194
2753 194
2754 194
2755 194
2756 194
2757 194
2758 194
2759 194
2760 194
2761 194
2762 195
2763 195
2764 195
2765 195
2766 195
2767 195
2768 195
2769 195
2770 195
2771 195
2772 195
2773 195
2774 195
2775 195
2776 195
2777 195
2778 195
2779 195
2780 195
2781 195
2782 195
2783 195
2784 195
2785 195
2786 195
2787 195
2788 195
2789 195
2790 195
2791 195
2792 195
2793 195
2794 195
2795 195
2796 195
2797 195
2798 195
2799 195
2800 195
2801 195
2802 195
2803 195
2804 195
2805 195
2806 195
2807 195
2808 195
2809 195
2810 195
2811 195
2812 195
2813 195
2814 195
2815 195
2816 195
2817 195
2818 195
2819 195
2820 195
2821 195
2822 195
2823 195
2824 195
2825 195
2826 195
2827 195
2828 195
2829 195
2830 195
2831 195
2832 195
2833 195
2834 195
2835 195
2836 195
2837 195
2838 195
2839 195
2840 195
2841 195
2842 195
2843 195
2844 195
2845 195
2846 195
2847 195
2848 195
2849 195
2850 195
2851 195
2852 195
2853 195
2854 195
2855 195
2856 195
2857 195
2858 195
2859 195
2860 195
2861 195
2862 195
2863 195
2864 195
2865 195
2866 195
2867 195
2868 195
2869 195
2870 195
2871 195
2872 195
2873 195
2874 195
2875 195
2876 195
2877 195
2878 195
2879 195
2880 195
2881 195
2882 195
2883 195
2884 195
2885 195
2886 195
2887 195
2888 195
2889 195
2890 195
2891 195
2892 195
2893 195
2894 195
2895 195
2896 195
2897 195
2898 195
2899 195
2900 195
2901 195
2902 195
2903 195
2904 195
2905 195
2906 195
2907 195
2908 195
2909 195
2910 195
2911 195
2912 195
2913 195
2914 195
2915 195
2916 195
2917 195
2918 195
2919 195
2920 195
2921 195
2922 196
2923 196
2924 196
2925 196
2926 196
2927 196
2928 196
2929 196
2930 196
2931 196
2932 195
2933 195
2934 195
2935 195
2936 195
2937 195
2938 195
2939 195
2940 195
2941 195
2942 195
2943 195
2944 195
2945 195
2946 195
2947 195
2948 195
2949 195
2950 195
2951 195
2952 195
2953 195
2954 195
2955 195
2956 195
2957 195
2958 195
2959 195
2960 195
2961 195
2962 195
2963 195
2964 195
2965 195
2966 195
2967 195
2968 195
2969 195
2970 195
2971 195
2972 195
2973 195
2974 195
2975 195
2976 195
2977 195
2978 195
2979 195
2980 195
2981 195
2982 195
2983 195
2984 195
2985 195
2986 195
2987 195
2988 195
2989 195
2990 195
2991 195
2992 195
2993 195
2994 195
2995 195
2996 195
2997 195
2998 195
2999 195
3000 195
3001 195
3002 195
3003 195
3004 195
3005 195
3006 195
3007 195
3008 195
3009 195
3010 195
3011 195
3012 195
3013 195
3014 195
3015 195
3016 195
3017 195
3018 195
3019 195
3020 195
3021 195
3022 195
3023 195
3024 195
3025 195
3026 195
3027 195
3028 195
3029 195
3030 195
3031 195
3032 195
3033 195
3034 195
3035 195
3036 195
3037 195
3038 195
3039 195
3040 195
3041 195
3042 195
3043 195
3044 195
3045 195
3046 195
3047 195
3048 195
3049 195
3050 195
3051 195
3052 195
3053 195
3054 195
3055 195
3056 195
3057 195
3058 195
3059 195
3060 195
3061 195
3062 195
3063 195
3064 195
3065 195
3066 195
3067 195
3068 195
3069 195
3070 195
3071 195
3072 195
3073 195
3074 195
3075 195
3076 195
3077 195
3078 195
3079 195
3080 195
3081 195
3082 195
3083 195
3084 195
3085 195
3086 195
3087 195
3088 195
3089 195
3090 195
3091 195
3092 195
3093 195
3094 195
3095 195
3096 195
3097 195
3098 195
3099 195
3100 195
3101 195
3102 195
3103 195
3104 195
3105 195
3106 195
3107 195
3108 195
3109 195
3110 195
3111 195
3112 195
3113 195
3114 195
3115 195
3116 195
3117 195
3118 195
3119 195
3120 195
3121 195
3122 195
3123 195
3124 195
3125 195
3126 195
3127 195
3128 195
3129 195
3130 195
3131 195
3132 195
3133 195
3134 195
3135 195
3136 195
3137 195
3138 195
3139 195
3140 195
3141 195
3142 195
3143 195
3144 195
3145 195
3146 195
3147 195
3148 195
3149 195
3150 195
3151 195
3152 195
3153 195
3154 195
3155 196
3156 196
3157 196
3158 196
3159 196
3160 196
3161 196
3162 196
3163 196
3164 196
3165 196
3166 196
3167 196
3168 196
3169 196
3170 196
3171 196
3172 196
3173 196
3174 196
3175 196
3176 196
3177 196
3178 196
3179 196
3180 196
3181 196
3182 196
3183 196
3184 196
3185 196
3186 196
3187 196
3188 196
3189 196
3190 196
3191 196
3192 196
3193 196
3194 196
3195 196
3196 196
3197 196
3198 196
3199 196
3200 196
3201 196
3202 196
3203 196
3204 196
3205 196
3206 196
3207 196
3208 196
3209 196
3210 196
3211 196
3212 196
3213 196
3214 196
3215 196
3216 197
3217 197
3218 197
3219 197
3220 197
3221 197
3222 197
3223 197
3224 197
3225 197
3226 196
3227 196
3228 196
3229 196
3230 196
3231 196
3232 196
3233 196
3234 196
3235 196
3236 196
3237 196
3238 196
3239 196
3240 196
3241 196
3242 196
3243 196
3244 196
3245 196
3246 196
3247 196
3248 196
3249 196
3250 196
3251 196
3252 196
3253 196
3254 196
3255 196
3256 196
3257 196
3258 196
3259 196
3260 196
3261 196
3262 196
3263 196
3264 196
3265 196
3266 196
3267 196
3268 196
3269 196
3270 196
3271 196
3272 196
3273 196
3274 196
3275 196
3276 196
3277 196
3278 196
3279 196
3280 196
3281 196
3282 196
3283 196
3284 196
3285 196
3286 196
3287 196
3288 196
3289 196
3290 196
3291 196
3292 196
3293 196
3294 196
3295 196
3296 196
3297 196
3298 196
3299 196
3300 197
3301 197
3302 197
3303 197
3304 197
3305 197
3306 197
3307 197
3308 197
3309 197
3310 197
3311 197
3312 197
3313 197
3314 197
3315 197
3316 197
3317 197
3318 197
3319 197
3320 197
3321 197
3322 197
3323 197
3324 197
3325 197
3326 197
3327 197
3328 197
3329 197
3330 197
3331 197
3332 197
3333 197
3334 197
3335 197
3336 197
3337 197
3338 197
3339 197
3340 197
3341 197
3342 197
3343 197
3344 197
3345 197
3346 197
3347 197
3348 197
3349 197
3350 197
3351 197
3352 197
3353 197
3354 197
3355 197
3356 197
3357 197
3358 197
3359 197
3360 197
3361 197
3362 197
3363 197
3364 197
3365 197
3366 197
3367 197
3368 197
3369 197
3370 197
3371 197
3372 197
3373 197
3374 197
3375 197
3376 197
3377 197
3378 197
3379 197
3380 197
3381 197
3382 197
3383 197
3384 197
3385 197
3386 197
3387 197
3388 197
3389 197
3390 197
3391 197
3392 197
3393 197
3394 197
3395 197
3396 197
3397 197
3398 197
3399 197
3400 197
3401 197
3402 197
3403 197
3404 197
3405 197
3406 197
3407 197
3408 197
3409 197
3410 197
3411 197
3412 197
3413 197
3414 197
3415 197
3416 197
3417 197
3418 197
3419 197
3420 197
3421 197
3422 197
3423 197
3424 197
3425 198
3426 198
3427 198
3428 198
3429 198
3430 198
3431 198
3432 198
3433 198
3434 198
3435 198
3436 198
3437 198
3438 198
3439 198
3440 198
3441 198
3442 198
3443 198
3444 198
3445 198
3446 198
3447 198
3448 198
3449 198
3450 198
3451 198
3452 198
3453 198
3454 198
3455 198
3456 198
3457 198
3458 198
3459 198
3460 198
3461 198
3462 198
3463 198
3464 198
3465 198
3466 198
3467 198
3468 198
3469 198
3470 198
3471 198
3472 198
3473 198
3474 198
3475 198
3476 198
3477 198
3478 198
3479 198
3480 198
3481 198
3482 198
3483 198
3484 198
3485 198
3486 198
3487 198
3488 198
3489 198
3490 198
3491 198
3492 198
3493 198
3494 198
3495 198
3496 198
3497 198
3498 198
3499 198
3500 198
3501 198
3502 198
3503 198
3504 198
3505 198
3506 198
3507 198
3508 198
3509 198
3510 198
3511 198
3512 198
3513 198
3514 198
3515 198
3516 198
3517 198
3518 198
3519 198
3520 198
3521 198
3522 198
3523 198
3524 198
3525 198
3526 198
3527 198
3528 198
3529 198
3530 198
3531 198
3532 198
3533 198
3534 198
3535 198
3536 198
3537 198
3538 198
3539 198
3540 198
3541 198
3542 198
3543 198
3544 198
3545 198
3546 198
3547 198
3548 198
3549 198
3550 198
3551 198
3552 198
3553 198
3554 198
3555 198
3556 198
3557 198
3558 198
3559 198
3560 198
3561 198
3562 198
3563 198
3564 198
3565 198
3566 198
3567 198
3568 198
3569 198
3570 198
3571 198
3572 198
3573 198
3574 198
3575 198
3576 198
3577 198
3578 198
3579 198
3580 198
3581 198
3582 198
3583 198
3584 198
3585 198
3586 198
3587 198
3588 198
3589 198
3590 198
3591 198
3592 198
3593 198
3594 198
3595 198
3596 198
3597 198
3598 198
3599 198
3600 198
3601 198
3602 198
3603 198
3604 198
3605 198
3606 198
3607 198
3608 198
3609 198
3610 198
3611 198
3612 198
3613 198
3614 198
3615 198
3616 198
3617 198
3618 198
3619 198
3620 198
3621 198
3622 198
3623 198
3624 198
3625 198
3626 198
3627 199
3628 199
3629 199
3630 199
3631 199
3632 199
3633 199
3634 199
3635 199
3636 199
3637 199
3638 199
3639 199
3640 199
3641 199
3642 199
3643 199
3644 199
3645 199
3646 199
3647 199
3648 199
3649 199
