#iterations fitness
0 0
1 0
2 0
3 0
4 0
5 0
6 1
7 1
8 1
9 1
10 1
11 1
12 1
13 2
14 2
15 2
16 2
17 2
18 2
19 4
20 4
21 5
22 5
23 5
24 5
25 5
26 5
27 5
28 6
29 6
30 6
31 6
32 6
33 6
34 6
35 6
36 7
37 7
38 7
39 7
40 7
41 7
42 7
43 7
44 8
45 8
46 8
47 8
48 8
49 8
50 8
51 8
52 8
53 8
54 8
55 8
56 8
57 8
58 8
59 8
60 8
61 8
62 8
63 8
64 10
65 10
66 10
67 10
68 11
69 11
70 11
71 12
72 12
73 12
74 12
75 14
76 14
77 15
78 15
79 15
80 15
81 15
82 15
83 15
84 15
85 15
86 15
87 15
88 15
89 15
90 15
91 15
92 15
93 15
94 15
95 15
96 15
97 15
98 15
99 15
100 15
101 16
102 16
103 16
104 16
105 16
106 16
107 16
108 16
109 17
110 17
111 17
112 17
113 17
114 17
115 17
116 17
117 17
118 17
119 17
120 17
121 17
122 17
123 17
124 17
125 17
126 17
127 17
128 17
129 18
130 18
131 18
132 18
133 18
134 18
135 18
136 18
137 19
138 19
139 19
140 19
141 19
142 19
143 19
144 19
145 19
146 19
147 19
148 19
149 19
150 19
151 20
152 20
153 20
154 20
155 20
156 20
157 20
158 21
159 21
160 21
161 21
162 21
163 21
164 21
165 21
166 21
167 21
168 21
169 21
170 21
171 21
172 21
173 21
174 21
175 21
176 21
177 21
178 22
179 22
180 22
181 22
182 23
183 24
184 24
185 24
186 24
187 24
188 25
189 25
190 25
191 25
192 25
193 25
194 25
195 25
196 25
197 25
198 25
199 25
200 25
201 25
202 25
203 25
204 25
205 25
206 25
207 25
208 25
209 26
210 26
211 26
212 26
213 26
214 26
215 26
216 26
217 26
218 26
219 26
220 27
221 27
222 27
223 27
224 27
225 27
226 27
227 28
228 28
229 28
230 28
231 28
232 28
233 28
234 28
235 28
236 28
237 28
238 29
239 29
240 29
241 29
242 29
243 29
244 29
245 29
246 29
247 29
248 29
249 29
250 29
251 29
252 29
253 30
254 30
255 30
256 31
257 31
258 31
259 31
260 31
261 31
262 32
263 32
264 32
265 32
266 33
267 33
268 33
269 33
270 33
271 33
272 33
273 34
274 34
275 34
276 34
277 34
278 34
279 34
280 34
281 34
282 34
283 34
284 34
285 34
286 34
287 34
288 34
289 34
290 34
291 34
292 34
293 34
294 34
295 34
296 34
297 34
298 34
299 34
300 34
301 34
302 34
303 34
304 34
305 35
306 35
307 36
308 36
309 36
310 36
311 36
312 36
313 36
314 36
315 36
316 36
317 36
318 36
319 36
320 36
321 36
322 36
323 36
324 36
325 36
326 36
327 36
328 36
329 36
330 36
331 36
332 36
333 36
334 37
335 37
336 37
337 37
338 37
339 37
340 38
341 38
342 38
343 38
344 38
345 38
346 38
347 38
348 38
349 38
350 38
351 38
352 38
353 38
354 39
355 39
356 39
357 39
358 39
359 39
360 40
361 40
362 40
363 40
364 40
365 40
366 40
367 40
368 40
369 40
370 40
371 40
372 40
373 40
374 40
375 40
376 40
377 41
378 41
379 41
380 41
381 41
382 41
383 42
384 42
385 42
386 42
387 42
388 42
389 43
390 43
391 43
392 44
393 44
394 44
395 44
396 44
397 45
398 45
399 45
400 45
401 45
402 45
403 45
404 45
405 45
406 45
407 45
408 45
409 45
410 45
411 45
412 45
413 45
414 45
415 45
416 45
417 46
418 46
419 46
420 46
421 46
422 46
423 46
424 46
425 46
426 46
427 46
428 46
429 46
430 46
431 46
432 46
433 46
434 46
435 46
436 46
437 47
438 47
439 47
440 47
441 47
442 47
443 47
444 47
445 47
446 47
447 47
448 47
449 47
450 47
451 47
452 47
453 48
454 48
455 48
456 48
457 48
458 48
459 49
460 49
461 49
462 49
463 49
464 49
465 49
466 49
467 49
468 49
469 49
470 49
471 49
472 50
473 50
474 50
475 50
476 50
477 50
478 50
479 50
480 50
481 51
482 51
483 51
484 51
485 51
486 51
487 51
488 51
489 52
490 52
491 52
492 52
493 53
494 53
495 53
496 53
497 53
498 53
499 53
500 53
501 53
502 53
503 53
504 53
505 53
506 53
507 53
508 53
509 53
510 53
511 53
512 53
513 53
514 54
515 54
516 54
517 54
518 54
519 54
520 54
521 54
522 54
523 55
524 55
525 56
526 56
527 56
528 56
529 56
530 56
531 56
532 56
533 56
534 56
535 56
536 56
537 56
538 56
539 56
540 56
541 56
542 56
543 56
544 56
545 56
546 56
547 56
548 56
549 57
550 57
551 57
552 57
553 57
554 57
555 57
556 57
557 57
558 57
559 57
560 57
561 57
562 57
563 57
564 57
565 57
566 57
567 57
568 57
569 57
570 57
571 57
572 57
573 57
574 58
575 58
576 58
577 58
578 58
579 58
580 58
581 58
582 58
583 58
584 58
585 58
586 58
587 58
588 58
589 58
590 59
591 59
592 60
593 60
594 60
595 60
596 60
597 60
598 60
599 60
600 60
601 61
602 61
603 61
604 61
605 61
606 61
607 61
608 62
609 62
610 62
611 62
612 62
613 62
614 62
615 62
616 62
617 64
618 65
619 66
620 66
621 66
622 66
623 66
624 66
625 66
626 66
627 66
628 66
629 66
630 66
631 66
632 66
633 66
634 66
635 67
636 67
637 67
638 67
639 67
640 67
641 67
642 68
643 68
644 68
645 68
646 68
647 68
648 68
649 68
650 68
651 68
652 68
653 69
654 69
655 69
656 69
657 69
658 69
659 69
660 69
661 69
662 69
663 69
664 69
665 69
666 69
667 69
668 69
669 69
670 69
671 69
672 69
673 69
674 69
675 69
676 69
677 69
678 69
679 69
680 69
681 69
682 69
683 69
684 69
685 69
686 69
687 69
688 69
689 69
690 69
691 69
692 69
693 69
694 69
695 69
696 69
697 69
698 69
699 69
700 69
701 69
702 69
703 69
704 69
705 69
706 70
707 70
708 70
709 70
710 70
711 70
712 70
713 70
714 70
715 70
716 70
717 70
718 70
719 70
720 70
721 70
722 70
723 70
724 70
725 70
726 70
727 70
728 70
729 70
730 70
731 70
732 70
733 70
734 70
735 70
736 70
737 70
738 70
739 70
740 70
741 70
742 70
743 70
744 70
745 70
746 70
747 70
748 70
749 70
750 70
751 70
752 70
753 70
754 70
755 70
756 70
757 70
758 70
759 70
760 70
761 70
762 70
763 70
764 70
765 70
766 70
767 70
768 70
769 70
770 70
771 70
772 72
773 72
774 72
775 72
776 72
777 72
778 72
779 72
780 72
781 73
782 73
783 73
784 73
785 73
786 73
787 73
788 73
789 73
790 73
791 73
792 73
793 73
794 73
795 73
796 73
797 73
798 73
799 73
800 73
801 73
802 73
803 74
804 74
805 74
806 74
807 74
808 74
809 74
810 74
811 74
812 74
813 74
814 74
815 74
816 74
817 74
818 74
819 74
820 74
821 74
822 74
823 74
824 75
825 75
826 75
827 75
828 75
829 75
830 75
831 75
832 75
833 75
834 75
835 75
836 75
837 75
838 76
839 76
840 76
841 76
842 76
843 76
844 76
845 76
846 76
847 76
848 76
849 76
850 76
851 76
852 76
853 76
854 76
855 76
856 76
857 76
858 76
859 76
860 76
861 76
862 76
863 76
864 76
865 76
866 76
867 76
868 76
869 76
870 76
871 76
872 76
873 76
874 76
875 76
876 76
877 76
878 76
879 76
880 76
881 76
882 76
883 76
884 76
885 76
886 76
887 76
888 76
889 76
890 76
891 76
892 76
893 77
894 77
895 78
896 78
897 78
898 78
899 78
900 78
901 78
902 78
903 78
904 78
905 78
906 78
907 78
908 78
909 79
910 79
911 79
912 79
913 79
914 79
915 79
916 79
917 79
918 79
919 79
920 79
921 79
922 79
923 79
924 80
925 80
926 80
927 80
928 80
929 80
930 80
931 80
932 80
933 80
934 80
935 80
936 80
937 80
938 80
939 80
940 80
941 80
942 80
943 80
944 80
945 80
946 80
947 80
948 80
949 80
950 80
951 80
952 80
953 80
954 80
955 80
956 80
957 80
958 80
959 80
960 80
961 80
962 80
963 80
964 80
965 81
966 81
967 81
968 81
969 81
970 81
971 81
972 81
973 81
974 81
975 81
976 81
977 81
978 81
979 81
980 81
981 81
982 81
983 81
984 81
985 81
986 81
987 81
988 81
989 81
990 81
991 81
992 81
993 81
994 81
995 81
996 81
997 81
998 81
999 81
