#iterations fitness
0 0
1 0
2 0
3 0
4 0
5 2
6 2
7 2
8 2
9 3
10 3
11 4
12 4
13 4
14 5
15 5
16 7
17 7
18 7
19 7
20 7
21 7
22 7
23 8
24 8
25 8
26 8
27 8
28 9
29 9
30 10
31 10
32 10
33 11
34 11
35 11
36 12
37 13
38 13
39 14
40 14
41 14
42 14
43 14
44 14
45 14
46 14
47 14
48 14
49 15
50 15
51 15
52 15
53 15
54 15
55 15
56 15
57 16
58 16
59 16
60 16
61 16
62 17
63 17
64 17
65 17
66 18
67 19
68 19
69 19
70 19
71 19
72 19
73 19
74 19
75 19
76 19
77 19
78 20
79 22
80 22
81 23
82 23
83 23
84 23
85 23
86 23
87 23
88 23
89 23
90 23
91 24
92 24
93 25
94 25
95 25
96 25
97 25
98 25
99 25
100 25
101 25
102 26
103 26
104 26
105 26
106 26
107 26
108 26
109 27
110 27
111 27
112 28
113 28
114 28
115 28
116 28
117 28
118 28
119 28
120 28
121 28
122 27
123 27
124 27
125 27
126 27
127 27
128 28
129 28
130 28
131 30
132 30
133 30
134 30
135 30
136 31
137 31
138 31
139 31
140 33
141 33
142 33
143 33
144 34
145 34
146 34
147 34
148 34
149 34
150 34
151 35
152 35
153 35
154 35
155 35
156 35
157 35
158 35
159 36
160 36
161 36
162 36
163 36
164 36
165 37
166 37
167 37
168 38
169 38
170 38
171 38
172 38
173 38
174 38
175 38
176 38
177 38
178 38
179 40
180 40
181 40
182 40
183 40
184 40
185 41
186 41
187 41
188 41
189 41
190 41
191 42
192 42
193 42
194 42
195 42
196 42
197 42
198 42
199 42
200 42
201 42
202 42
203 42
204 42
205 43
206 43
207 43
208 45
209 45
210 45
211 45
212 45
213 45
214 45
215 45
216 45
217 45
218 45
219 45
220 45
221 46
222 46
223 46
224 46
225 46
226 46
227 47
228 47
229 47
230 47
231 47
232 47
233 47
234 47
235 47
236 47
237 47
238 47
239 47
240 47
241 47
242 47
243 47
244 47
245 47
246 48
247 48
248 48
249 48
250 49
251 49
252 49
253 49
254 51
255 51
256 51
257 51
258 51
259 51
260 51
261 52
262 52
263 52
264 52
265 52
266 52
267 52
268 52
269 52
270 52
271 52
272 52
273 52
274 52
275 52
276 52
277 53
278 53
279 53
280 53
281 54
282 54
283 54
284 54
285 54
286 54
287 54
288 54
289 54
290 54
291 54
292 54
293 54
294 54
295 54
296 54
297 54
298 56
299 56
300 56
301 56
302 56
303 56
304 57
305 57
306 57
307 57
308 57
309 57
310 57
311 57
312 57
313 57
314 57
315 57
316 57
317 57
318 57
319 57
320 57
321 57
322 58
323 58
324 58
325 58
326 58
327 58
328 58
329 58
330 58
331 58
332 58
333 58
334 58
335 58
336 58
337 58
338 58
339 58
340 58
341 58
342 58
343 58
344 58
345 58
346 59
347 60
348 60
349 60
350 60
351 60
352 60
353 60
354 60
355 60
356 60
357 60
358 60
359 60
360 60
361 61
362 61
363 61
364 61
365 61
366 61
367 61
368 61
369 61
370 61
371 60
372 60
373 60
374 60
375 60
376 60
377 60
378 60
379 60
380 60
381 60
382 60
383 60
384 60
385 61
386 61
387 61
388 61
389 61
390 62
391 62
392 62
393 62
394 62
395 62
396 62
397 62
398 62
399 62
400 62
401 62
402 62
403 62
404 62
405 62
406 62
407 62
408 62
409 62
410 62
411 62
412 62
413 62
414 62
415 62
416 64
417 64
418 64
419 64
420 64
421 65
422 65
423 65
424 65
425 66
426 66
427 66
428 66
429 66
430 66
431 66
432 66
433 66
434 68
435 68
436 68
437 68
438 68
439 68
440 68
441 68
442 68
443 68
444 68
445 68
446 68
447 68
448 68
449 68
450 68
451 68
452 68
453 68
454 68
455 68
456 68
457 68
458 68
459 68
460 68
461 68
462 68
463 68
464 68
465 68
466 68
467 68
468 68
469 68
470 68
471 68
472 68
473 68
474 68
475 68
476 68
477 68
478 68
479 69
480 69
481 69
482 69
483 69
484 69
485 69
486 69
487 70
488 70
489 70
490 70
491 70
492 70
493 70
494 70
495 70
496 70
497 71
498 71
499 71
500 71
501 71
502 71
503 71
504 71
505 71
506 71
507 71
508 71
509 71
510 71
511 71
512 71
513 71
514 71
515 71
516 71
517 71
518 71
519 71
520 71
521 71
522 71
523 71
524 71
525 71
526 71
527 71
528 71
529 72
530 72
531 72
532 72
533 72
534 72
535 72
536 72
537 72
538 72
539 72
540 72
541 72
542 72
543 72
544 72
545 72
546 72
547 73
548 73
549 73
550 73
551 73
552 73
553 73
554 73
555 73
556 73
557 74
558 74
559 74
560 74
561 74
562 74
563 74
564 74
565 74
566 74
567 74
568 74
569 74
570 74
571 74
572 74
573 74
574 75
575 75
576 75
577 75
578 75
579 75
580 75
581 75
582 75
583 75
584 75
585 75
586 75
587 75
588 75
589 75
590 75
591 75
592 75
593 75
594 75
595 75
596 75
597 75
598 75
599 75
600 75
601 75
602 75
603 76
604 76
605 76
606 76
607 77
608 77
609 77
610 77
611 77
612 77
613 77
614 77
615 77
616 77
617 77
618 77
619 77
620 77
621 77
622 77
623 77
624 77
625 77
626 77
627 77
628 77
629 77
630 77
631 77
632 77
633 77
634 77
635 77
636 77
637 77
638 77
639 77
640 77
641 77
642 77
643 77
644 77
645 77
646 78
647 78
648 78
649 78
650 78
651 78
652 78
653 78
654 78
655 78
656 78
657 78
658 78
659 78
660 78
661 78
662 78
663 78
664 78
665 78
666 78
667 78
668 78
669 78
670 78
671 78
672 78
673 78
674 78
675 78
676 78
677 78
678 78
679 78
680 78
681 78
682 78
683 78
684 78
685 78
686 79
687 79
688 79
689 79
690 79
691 79
692 80
693 80
694 80
695 80
696 80
697 80
698 80
699 80
700 80
701 81
702 81
703 81
704 81
705 81
706 81
707 81
708 81
709 81
710 81
711 81
712 81
713 81
714 81
715 81
716 81
717 81
718 81
719 81
720 81
721 81
722 82
723 82
724 82
725 82
726 82
727 82
728 82
729 82
730 82
731 82
732 82
733 82
734 82
735 82
736 82
737 82
738 82
739 82
740 83
741 83
742 83
743 83
744 83
745 83
746 83
747 83
748 83
749 83
750 83
751 83
752 83
753 83
754 83
755 83
756 83
757 83
758 83
759 83
760 83
761 83
762 83
763 83
764 83
765 83
766 83
767 83
768 83
769 83
770 83
771 83
772 83
773 83
774 83
775 83
776 83
777 83
778 83
779 83
780 83
781 83
782 83
783 83
784 83
785 83
786 83
787 83
788 83
789 83
790 83
791 83
792 83
793 83
794 83
795 83
796 83
797 83
798 83
799 83
800 83
801 83
802 83
803 83
804 83
805 83
806 84
807 84
808 84
809 84
810 84
811 84
812 84
813 84
814 84
815 84
816 84
817 84
818 84
819 84
820 84
821 84
822 84
823 84
824 84
825 84
826 84
827 84
828 84
829 84
830 84
831 84
832 84
833 84
834 84
835 84
836 84
837 84
838 84
839 84
840 84
841 84
842 84
843 84
844 84
845 84
846 84
847 84
848 84
849 84
850 84
851 84
852 84
853 84
854 84
855 84
856 84
857 84
858 84
859 84
860 84
861 84
862 84
863 84
864 84
865 84
866 85
867 85
868 85
869 85
870 85
871 85
872 85
873 85
874 85
875 85
876 85
877 86
878 86
879 86
880 86
881 86
882 86
883 86
884 86
885 86
886 86
887 86
888 86
889 86
890 86
891 86
892 86
893 86
894 86
895 86
896 86
897 86
898 86
899 86
900 86
901 86
902 86
903 86
904 86
905 86
906 86
907 86
908 86
909 86
910 86
911 86
912 86
913 86
914 86
915 86
916 86
917 86
918 86
919 86
920 86
921 86
922 86
923 86
924 86
925 86
926 86
927 86
928 86
929 86
930 86
931 86
932 86
933 86
934 86
935 86
936 86
937 86
938 86
939 86
940 86
941 86
942 86
943 86
944 86
945 86
946 86
947 86
948 86
949 86
950 86
951 86
952 86
953 86
954 86
955 86
956 86
957 86
958 86
959 86
960 86
961 86
962 86
963 86
964 86
965 86
966 86
967 86
968 86
969 86
970 86
971 86
972 86
973 86
974 86
975 86
976 86
977 86
978 86
979 86
980 86
981 86
982 86
983 86
984 86
985 86
986 86
987 86
988 86
989 86
990 86
991 86
992 86
993 86
994 86
995 86
996 86
997 86
998 86
999 86
