#iterations probabilites
0 0.225
1 0.1733
2 0.17776
3 0.16548
4 0.1661
5 0.17188
6 0.16996
7 0.16414
8 0.16357
9 0.16311
10 0.15623
11 0.16083
12 0.16102
13 0.15861
14 0.15845
15 0.15602
16 0.15631
17 0.15549
18 0.15632
19 0.15617
20 0.15741
21 0.15752
22 0.15696
23 0.1557
24 0.15486
25 0.15456
26 0.15433
27 0.15549
28 0.15644
29 0.15508
30 0.15501
31 0.15626
32 0.15704
33 0.15613
34 0.15463
35 0.15531
36 0.15321
37 0.15399
38 0.15363
39 0.15288
40 0.1537
41 0.15367
42 0.15378
43 0.15345
44 0.15273
45 0.15071
46 0.15024
47 0.14922
48 0.14993
49 0.15024
50 0.14936
51 0.15065
52 0.14965
53 0.14958
54 0.14925
55 0.14887
56 0.14889
57 0.14744
58 0.14855
59 0.15053
60 0.15104
61 0.15125
62 0.1508
63 0.15304
64 0.1521
65 0.15131
66 0.14987
67 0.14908
68 0.14844
69 0.14775
70 0.14765
71 0.14911
72 0.15084
73 0.1503
74 0.15181
75 0.15244
76 0.15026
77 0.14996
78 0.15074
79 0.15064
80 0.15004
81 0.14855
82 0.14998
83 0.1513
84 0.15075
85 0.15148
86 0.15077
87 0.15022
88 0.14845
89 0.15027
90 0.15015
91 0.14976
92 0.15054
93 0.15264
94 0.15364
95 0.15312
96 0.1511
97 0.14873
98 0.14784
99 0.14517
100 0.14594
101 0.14654
102 0.14822
103 0.14848
104 0.14991
105 0.14948
106 0.15088
107 0.14964
108 0.14907
109 0.14882
110 0.14958
111 0.14981
112 0.14958
113 0.14957
114 0.14937
115 0.15186
116 0.15265
117 0.15283
118 0.1512
119 0.15074
120 0.15155
121 0.1539
122 0.15463
123 0.15525
124 0.15644
125 0.15657
126 0.15737
127 0.15649
128 0.15484
129 0.15301
130 0.15407
131 0.15285
132 0.15359
133 0.1533
134 0.15526
135 0.15294
136 0.15247
137 0.15189
138 0.1508
139 0.1488
140 0.14661
141 0.14693
142 0.14621
143 0.14535
144 0.14554
145 0.14528
146 0.14407
147 0.14713
148 0.14744
149 0.14765
150 0.14525
151 0.14391
152 0.14287
153 0.14423
154 0.1453
155 0.14561
156 0.14609
157 0.14593
158 0.14573
159 0.1427
160 0.14302
161 0.14539
162 0.14697
163 0.14869
164 0.14832
165 0.14917
166 0.15133
167 0.15132
168 0.15142
169 0.15156
170 0.15169
171 0.15018
172 0.14757
173 0.14763
174 0.14828
175 0.1496
176 0.14923
177 0.14822
178 0.14775
179 0.14793
180 0.14738
181 0.14684
182 0.14832
183 0.14945
184 0.14972
185 0.14986
186 0.14836
187 0.14995
188 0.15043
189 0.1506
190 0.15084
191 0.14956
192 0.15145
193 0.15121
194 0.15306
195 0.15501
196 0.15643
197 0.15737
198 0.15782
199 0.15845
200 0.15839
201 0.15901
202 0.16208
203 0.16219
204 0.16153
205 0.16182
206 0.16345
207 0.16276
208 0.16242
209 0.16029
210 0.1597
211 0.15919
212 0.15704
213 0.15846
214 0.15893
215 0.15958
216 0.1604
217 0.15695
218 0.15731
219 0.15479
220 0.15151
221 0.15038
222 0.15026
223 0.15194
224 0.1507
225 0.15006
226 0.14924
227 0.14657
228 0.14812
229 0.15094
230 0.15079
231 0.15212
232 0.15112
233 0.15229
234 0.15332
235 0.15471
236 0.15389
237 0.15383
238 0.15235
239 0.15386
240 0.15205
241 0.15076
242 0.15
243 0.15016
244 0.15013
245 0.15046
246 0.1504
247 0.14877
248 0.14905
249 0.14989
250 0.15217
251 0.15569
252 0.15727
253 0.15812
254 0.15642
255 0.16028
256 0.15879
257 0.1609
258 0.15844
259 0.16056
260 0.15822
261 0.15787
262 0.15759
263 0.15552
264 0.15527
265 0.15705
266 0.15845
267 0.15917
268 0.1611
269 0.16276
270 0.16415
271 0.16534
272 0.16659
273 0.16583
274 0.16554
275 0.16258
276 0.15913
277 0.15963
278 0.16111
279 0.15994
280 0.15907
281 0.15801
282 0.15679
283 0.15833
284 0.15566
285 0.15605
286 0.15731
287 0.15887
288 0.15925
289 0.15773
290 0.15809
291 0.15663
292 0.15736
293 0.15708
294 0.15683
295 0.15441
296 0.15547
297 0.15415
298 0.15481
299 0.15639
300 0.15923
301 0.16091
302 0.16164
303 0.16084
304 0.15916
305 0.15839
306 0.16094
307 0.16104
308 0.16116
309 0.16353
310 0.16477
311 0.16789
312 0.1688
313 0.17044
314 0.17222
315 0.16853
316 0.16926
317 0.16887
318 0.16588
319 0.16813
320 0.17045
321 0.17092
322 0.17008
323 0.16957
324 0.16698
325 0.1635
326 0.16195
327 0.16403
328 0.16356
329 0.16378
330 0.16231
331 0.16048
332 0.16374
333 0.16304
334 0.16476
335 0.16254
336 0.15893
337 0.15846
338 0.15698
339 0.15484
340 0.15583
341 0.15694
342 0.15648
343 0.15651
344 0.15457
345 0.15335
346 0.15208
347 0.15429
348 0.1532
349 0.15786
350 0.15797
351 0.15784
352 0.15885
353 0.15823
354 0.15842
355 0.15812
356 0.15846
357 0.15773
358 0.15649
359 0.1544
360 0.15734
361 0.15696
362 0.15987
363 0.15915
364 0.16156
365 0.16411
366 0.16505
367 0.16627
368 0.16852
369 0.16868
370 0.17097
371 0.17114
372 0.17243
373 0.17386
374 0.16589
375 0.16851
376 0.17099
377 0.16898
378 0.16906
379 0.16639
380 0.17022
381 0.17059
382 0.16968
383 0.17071
384 0.17006
385 0.1692
386 0.17074
387 0.17379
388 0.17431
389 0.17286
390 0.17136
391 0.17434
392 0.17385
393 0.17416
394 0.16924
395 0.16952
396 0.16796
397 0.16999
398 0.16871
399 0.17308
400 0.17031
401 0.16372
402 0.16291
403 0.16107
404 0.16691
405 0.1645
406 0.16384
407 0.16508
408 0.16548
409 0.16612
410 0.16462
411 0.166
412 0.16406
413 0.16453
414 0.16516
415 0.16548
416 0.16187
417 0.16323
418 0.16246
419 0.16306
420 0.16075
421 0.162
422 0.1606
423 0.16354
424 0.16227
425 0.16122
426 0.15906
427 0.15857
428 0.15818
429 0.15628
430 0.15852
431 0.16026
432 0.15643
433 0.15594
434 0.15344
435 0.15305
436 0.15156
437 0.15153
438 0.15196
439 0.15205
440 0.15263
441 0.15644
442 0.15645
443 0.15398
444 0.15357
445 0.15426
446 0.15503
447 0.15678
448 0.15467
449 0.15451
450 0.15424
451 0.15584
452 0.15445
453 0.15447
454 0.15393
455 0.15453
456 0.15074
457 0.15207
458 0.15349
459 0.15623
460 0.16009
461 0.1599
462 0.16343
463 0.16305
464 0.16414
465 0.16389
466 0.16365
467 0.16737
468 0.1673
469 0.17144
470 0.1731
471 0.17678
472 0.17801
473 0.17903
474 0.17677
475 0.17953
476 0.17904
477 0.18059
478 0.18045
479 0.1801
480 0.1767
481 0.17627
482 0.17573
483 0.1803
484 0.17736
485 0.17474
486 0.17402
487 0.16913
488 0.1722
489 0.17677
490 0.17579
491 0.17415
492 0.171
493 0.17099
494 0.17021
495 0.1731
496 0.17495
497 0.17308
498 0.17571
499 0.17572
500 0.17215
501 0.17311
502 0.17303
503 0.17261
504 0.17034
505 0.174
506 0.17485
507 0.17595
508 0.17204
509 0.17158
510 0.17377
511 0.17627
512 0.17912
513 0.17992
514 0.17616
515 0.17848
516 0.18071
517 0.17897
518 0.18208
519 0.18172
520 0.17501
521 0.17047
522 0.17491
523 0.18409
524 0.17914
525 0.17982
526 0.17863
527 0.17903
528 0.1788
529 0.17723
530 0.17539
531 0.17354
532 0.17321
533 0.17277
534 0.17607
535 0.1753
536 0.1769
537 0.17504
538 0.17676
539 0.1796
540 0.18014
541 0.17922
542 0.18345
543 0.1848
544 0.18474
545 0.18973
546 0.19277
547 0.19394
548 0.19528
549 0.19376
550 0.19473
551 0.19305
552 0.19156
553 0.19975
554 0.20394
555 0.20223
556 0.20306
557 0.20185
558 0.20069
559 0.19762
560 0.19205
561 0.1887
562 0.18952
563 0.18092
564 0.17633
565 0.17187
566 0.17445
567 0.17952
568 0.18051
569 0.17939
570 0.18106
571 0.17793
572 0.17841
573 0.17882
574 0.1775
575 0.18188
576 0.18818
577 0.1899
578 0.18818
579 0.18758
580 0.19178
581 0.19412
582 0.19699
583 0.19605
584 0.19882
585 0.20194
586 0.2005
587 0.20014
588 0.20181
589 0.20259
590 0.20707
591 0.20049
592 0.19384
593 0.19475
594 0.19481
595 0.19741
596 0.19819
597 0.1965
598 0.19946
599 0.20559
600 0.20294
601 0.19902
602 0.20094
603 0.20719
604 0.20567
605 0.20763
606 0.20425
607 0.20069
608 0.19841
609 0.19942
610 0.20151
611 0.20615
612 0.19911
613 0.20186
614 0.20661
615 0.21319
616 0.21625
617 0.21632
618 0.20716
619 0.20187
620 0.19371
621 0.19492
622 0.19428
623 0.18888
624 0.18996
625 0.18775
626 0.19112
627 0.1902
628 0.18556
629 0.18359
630 0.18526
631 0.189
632 0.18968
633 0.18718
634 0.18716
635 0.18321
636 0.18081
637 0.18568
638 0.18184
639 0.1768
640 0.181
641 0.18052
642 0.18489
643 0.18251
644 0.18276
645 0.1833
646 0.17324
647 0.17281
648 0.17361
649 0.17385
650 0.17939
651 0.17768
652 0.17839
653 0.17812
654 0.17605
655 0.1739
656 0.17706
657 0.17471
658 0.17383
659 0.1764
660 0.18429
661 0.1798
662 0.18425
663 0.18486
664 0.18972
665 0.19255
666 0.19376
667 0.19117
668 0.18787
669 0.18977
670 0.19334
671 0.19535
672 0.19638
673 0.20022
674 0.18931
675 0.18611
676 0.18567
677 0.19164
678 0.19206
679 0.19249
680 0.199
681 0.19591
682 0.19472
683 0.19682
684 0.19264
685 0.18553
686 0.19067
687 0.18963
688 0.18979
689 0.18787
690 0.19301
691 0.18997
692 0.19017
693 0.18817
694 0.18615
695 0.18319
696 0.18482
697 0.18858
698 0.18537
699 0.1903
700 0.188
701 0.18913
702 0.18279
703 0.18743
704 0.18512
705 0.18447
706 0.17995
707 0.1802
708 0.18105
709 0.18497
710 0.18516
711 0.18217
712 0.18002
713 0.18202
714 0.1826
715 0.17618
716 0.17967
717 0.18048
718 0.18182
719 0.18264
720 0.18223
721 0.18325
722 0.18439
723 0.18698
724 0.18665
725 0.18267
726 0.18202
727 0.1817
728 0.17987
729 0.18114
730 0.17943
731 0.1898
732 0.19637
733 0.19475
734 0.19843
735 0.1956
736 0.20256
737 0.20649
738 0.20556
739 0.20789
740 0.21329
741 0.21083
742 0.20589
743 0.21119
744 0.20446
745 0.20903
746 0.21217
747 0.21036
748 0.20707
749 0.20924
750 0.21563
751 0.21395
752 0.21573
753 0.21975
754 0.22345
755 0.22753
756 0.22782
757 0.22179
758 0.22033
759 0.21607
760 0.21729
761 0.21646
762 0.21332
763 0.20953
764 0.20727
765 0.20944
766 0.20894
767 0.20924
768 0.21482
769 0.21463
770 0.21544
771 0.22042
772 0.21536
773 0.21706
774 0.21572
775 0.2147
776 0.21238
777 0.20927
778 0.2053
779 0.20169
780 0.19815
781 0.19737
782 0.1922
783 0.19083
784 0.19294
785 0.1867
786 0.18715
787 0.18684
788 0.19172
789 0.1933
790 0.18909
791 0.19405
792 0.19184
793 0.19073
794 0.19751
795 0.20011
796 0.19802
797 0.20586
798 0.19831
799 0.19348
800 0.18876
801 0.18664
802 0.19077
803 0.19407
804 0.20083
805 0.19977
806 0.19996
807 0.20808
808 0.21513
809 0.21438
810 0.21241
811 0.20825
812 0.20909
813 0.2061
814 0.20163
815 0.20394
816 0.20364
817 0.20515
818 0.20104
819 0.20218
820 0.19919
821 0.2038
822 0.19921
823 0.19596
824 0.20917
825 0.20499
826 0.20255
827 0.19851
828 0.19842
829 0.18989
830 0.19785
831 0.20015
832 0.19571
833 0.18986
834 0.18633
835 0.18112
836 0.18701
837 0.18795
838 0.18704
839 0.18421
840 0.19005
841 0.19129
842 0.19175
843 0.19291
844 0.18722
845 0.18657
846 0.18407
847 0.18313
848 0.18583
849 0.18353
850 0.18413
851 0.18637
852 0.19123
853 0.19086
854 0.19093
855 0.17409
856 0.16811
857 0.17068
858 0.17206
859 0.1736
860 0.17339
861 0.17418
862 0.17372
863 0.17276
864 0.17436
865 0.17419
866 0.17511
867 0.17439
868 0.17577
869 0.17947
870 0.18099
871 0.18417
872 0.18741
873 0.19129
874 0.18353
875 0.18264
876 0.18979
877 0.19013
878 0.19074
879 0.19152
880 0.19911
881 0.20771
882 0.20653
883 0.20349
884 0.20345
885 0.2026
886 0.2022
887 0.20041
888 0.20553
889 0.2056
890 0.21304
891 0.20983
892 0.21028
893 0.20936
894 0.21442
895 0.21119
896 0.21447
897 0.21747
898 0.20954
899 0.21643
900 0.22018
901 0.21184
902 0.2041
903 0.21245
904 0.2125
905 0.20636
906 0.2106
907 0.19833
908 0.20046
909 0.198
910 0.19752
911 0.2025
912 0.20782
913 0.20688
914 0.21253
915 0.19907
916 0.20116
917 0.19975
918 0.20496
919 0.20499
920 0.21461
921 0.2162
922 0.2145
923 0.22059
924 0.22324
925 0.22481
926 0.22632
927 0.23741
928 0.23169
929 0.23352
930 0.23031
931 0.22599
932 0.23778
933 0.23966
934 0.2411
935 0.23931
936 0.23327
937 0.23263
938 0.23497
939 0.23161
940 0.23638
941 0.24103
942 0.24782
943 0.24573
944 0.23702
945 0.22627
946 0.21573
947 0.21365
948 0.22011
949 0.20438
950 0.22805
951 0.2198
952 0.21127
953 0.20679
954 0.2091
955 0.20698
956 0.20771
957 0.20075
958 0.19396
959 0.19453
960 0.20033
961 0.20353
962 0.19958
963 0.19818
964 0.19757
965 0.20366
966 0.20738
967 0.20551
968 0.20483
969 0.21328
970 0.20888
971 0.2048
972 0.20669
973 0.19723
974 0.19487
975 0.19794
976 0.1894
977 0.18466
978 0.18401
979 0.1853
980 0.18526
981 0.18431
982 0.19684
983 0.20167
984 0.20168
985 0.1968
986 0.21039
987 0.21688
988 0.22214
989 0.22368
990 0.22131
991 0.21952
992 0.21846
993 0.21616
994 0.21332
995 0.21549
996 0.21937
997 0.21597
998 0.21567
999 0.21292
1000 0.20494
1001 0.20223
1002 0.19996
1003 0.19374
1004 0.1968
1005 0.19615
1006 0.19569
1007 0.18817
1008 0.19006
1009 0.19161
1010 0.19398
1011 0.19299
1012 0.18941
1013 0.20931
1014 0.21135
1015 0.213
1016 0.21087
1017 0.20736
1018 0.20977
1019 0.20429
1020 0.20288
1021 0.20167
1022 0.19981
1023 0.19695
1024 0.19978
1025 0.19747
1026 0.19725
1027 0.2032
1028 0.20839
1029 0.20231
1030 0.20316
1031 0.20183
1032 0.20011
1033 0.19543
1034 0.20252
1035 0.20133
1036 0.19719
1037 0.19947
1038 0.19637
1039 0.20013
1040 0.1993
1041 0.20468
1042 0.20789
1043 0.21103
1044 0.21566
1045 0.21496
1046 0.2163
1047 0.21893
1048 0.21602
1049 0.21682
1050 0.22722
1051 0.22879
1052 0.21763
1053 0.21119
1054 0.19911
1055 0.21076
1056 0.2147
1057 0.21687
1058 0.22509
1059 0.22538
1060 0.22652
1061 0.22491
1062 0.22021
1063 0.21926
1064 0.2036
1065 0.20213
1066 0.19438
1067 0.19743
1068 0.1893
1069 0.1932
1070 0.19134
1071 0.19016
1072 0.19473
1073 0.19202
1074 0.19106
1075 0.1975
1076 0.19805
1077 0.20339
1078 0.20352
1079 0.20137
1080 0.20279
1081 0.19954
1082 0.19772
1083 0.19371
1084 0.1807
1085 0.17952
1086 0.18511
1087 0.18822
1088 0.18842
1089 0.1888
1090 0.18681
1091 0.18912
1092 0.18986
1093 0.19231
1094 0.19218
1095 0.19387
1096 0.19602
1097 0.19405
1098 0.19601
1099 0.20498
1100 0.19417
1101 0.1899
1102 0.18816
1103 0.19109
1104 0.19004
1105 0.19228
1106 0.18999
1107 0.19318
1108 0.20145
1109 0.21615
1110 0.22047
1111 0.22047
1112 0.22285
1113 0.21829
1114 0.21963
1115 0.22356
1116 0.22064
1117 0.21952
1118 0.21813
1119 0.22426
1120 0.22786
1121 0.24384
1122 0.23968
1123 0.23433
1124 0.23184
1125 0.23903
1126 0.22346
1127 0.22889
1128 0.22396
1129 0.22934
1130 0.22339
1131 0.22949
1132 0.22744
1133 0.21346
1134 0.21289
1135 0.20784
1136 0.20707
1137 0.2011
1138 0.20398
1139 0.20865
1140 0.19981
1141 0.20364
1142 0.20686
1143 0.20241
1144 0.21305
1145 0.2141
1146 0.21102
1147 0.21213
1148 0.22046
1149 0.22413
1150 0.23295
1151 0.23048
1152 0.22761
1153 0.23246
1154 0.24118
1155 0.23722
1156 0.23431
1157 0.23738
1158 0.23007
1159 0.22203
1160 0.23862
1161 0.23834
1162 0.23465
1163 0.24344
1164 0.23993
1165 0.21745
1166 0.22002
1167 0.21455
1168 0.21886
1169 0.2009
1170 0.20305
1171 0.20371
1172 0.20438
1173 0.20831
1174 0.20623
1175 0.20277
1176 0.20559
1177 0.20919
1178 0.21038
1179 0.20962
1180 0.21322
1181 0.21129
1182 0.20933
1183 0.21921
1184 0.22008
1185 0.23422
1186 0.24043
1187 0.25078
1188 0.25442
1189 0.24969
1190 0.24124
1191 0.23856
1192 0.25103
1193 0.24541
1194 0.23633
1195 0.2351
1196 0.23092
1197 0.22935
1198 0.22903
1199 0.23087
1200 0.22406
1201 0.2264
1202 0.21826
1203 0.21826
1204 0.21753
1205 0.22209
1206 0.21701
1207 0.22767
1208 0.21707
1209 0.21469
1210 0.20367
1211 0.20807
1212 0.20193
1213 0.19468
1214 0.19321
1215 0.19863
1216 0.2043
1217 0.20492
1218 0.20508
1219 0.21599
1220 0.21773
1221 0.22163
1222 0.22243
1223 0.21285
1224 0.21308
1225 0.21437
1226 0.21757
1227 0.22191
1228 0.22131
1229 0.21949
1230 0.21357
1231 0.22265
1232 0.21781
1233 0.22437
1234 0.22589
1235 0.21907
1236 0.21967
1237 0.22601
1238 0.22484
1239 0.21725
1240 0.21238
1241 0.21438
1242 0.21369
1243 0.21039
1244 0.20592
1245 0.19713
1246 0.19161
1247 0.1923
1248 0.19543
1249 0.19382
1250 0.19377
1251 0.19315
1252 0.18399
1253 0.18394
1254 0.18425
1255 0.18428
1256 0.18456
1257 0.18635
1258 0.18104
1259 0.18156
1260 0.18279
1261 0.17566
1262 0.18313
1263 0.18521
1264 0.18104
1265 0.18389
1266 0.19863
1267 0.19845
1268 0.19637
1269 0.19404
1270 0.2052
1271 0.21382
1272 0.22549
1273 0.22782
1274 0.22631
1275 0.22416
1276 0.24098
1277 0.24466
1278 0.2468
1279 0.24775
1280 0.25153
1281 0.24442
1282 0.23331
1283 0.23525
1284 0.23636
1285 0.23815
1286 0.23716
1287 0.24563
1288 0.2448
1289 0.25515
1290 0.25519
1291 0.24514
1292 0.24663
1293 0.25289
1294 0.26348
1295 0.2621
1296 0.25393
1297 0.25776
1298 0.25669
1299 0.26166
1300 0.25643
1301 0.25416
1302 0.25079
1303 0.2473
1304 0.25104
1305 0.25287
1306 0.26979
1307 0.26819
1308 0.27005
1309 0.27109
1310 0.27512
1311 0.26473
1312 0.25962
1313 0.25241
1314 0.25357
1315 0.25448
1316 0.26141
1317 0.25317
1318 0.24689
1319 0.24185
1320 0.23642
1321 0.23247
1322 0.21378
1323 0.21392
1324 0.21452
1325 0.22758
1326 0.22658
1327 0.23201
1328 0.22227
1329 0.21046
1330 0.20983
1331 0.19635
1332 0.1926
1333 0.19146
1334 0.19296
1335 0.19442
1336 0.19428
1337 0.19388
1338 0.19472
1339 0.19793
1340 0.19614
1341 0.19516
1342 0.19804
1343 0.20018
1344 0.19826
1345 0.19687
1346 0.19701
1347 0.20312
1348 0.20403
1349 0.20395
1350 0.1966
1351 0.1907
1352 0.18454
1353 0.18669
1354 0.18755
1355 0.18942
1356 0.19552
1357 0.19649
1358 0.19798
1359 0.1958
1360 0.19499
1361 0.20766
1362 0.1917
1363 0.18806
1364 0.18479
1365 0.20083
1366 0.19771
1367 0.20038
1368 0.20012
1369 0.20463
1370 0.21778
1371 0.22049
1372 0.21935
1373 0.21715
1374 0.22307
1375 0.22683
1376 0.22856
1377 0.23323
1378 0.23843
1379 0.24121
1380 0.23424
1381 0.23551
1382 0.24256
1383 0.24784
1384 0.25669
1385 0.25954
1386 0.24327
1387 0.25745
1388 0.25999
1389 0.25808
1390 0.25704
1391 0.26072
1392 0.26576
1393 0.26753
1394 0.26324
1395 0.24849
1396 0.24473
1397 0.24477
1398 0.24543
1399 0.23925
1400 0.22903
1401 0.23214
1402 0.23958
1403 0.23597
1404 0.22513
1405 0.22305
1406 0.22326
1407 0.22694
1408 0.2208
1409 0.21455
1410 0.21281
1411 0.21368
1412 0.19938
1413 0.19644
1414 0.21021
1415 0.21011
1416 0.21011
1417 0.20351
1418 0.19803
1419 0.19243
1420 0.18626
1421 0.19251
1422 0.189
1423 0.18709
1424 0.1805
1425 0.17657
1426 0.17152
1427 0.1667
1428 0.15568
1429 0.16208
1430 0.16024
1431 0.15815
1432 0.15232
1433 0.16565
1434 0.17071
1435 0.1667
1436 0.16729
1437 0.16681
1438 0.17097
1439 0.16813
1440 0.16813
1441 0.17337
1442 0.17295
1443 0.17295
1444 0.17498
1445 0.17567
1446 0.17359
1447 0.18
1448 0.17955
1449 0.17945
1450 0.18361
1451 0.18684
1452 0.19187
1453 0.19
1454 0.19135
1455 0.19532
1456 0.19208
1457 0.19703
1458 0.19825
1459 0.196
1460 0.20714
1461 0.20714
1462 0.21916
1463 0.21415
1464 0.20304
1465 0.20695
1466 0.2066
1467 0.2102
1468 0.21173
1469 0.20027
1470 0.20104
1471 0.20188
1472 0.19944
1473 0.20083
1474 0.20677
1475 0.20367
1476 0.20812
1477 0.21312
1478 0.21461
1479 0.21684
1480 0.22444
1481 0.2284
1482 0.22068
1483 0.21025
1484 0.19892
1485 0.18963
1486 0.19615
1487 0.18779
1488 0.19459
1489 0.19216
1490 0.18353
1491 0.18728
1492 0.18746
1493 0.18872
1494 0.18962
1495 0.19223
1496 0.19104
1497 0.19661
1498 0.19977
1499 0.19192
1500 0.19591
1501 0.19479
1502 0.19235
1503 0.19033
1504 0.19435
1505 0.20274
1506 0.20402
1507 0.20653
1508 0.21569
1509 0.22319
1510 0.22517
1511 0.23065
1512 0.23699
1513 0.2361
1514 0.2414
1515 0.25247
1516 0.24485
1517 0.24464
1518 0.24965
1519 0.2512
1520 0.25257
1521 0.24781
1522 0.24896
1523 0.24873
1524 0.25088
1525 0.25829
1526 0.24654
1527 0.24927
1528 0.24711
1529 0.23257
1530 0.24383
1531 0.23713
1532 0.24175
1533 0.24642
1534 0.24642
1535 0.2549
1536 0.25125
1537 0.24646
1538 0.24512
1539 0.24256
1540 0.24506
1541 0.25173
1542 0.24932
1543 0.25329
1544 0.2621
1545 0.2553
1546 0.2608
1547 0.2578
1548 0.25988
1549 0.25289
1550 0.2408
1551 0.25509
1552 0.25509
1553 0.25768
1554 0.25454
1555 0.22884
1556 0.22616
1557 0.22482
1558 0.23653
1559 0.24069
1560 0.24191
1561 0.23509
1562 0.24057
1563 0.23817
1564 0.24423
1565 0.23604
1566 0.23232
1567 0.22005
1568 0.23252
1569 0.23023
1570 0.23201
1571 0.23296
1572 0.23296
1573 0.23922
1574 0.24326
1575 0.24723
1576 0.23807
1577 0.24918
1578 0.23889
1579 0.24271
1580 0.24349
1581 0.24937
1582 0.24478
1583 0.24023
1584 0.23073
1585 0.23845
1586 0.22208
1587 0.22468
1588 0.22479
1589 0.22003
1590 0.22643
1591 0.21973
1592 0.22083
1593 0.22229
1594 0.21985
1595 0.21881
1596 0.2178
1597 0.22071
1598 0.21972
1599 0.22362
1600 0.24857
1601 0.25687
1602 0.24289
1603 0.24467
1604 0.24277
1605 0.24277
1606 0.23339
1607 0.2403
1608 0.25205
1609 0.25547
1610 0.25106
1611 0.26321
1612 0.26303
1613 0.2535
1614 0.255
1615 0.24732
1616 0.23929
1617 0.24586
1618 0.2413
1619 0.24363
1620 0.24583
1621 0.2594
1622 0.25482
1623 0.2356
1624 0.23286
1625 0.22421
1626 0.21726
1627 0.22785
1628 0.22785
1629 0.22916
1630 0.23068
1631 0.23832
1632 0.22979
1633 0.22906
1634 0.22366
1635 0.22533
1636 0.21378
1637 0.21235
1638 0.20913
1639 0.19607
1640 0.19876
1641 0.19635
1642 0.19528
1643 0.19771
1644 0.20396
1645 0.20331
1646 0.19768
1647 0.19699
1648 0.18661
1649 0.1841
1650 0.1841
1651 0.17209
1652 0.17729
1653 0.17729
1654 0.17104
1655 0.16673
1656 0.17728
1657 0.18188
1658 0.18688
1659 0.17449
1660 0.17244
1661 0.17241
1662 0.17081
1663 0.17914
1664 0.17939
1665 0.18333
1666 0.18
1667 0.17936
1668 0.19324
1669 0.19574
1670 0.19456
1671 0.20097
1672 0.20722
1673 0.21283
1674 0.21908
1675 0.22068
1676 0.22912
1677 0.22939
1678 0.23953
1679 0.26627
1680 0.26735
1681 0.26714
1682 0.27042
1683 0.2756
1684 0.2881
1685 0.29018
1686 0.29435
1687 0.3125
1688 0.31
1689 0.32104
1690 0.33098
1691 0.33308
1692 0.31762
1693 0.32611
1694 0.29549
1695 0.31463
1696 0.31394
1697 0.30788
1698 0.3094
1699 0.3159
1700 0.31401
1701 0.31331
1702 0.32248
1703 0.30324
1704 0.31137
1705 0.31371
1706 0.31662
1707 0.32141
1708 0.30336
1709 0.29967
1710 0.29966
1711 0.29847
1712 0.30516
1713 0.31502
1714 0.2961
1715 0.30461
1716 0.30613
1717 0.28167
1718 0.27798
1719 0.28256
1720 0.2716
1721 0.28369
1722 0.2825
1723 0.2816
1724 0.28125
1725 0.31125
1726 0.2975
1727 0.29542
1728 0.29399
1729 0.29565
1730 0.29399
1731 0.27732
1732 0.28045
1733 0.28843
1734 0.28688
1735 0.28403
1736 0.2876
1737 0.2824
1738 0.25665
1739 0.25843
1740 0.25903
1741 0.25656
1742 0.28357
1743 0.28035
1744 0.27285
1745 0.26869
1746 0.24625
1747 0.25542
1748 0.26148
1749 0.25482
1750 0.25708
1751 0.25458
1752 0.25708
1753 0.25572
1754 0.26051
1755 0.26051
1756 0.26218
1757 0.25896
1758 0.24569
1759 0.24833
1760 0.245
1761 0.23671
1762 0.23413
1763 0.22818
1764 0.22549
1765 0.22525
1766 0.22503
1767 0.21635
1768 0.21635
1769 0.22135
1770 0.22135
1771 0.22399
1772 0.21464
1773 0.22
1774 0.22
1775 0.22107
1776 0.23802
1777 0.23897
1778 0.2398
1779 0.23583
1780 0.24056
1781 0.24097
1782 0.22975
1783 0.22892
1784 0.22938
1785 0.23143
1786 0.25408
1787 0.25682
1788 0.25833
1789 0.26
1790 0.26146
1791 0.2634
1792 0.26757
1793 0.25956
1794 0.26533
1795 0.26533
1796 0.26813
1797 0.27592
1798 0.27414
1799 0.2759
1800 0.27173
1801 0.273
1802 0.27175
1803 0.2722
1804 0.27458
1805 0.26548
1806 0.2703
1807 0.26792
1808 0.26092
1809 0.26509
1810 0.26849
1811 0.27266
1812 0.27028
1813 0.26778
1814 0.27283
1815 0.28357
1816 0.29396
1817 0.30887
1818 0.31339
1819 0.30292
1820 0.30826
1821 0.31089
1822 0.31214
1823 0.31527
1824 0.3136
1825 0.31985
1826 0.31985
1827 0.3186
1828 0.31673
1829 0.30333
1830 0.27417
1831 0.27
1832 0.29583
1833 0.28571
1834 0.27946
1835 0.27083
1836 0.27542
1837 0.25875
1838 0.2575
1839 0.25458
1840 0.27667
1841 0.27667
1842 0.2675
1843 0.2675
1844 0.24756
1845 0.24506
1846 0.24935
1847 0.24631
1848 0.24333
1849 0.21958
1850 0.21333
1851 0.21333
1852 0.2175
1853 0.23333
1854 0.23264
1855 0.23438
1856 0.22813
1857 0.2317
1858 0.23795
1859 0.23438
1860 0.22833
1861 0.22417
1862 0.22321
1863 0.21988
1864 0.23113
1865 0.22571
1866 0.21917
1867 0.23042
1868 0.23042
1869 0.23792
1870 0.23958
1871 0.22577
1872 0.21911
1873 0.25347
1874 0.25597
1875 0.25208
1876 0.25375
1877 0.27238
1878 0.27321
1879 0.26821
1880 0.26583
1881 0.2697
1882 0.26792
1883 0.27
1884 0.26792
1885 0.27042
1886 0.27625
1887 0.28006
1888 0.28256
1889 0.28339
1890 0.28506
1891 0.27756
1892 0.27857
1893 0.27845
1894 0.2722
1895 0.26533
1896 0.26488
1897 0.25699
1898 0.24232
1899 0.24107
1900 0.24315
1901 0.24542
1902 0.26083
1903 0.25875
1904 0.25979
1905 0.26771
1906 0.27187
1907 0.26771
1908 0.24979
1909 0.2475
1910 0.22667
1911 0.22917
1912 0.22917
1913 0.22917
1914 0.22833
1915 0.23042
1916 0.23875
1917 0.24242
1918 0.23742
1919 0.23389
1920 0.23798
1921 0.23548
1922 0.21964
1923 0.22167
1924 0.23
1925 0.23208
1926 0.23417
1927 0.22774
1928 0.23387
1929 0.23595
1930 0.23238
1931 0.23738
1932 0.2428
1933 0.24696
1934 0.22625
1935 0.21607
1936 0.21524
1937 0.21554
1938 0.21798
1939 0.22214
1940 0.21714
1941 0.23292
1942 0.23506
1943 0.23339
1944 0.23339
1945 0.24024
1946 0.24083
1947 0.23208
1948 0.23738
1949 0.23738
1950 0.24333
1951 0.25167
1952 0.25125
1953 0.25417
1954 0.25292
1955 0.25458
1956 0.24952
1957 0.2539
1958 0.25143
1959 0.25086
1960 0.24774
1961 0.24649
1962 0.24524
1963 0.24774
1964 0.2467
1965 0.24646
1966 0.24229
1967 0.24104
1968 0.24229
1969 0.23604
1970 0.22857
1971 0.23155
1972 0.23649
1973 0.23649
1974 0.23411
1975 0.23452
1976 0.23036
1977 0.24128
1978 0.23525
1979 0.23736
1980 0.23646
1981 0.23271
1982 0.24146
1983 0.24938
1984 0.25514
1985 0.26097
1986 0.26667
1987 0.27351
1988 0.27435
1989 0.25649
1990 0.2551
1991 0.25629
1992 0.25113
1993 0.2622
1994 0.26446
1995 0.26238
1996 0.25679
1997 0.25238
1998 0.25238
1999 0.24625
2000 0.24521
2001 0.24427
2002 0.22423
2003 0.22839
2004 0.23006
2005 0.23211
2006 0.21735
2007 0.20964
2008 0.20714
2009 0.20464
2010 0.20982
2011 0.20857
2012 0.20649
2013 0.19958
2014 0.19875
2015 0.19875
2016 0.19875
2017 0.19958
2018 0.19542
2019 0.19542
2020 0.19542
2021 0.19542
2022 0.20792
2023 0.21417
2024 0.21042
2025 0.2125
2026 0.22083
2027 0.225
2028 0.21958
2029 0.20708
2030 0.20936
2031 0.20942
2032 0.21506
2033 0.20722
2034 0.20722
2035 0.17783
2036 0.17806
2037 0.17806
2038 0.17449
2039 0.17847
2040 0.18681
2041 0.17639
2042 0.16917
2043 0.17292
2044 0.1733
2045 0.17348
2046 0.17617
2047 0.17617
2048 0.16728
2049 0.16992
2050 0.16992
2051 0.1726
2052 0.17583
2053 0.1775
2054 0.175
2055 0.17292
2056 0.16125
2057 0.16208
2058 0.16486
2059 0.16611
2060 0.16677
2061 0.16677
2062 0.16857
2063 0.1694
2064 0.17339
2065 0.16839
2066 0.17006
2067 0.18125
2068 0.18732
2069 0.17524
2070 0.17524
2071 0.1725
2072 0.17694
2073 0.17528
2074 0.17944
2075 0.18646
2076 0.18083
2077 0.18607
2078 0.18646
2079 0.2069
2080 0.21246
2081 0.21103
2082 0.21187
2083 0.2169
2084 0.22155
2085 0.22613
2086 0.22603
2087 0.23
2088 0.24021
2089 0.23938
2090 0.24003
2091 0.23461
2092 0.24836
2093 0.23646
2094 0.27187
2095 0.26929
2096 0.26929
2097 0.26667
2098 0.26875
2099 0.26208
2100 0.25911
2101 0.26244
2102 0.27494
2103 0.27923
2104 0.28798
2105 0.28131
2106 0.28756
2107 0.28756
2108 0.27292
2109 0.27292
2110 0.27292
2111 0.27375
2112 0.2675
2113 0.27387
2114 0.28042
2115 0.2775
2116 0.27917
2117 0.24583
2118 0.24083
2119 0.24167
2120 0.24167
2121 0.2397
2122 0.23554
2123 0.23262
2124 0.23345
2125 0.23804
2126 0.25262
2127 0.23845
2128 0.23095
2129 0.23304
2130 0.22994
2131 0.22574
2132 0.23396
2133 0.22146
2134 0.21173
2135 0.20798
2136 0.21021
2137 0.20812
2138 0.20646
2139 0.21729
2140 0.21729
2141 0.21625
2142 0.22428
2143 0.23514
2144 0.18514
2145 0.18167
2146 0.18167
2147 0.17803
2148 0.17458
2149 0.17042
2150 0.17042
2151 0.16515
2152 0.16932
2153 0.17182
2154 0.17
2155 0.1825
2156 0.18586
2157 0.18586
2158 0.18586
2159 0.18274
2160 0.2125
2161 0.21131
2162 0.22315
2163 0.22982
2164 0.23242
2165 0.2227
2166 0.2245
2167 0.23031
2168 0.23031
2169 0.22864
2170 0.22132
2171 0.21718
2172 0.21781
2173 0.21572
2174 0.21771
2175 0.22278
2176 0.22979
2177 0.22815
2178 0.2344
2179 0.24982
2180 0.2503
2181 0.25548
2182 0.2575
2183 0.24667
2184 0.24363
2185 0.23482
2186 0.2625
2187 0.25458
2188 0.24625
2189 0.22333
2190 0.22167
2191 0.22107
2192 0.22405
2193 0.23155
2194 0.23
2195 0.22583
2196 0.22583
2197 0.23542
2198 0.23661
2199 0.22827
2200 0.23065
2201 0.22932
2202 0.22991
2203 0.22321
2204 0.21696
2205 0.20863
2206 0.21708
2207 0.23708
2208 0.23363
2209 0.23649
2210 0.23708
2211 0.235
2212 0.2375
2213 0.24583
2214 0.26339
2215 0.26548
2216 0.26756
2217 0.26256
2218 0.26756
2219 0.27167
2220 0.285
2221 0.27786
2222 0.27792
2223 0.27673
2224 0.27548
2225 0.26048
2226 0.26173
2227 0.26173
2228 0.26375
2229 0.26137
2230 0.28637
2231 0.28637
2232 0.28304
2233 0.28304
2234 0.29137
2235 0.27857
2236 0.27464
2237 0.27048
2238 0.27048
2239 0.26786
2240 0.25857
2241 0.25345
2242 0.25929
2243 0.25304
2244 0.25071
2245 0.24988
2246 0.24905
2247 0.25738
2248 0.25738
2249 0.24905
2250 0.25458
2251 0.25458
2252 0.2625
2253 0.26
2254 0.26417
2255 0.26875
2256 0.26875
2257 0.26458
2258 0.27083
2259 0.26875
2260 0.28542
2261 0.27375
2262 0.26542
2263 0.25292
2264 0.24875
2265 0.23917
2266 0.205
2267 0.205
2268 0.205
2269 0.2275
2270 0.2275
2271 0.23458
2272 0.26
2273 0.24125
2274 0.24125
2275 0.24125
2276 0.24542
2277 0.24042
2278 0.23625
2279 0.22792
2280 0.21958
2281 0.21958
2282 0.21815
2283 0.2169
2284 0.2169
2285 0.21833
2286 0.21833
2287 0.21208
2288 0.22458
2289 0.21958
2290 0.21958
2291 0.2325
2292 0.23333
2293 0.23208
2294 0.245
2295 0.2325
2296 0.21125
2297 0.21125
2298 0.21042
2299 0.20833
2300 0.20833
2301 0.2075
2302 0.20333
2303 0.19917
2304 0.21167
2305 0.21167
2306 0.21167
2307 0.21167
2308 0.21167
2309 0.21167
2310 0.21167
2311 0.21167
2312 0.20417
2313 0.20417
2314 0.21333
2315 0.21333
2316 0.22167
2317 0.22167
2318 0.22083
2319 0.2175
2320 0.2175
2321 0.22024
2322 0.21562
2323 0.19479
2324 0.19479
2325 0.1942
2326 0.1942
2327 0.1942
2328 0.18854
2329 0.18769
2330 0.185
2331 0.18167
2332 0.18375
2333 0.18583
2334 0.18583
2335 0.19028
2336 0.19028
2337 0.19028
2338 0.19028
2339 0.175
2340 0.17292
2341 0.175
2342 0.175
2343 0.175
2344 0.17333
2345 0.17083
2346 0.1625
2347 0.1625
2348 0.1625
2349 0.1625
2350 0.165
2351 0.165
2352 0.16071
2353 0.1625
2354 0.16429
2355 0.1625
2356 0.16875
2357 0.16875
2358 0.16875
2359 0.16875
2360 0.16875
2361 0.16875
2362 0.16875
2363 0.16875
2364 0.18423
2365 0.19226
2366 0.19048
2367 0.19048
2368 0.18839
2369 0.19089
2370 0.19089
2371 0.20208
2372 0.20208
2373 0.19958
2374 0.22042
2375 0.22042
2376 0.21917
2377 0.2225
2378 0.2225
2379 0.21417
2380 0.22167
2381 0.22167
2382 0.22542
2383 0.22792
2384 0.22792
2385 0.2375
2386 0.23167
2387 0.23167
2388 0.22917
2389 0.21375
2390 0.18708
2391 0.18708
2392 0.18708
2393 0.20375
2394 0.19833
2395 0.20542
2396 0.19833
2397 0.20732
2398 0.20524
2399 0.19899
2400 0.19958
2401 0.20167
2402 0.20381
2403 0.20321
2404 0.21113
2405 0.22071
2406 0.22071
2407 0.21321
2408 0.20815
2409 0.20815
2410 0.20458
2411 0.19482
2412 0.20238
2413 0.20238
2414 0.20625
2415 0.22631
2416 0.21798
2417 0.23006
2418 0.23006
2419 0.25417
2420 0.27083
2421 0.275
2422 0.27619
2423 0.27786
2424 0.27786
2425 0.29036
2426 0.27786
2427 0.30744
2428 0.29375
2429 0.29375
2430 0.29375
2431 0.29375
2432 0.29708
2433 0.29708
2434 0.29708
2435 0.29375
2436 0.30083
2437 0.27583
2438 0.28095
2439 0.27262
2440 0.27262
2441 0.26845
2442 0.25595
2443 0.25536
2444 0.25952
2445 0.2619
2446 0.2744
2447 0.25149
2448 0.25149
2449 0.25149
2450 0.25024
2451 0.26274
2452 0.25524
2453 0.26083
2454 0.26679
2455 0.25321
2456 0.25464
2457 0.25583
2458 0.26167
2459 0.25964
2460 0.27667
2461 0.27333
2462 0.2725
2463 0.26917
2464 0.26708
2465 0.27125
2466 0.27125
2467 0.25042
2468 0.25875
2469 0.25
2470 0.25274
2471 0.2519
2472 0.25
2473 0.25458
2474 0.25458
2475 0.25708
2476 0.26458
2477 0.27125
2478 0.26333
2479 0.24667
2480 0.25917
2481 0.25917
2482 0.25917
2483 0.24792
2484 0.25625
2485 0.25625
2486 0.25208
2487 0.25625
2488 0.24792
2489 0.24792
2490 0.2378
2491 0.23958
2492 0.24583
2493 0.26125
2494 0.26125
2495 0.25792
2496 0.25583
2497 0.21958
2498 0.22375
2499 0.24042
2500 0.22917
2501 0.22792
2502 0.20708
2503 0.20708
2504 0.21542
2505 0.22375
2506 0.22375
2507 0.21542
2508 0.22315
2509 0.21607
2510 0.21607
2511 0.21607
2512 0.20774
2513 0.20774
2514 0.2119
2515 0.21274
2516 0.21399
2517 0.20357
2518 0.20417
2519 0.205
2520 0.20833
2521 0.21667
2522 0.21667
2523 0.20833
2524 0.175
2525 0.16667
2526 0.17083
2527 0.17083
2528 0.1875
2529 0.1625
2530 0.1625
2531 0.1625
2532 0.1625
2533 0.175
2534 0.175
2535 0.1725
2536 0.1725
2537 0.1975
2538 0.20583
2539 0.20583
2540 0.20583
2541 0.20583
2542 0.20208
2543 0.21458
2544 0.21458
2545 0.21875
2546 0.19125
2547 0.19625
2548 0.19625
2549 0.165
2550 0.1675
2551 0.165
2552 0.16833
2553 0.16833
2554 0.1725
2555 0.17083
2556 0.17083
2557 0.17083
2558 0.17083
2559 0.17083
2560 0.17083
2561 0.17214
2562 0.15208
2563 0.14875
2564 0.155
2565 0.155
2566 0.18833
2567 0.18833
2568 0.18833
2569 0.18958
2570 0.18625
2571 0.19375
2572 0.19375
2573 0.21875
2574 0.22542
2575 0.22542
2576 0.2275
2577 0.2275
2578 0.2275
2579 0.22083
2580 0.23125
2581 0.22708
2582 0.22708
2583 0.22708
2584 0.22708
2585 0.22625
2586 0.2325
2587 0.2325
2588 0.2325
2589 0.2325
2590 0.2325
2591 0.22
2592 0.22
2593 0.22
2594 0.20125
2595 0.2
2596 0.19667
2597 0.19667
2598 0.17167
2599 0.1675
2600 0.1675
2601 0.1675
2602 0.1675
2603 0.1675
2604 0.20625
2605 0.2175
2606 0.2175
2607 0.23833
2608 0.23833
2609 0.24458
2610 0.21958
2611 0.21958
2612 0.21958
2613 0.21333
2614 0.21458
2615 0.20833
2616 0.21583
2617 0.21167
2618 0.21167
2619 0.20333
2620 0.20333
2621 0.20458
2622 0.21708
2623 0.23125
2624 0.23125
2625 0.22887
2626 0.25804
2627 0.25804
2628 0.25804
2629 0.23929
2630 0.24583
2631 0.24917
2632 0.24917
2633 0.25988
2634 0.25417
2635 0.25
2636 0.24917
2637 0.24083
2638 0.24292
2639 0.21958
2640 0.22923
2641 0.26464
2642 0.26964
2643 0.26964
2644 0.26964
2645 0.27381
2646 0.27381
2647 0.28571
2648 0.28214
2649 0.28214
2650 0.26458
2651 0.25
2652 0.25
2653 0.24792
2654 0.27381
2655 0.26964
2656 0.2625
2657 0.26
2658 0.26
2659 0.26875
2660 0.26583
2661 0.26583
2662 0.26583
2663 0.26375
2664 0.26375
2665 0.26208
2666 0.25583
2667 0.235
2668 0.21
2669 0.21
2670 0.21
2671 0.21
2672 0.21
2673 0.21
2674 0.21
2675 0.2
2676 0.19583
2677 0.19583
2678 0.20238
2679 0.2
2680 0.19667
2681 0.19667
2682 0.18542
2683 0.18542
2684 0.18125
2685 0.175
2686 0.175
2687 0.17708
2688 0.17292
2689 0.17292
2690 0.16458
2691 0.16458
2692 0.16458
2693 0.16399
2694 0.16458
2695 0.16458
2696 0.16958
2697 0.16958
2698 0.17839
2699 0.17333
2700 0.17464
2701 0.18958
2702 0.20208
2703 0.17708
2704 0.17708
2705 0.17958
2706 0.17839
2707 0.18631
2708 0.18625
2709 0.1875
2710 0.20833
2711 0.21042
2712 0.20833
2713 0.21667
2714 0.20417
2715 0.20583
2716 0.20583
2717 0.21083
2718 0.215
2719 0.215
2720 0.215
2721 0.21292
2722 0.23792
2723 0.21958
2724 0.21958
2725 0.22375
2726 0.21958
2727 0.2175
2728 0.2175
2729 0.22583
2730 0.22583
2731 0.22583
2732 0.23
2733 0.225
2734 0.225
2735 0.22375
2736 0.22167
2737 0.23363
2738 0.23167
2739 0.23583
2740 0.24833
2741 0.24833
2742 0.24833
2743 0.27333
2744 0.28792
2745 0.3
2746 0.29792
2747 0.29792
2748 0.28542
2749 0.30625
2750 0.28333
2751 0.28542
2752 0.29792
2753 0.29375
2754 0.29167
2755 0.29792
2756 0.29792
2757 0.28958
2758 0.28958
2759 0.28333
2760 0.28333
2761 0.28333
2762 0.26042
2763 0.26042
2764 0.26042
2765 0.26042
2766 0.26875
2767 0.26875
2768 0.25208
2769 0.25833
2770 0.22708
2771 0.22708
2772 0.22708
2773 0.23125
2774 0.19375
2775 0.19167
2776 0.16875
2777 0.17083
2778 0.19583
2779 0.19583
2780 0.19583
2781 0.19583
2782 0.19167
2783 0.19167
2784 0.19167
2785 0.1875
2786 0.17917
2787 0.18417
2788 0.18417
2789 0.195
2790 0.17833
2791 0.17833
2792 0.18333
2793 0.18333
2794 0.18458
2795 0.18833
2796 0.18833
2797 0.18833
2798 0.18958
2799 0.195
2800 0.19583
2801 0.20625
2802 0.20625
2803 0.2125
2804 0.21375
2805 0.21375
2806 0.21667
2807 0.2175
2808 0.22542
2809 0.22917
2810 0.24167
2811 0.24167
2812 0.23542
2813 0.24583
2814 0.23958
2815 0.2375
2816 0.23542
2817 0.23006
2818 0.23006
2819 0.23006
2820 0.23006
2821 0.22917
2822 0.23125
2823 0.23125
2824 0.23667
2825 0.26375
2826 0.2575
2827 0.2575
2828 0.25542
2829 0.25625
2830 0.26042
2831 0.25958
2832 0.26048
2833 0.25714
2834 0.26548
2835 0.23214
2836 0.23839
2837 0.23839
2838 0.21339
2839 0.21339
2840 0.21458
2841 0.22292
2842 0.24375
2843 0.24375
2844 0.24375
2845 0.23542
2846 0.24792
2847 0.24375
2848 0.24167
2849 0.24167
2850 0.2375
2851 0.25
2852 0.2375
2853 0.225
2854 0.225
2855 0.2
2856 0.2
2857 0.2
2858 0.2025
2859 0.18107
2860 0.20667
2861 0.19417
2862 0.19417
2863 0.19417
2864 0.21917
2865 0.22292
2866 0.22292
2867 0.19792
2868 0.20149
2869 0.20149
2870 0.20149
2871 0.21274
2872 0.20792
2873 0.20917
2874 0.20917
2875 0.20917
2876 0.21274
2877 0.20649
2878 0.20649
2879 0.20812
2880 0.20729
2881 0.22813
2882 0.22813
2883 0.21563
2884 0.19063
2885 0.19653
2886 0.19688
2887 0.19861
2888 0.19861
2889 0.20313
2890 0.20313
2891 0.20357
2892 0.21458
2893 0.21042
2894 0.20917
2895 0.21
2896 0.21167
2897 0.22125
2898 0.2225
2899 0.20875
2900 0.20792
2901 0.20167
2902 0.2
2903 0.17167
2904 0.17167
2905 0.1925
2906 0.205
2907 0.20625
2908 0.21042
2909 0.21042
2910 0.21042
2911 0.21875
2912 0.21875
2913 0.225
2914 0.22083
2915 0.2125
2916 0.20833
2917 0.20208
2918 0.2
2919 0.2125
2920 0.2125
2921 0.18625
2922 0.18125
2923 0.18125
2924 0.18125
2925 0.175
2926 0.175
2927 0.175
2928 0.18958
2929 0.18958
2930 0.16875
2931 0.16875
2932 0.16875
2933 0.19375
2934 0.1925
2935 0.1925
2936 0.1925
2937 0.19667
2938 0.19667
2939 0.205
2940 0.21333
2941 0.21333
2942 0.21333
2943 0.22083
2944 0.22708
2945 0.21458
2946 0.21667
2947 0.21667
2948 0.22083
2949 0.22083
2950 0.22042
2951 0.21625
2952 0.21875
2953 0.21042
2954 0.21042
2955 0.18542
2956 0.21875
2957 0.225
2958 0.24167
2959 0.245
2960 0.23667
2961 0.23667
2962 0.255
2963 0.255
2964 0.25042
2965 0.24542
2966 0.24542
2967 0.24542
2968 0.23917
2969 0.22917
2970 0.21667
2971 0.22708
2972 0.22708
2973 0.23589
2974 0.23214
2975 0.25714
2976 0.25298
2977 0.25298
2978 0.25714
2979 0.25964
2980 0.25964
2981 0.22839
2982 0.22958
2983 0.22292
2984 0.19792
2985 0.18958
2986 0.18958
2987 0.18083
2988 0.18083
2989 0.16833
2990 0.17458
2991 0.17875
2992 0.18083
2993 0.185
2994 0.19583
2995 0.21833
2996 0.20833
2997 0.235
2998 0.23083
2999 0.23083
3000 0.22708
3001 0.23125
3002 0.23125
3003 0.22292
3004 0.22649
3005 0.22649
3006 0.23899
3007 0.23899
3008 0.21607
3009 0.21815
3010 0.22292
3011 0.23125
3012 0.23208
3013 0.24458
3014 0.24458
3015 0.24458
3016 0.23417
3017 0.23542
3018 0.23542
3019 0.20208
3020 0.19375
3021 0.19375
3022 0.16875
3023 0.16875
3024 0.16875
3025 0.17917
3026 0.1875
3027 0.1875
3028 0.2
3029 0.1875
3030 0.1875
3031 0.1875
3032 0.19583
3033 0.2
3034 0.2
3035 0.19375
3036 0.20208
3037 0.19792
3038 0.18958
3039 0.19458
3040 0.21958
3041 0.21958
3042 0.24958
3043 0.24958
3044 0.26
3045 0.26
3046 0.2575
3047 0.2575
3048 0.25333
3049 0.25583
3050 0.26833
3051 0.24333
3052 0.24583
3053 0.20833
3054 0.20833
3055 0.20833
3056 0.20833
3057 0.20417
3058 0.20417
3059 0.22917
3060 0.22917
3061 0.22917
3062 0.22917
3063 0.24375
3064 0.24375
3065 0.23125
3066 0.23125
3067 0.23125
3068 0.23125
3069 0.23125
3070 0.225
3071 0.2375
3072 0.2375
3073 0.2375
3074 0.2375
3075 0.2375
3076 0.225
3077 0.23333
3078 0.23333
3079 0.23333
3080 0.25833
3081 0.2625
3082 0.26667
3083 0.28542
3084 0.28333
3085 0.26042
3086 0.26042
3087 0.23542
3088 0.2375
3089 0.2375
3090 0.2375
3091 0.2375
3092 0.2375
3093 0.275
3094 0.275
3095 0.275
3096 0.275
3097 0.27083
3098 0.2675
3099 0.2675
3100 0.2675
3101 0.26875
3102 0.24375
3103 0.24375
3104 0.24375
3105 0.24375
3106 0.2375
3107 0.2125
3108 0.2125
3109 0.2125
3110 0.2125
3111 0.2125
3112 0.2125
3113 0.2125
3114 0.2125
3115 0.225
3116 0.225
3117 0.225
3118 0.2
3119 0.2
3120 0.2
3121 0.2
3122 0.2
3123 0.2
3124 0.19375
3125 0.19167
3126 0.19167
3127 0.19167
3128 0.19167
3129 0.19167
3130 0.1875
3131 0.1875
3132 0.1875
3133 0.1875
3134 0.1875
3135 0.1875
3136 0.17917
3137 0.175
3138 0.175
3139 0.175
3140 0.175
3141 0.175
3142 0.175
3143 0.175
3144 0.2
3145 0.2
3146 0.2
3147 0.2
3148 0.225
3149 0.22083
3150 0.22083
3151 0.23333
3152 0.23333
3153 0.20833
3154 0.23333
3155 0.225
3156 0.25
3157 0.25
3158 0.25
3159 0.25
3160 0.25
3161 0.25
3162 0.25
3163 0.23125
3164 0.23125
3165 0.23125
3166 0.23125
3167 0.23125
3168 0.23125
3169 0.20625
3170 0.18125
3171 0.18125
3172 0.19375
3173 0.19375
3174 0.20625
3175 0.23125
3176 0.23125
3177 0.23125
3178 0.23125
3179 0.225
3180 0.1875
3181 0.1625
3182 0.1625
3183 0.1625
3184 0.1625
3185 0.1625
3186 0.175
3187 0.175
3188 0.175
3189 0.175
3190 0.175
3191 0.175
3192 0.175
3193 0.175
3194 0.16875
3195 0.16875
3196 0.16875
3197 0.19375
3198 0.19375
3199 0.23125
3200 0.21875
3201 0.21875
3202 0.21875
3203 0.21875
3204 0.21875
3205 0.23333
3206 0.23333
3207 0.23333
3208 0.23333
3209 0.23958
3210 0.23958
3211 0.23
3212 0.23
3213 0.23
3214 0.255
3215 0.255
3216 0.255
3217 0.255
3218 0.2425
3219 0.26875
3220 0.27292
3221 0.27292
3222 0.27292
3223 0.27292
3224 0.27604
3225 0.30104
3226 0.27979
3227 0.27604
3228 0.2744
3229 0.2619
3230 0.2619
3231 0.2625
3232 0.2625
3233 0.2619
3234 0.25774
3235 0.28274
3236 0.29524
3237 0.29444
3238 0.28611
3239 0.26146
3240 0.2625
3241 0.26458
3242 0.26458
3243 0.28333
3244 0.28333
3245 0.25833
3246 0.28333
3247 0.30833
3248 0.30833
3249 0.29792
3250 0.29583
3251 0.27708
3252 0.28958
3253 0.28958
3254 0.28125
3255 0.28125
3256 0.30625
3257 0.2975
3258 0.3
3259 0.3
3260 0.3
3261 0.2975
3262 0.30417
3263 0.30417
3264 0.29167
3265 0.29167
3266 0.28542
3267 0.28542
3268 0.28542
3269 0.28542
3270 0.2725
3271 0.2375
3272 0.2125
3273 0.20625
3274 0.22375
3275 0.19875
3276 0.19625
3277 0.20583
3278 0.235
3279 0.235
3280 0.23958
3281 0.24167
3282 0.24458
3283 0.24458
3284 0.24458
3285 0.24458
3286 0.25
3287 0.25
3288 0.25
3289 0.24375
3290 0.24375
3291 0.25625
3292 0.2625
3293 0.2625
3294 0.27375
3295 0.275
3296 0.275
3297 0.28
3298 0.28333
3299 0.25833
3300 0.25417
3301 0.25417
3302 0.24583
3303 0.24583
3304 0.24583
3305 0.24583
3306 0.24375
3307 0.24375
3308 0.24375
3309 0.23958
3310 0.23958
3311 0.23958
3312 0.23958
3313 0.23958
3314 0.23958
3315 0.23958
3316 0.23333
3317 0.23333
3318 0.23333
3319 0.2375
3320 0.2375
3321 0.2375
3322 0.225
3323 0.2
3324 0.20625
3325 0.20625
3326 0.20625
3327 0.20625
3328 0.23125
3329 0.23125
3330 0.20625
3331 0.20625
3332 0.20833
3333 0.20417
3334 0.20417
3335 0.21167
3336 0.2375
3337 0.20952
3338 0.20952
3339 0.2375
3340 0.2375
3341 0.2375
3342 0.2625
3343 0.2625
3344 0.2625
3345 0.25625
3346 0.25625
3347 0.25327
3348 0.25327
3349 0.25208
3350 0.25208
3351 0.24833
3352 0.24833
3353 0.27542
3354 0.2775
3355 0.2775
3356 0.2775
3357 0.265
3358 0.26917
3359 0.29417
3360 0.29
3361 0.28167
3362 0.28167
3363 0.28167
3364 0.275
3365 0.275
3366 0.27083
3367 0.27083
3368 0.27083
3369 0.27083
3370 0.27083
3371 0.27083
3372 0.27083
3373 0.27083
3374 0.2875
3375 0.29167
3376 0.30417
3377 0.30417
3378 0.30417
3379 0.30417
3380 0.30417
3381 0.30417
3382 0.30417
3383 0.29167
3384 0.26667
3385 0.24167
3386 0.26667
3387 0.2625
3388 0.2625
3389 0.2875
3390 0.2875
3391 0.275
3392 0.275
3393 0.25
3394 0.24583
3395 0.24583
3396 0.24583
3397 0.24583
3398 0.22083
3399 0.22083
3400 0.22083
3401 0.22083
3402 0.22083
3403 0.22083
3404 0.24167
3405 0.24167
3406 0.24167
3407 0.25417
3408 0.25417
3409 0.25417
3410 0.25833
3411 0.25417
3412 0.25
3413 0.25
3414 0.24667
3415 0.22167
3416 0.22167
3417 0.25083
3418 0.255
3419 0.2675
3420 0.2675
3421 0.255
3422 0.28
3423 0.305
3424 0.30417
3425 0.30417
3426 0.30417
3427 0.30625
3428 0.29375
3429 0.26875
3430 0.26875
3431 0.25625
3432 0.24375
3433 0.25625
3434 0.25625
3435 0.24375
3436 0.2625
3437 0.2625
3438 0.26458
3439 0.25625
3440 0.25625
3441 0.25625
3442 0.24375
3443 0.24375
3444 0.24375
3445 0.24375
3446 0.24375
3447 0.23125
3448 0.20625
3449 0.20625
3450 0.18125
3451 0.205
3452 0.205
3453 0.205
3454 0.205
3455 0.20625
3456 0.23125
3457 0.20625
3458 0.2
3459 0.2
3460 0.2
3461 0.2
3462 0.2
3463 0.2
3464 0.2
3465 0.2
3466 0.2
3467 0.2
3468 0.2
3469 0.2
3470 0.2
3471 0.2
3472 0.2
3473 0.2
3474 0.2
3475 0.2
3476 0.18333
3477 0.18333
3478 0.18333
3479 0.19375
3480 0.19375
3481 0.17708
3482 0.17292
3483 0.17083
3484 0.17083
3485 0.17083
3486 0.17292
3487 0.17292
3488 0.175
3489 0.17917
3490 0.17917
3491 0.17917
3492 0.17917
3493 0.17917
3494 0.17917
3495 0.17917
3496 0.20417
3497 0.20417
3498 0.20833
3499 0.20833
3500 0.20833
3501 0.19583
3502 0.19583
3503 0.18333
3504 0.175
3505 0.175
3506 0.1625
3507 0.1625
3508 0.1625
3509 0.1625
3510 0.1625
3511 0.16667
3512 0.19167
3513 0.19167
3514 0.17857
3515 0.19107
3516 0.1869
3517 0.1869
3518 0.1869
3519 0.1869
3520 0.1869
3521 0.1744
3522 0.1744
3523 0.1744
3524 0.1744
3525 0.17083
3526 0.17292
3527 0.17083
3528 0.17708
3529 0.18125
3530 0.18125
3531 0.18125
3532 0.1875
3533 0.18125
3534 0.18
3535 0.205
3536 0.1925
3537 0.1675
3538 0.1675
3539 0.1675
3540 0.14667
3541 0.14667
3542 0.16333
3543 0.19667
3544 0.19792
3545 0.19792
3546 0.19792
3547 0.19792
3548 0.19792
3549 0.19792
3550 0.19792
3551 0.2
3552 0.2
3553 0.20417
3554 0.21667
3555 0.2125
3556 0.21875
3557 0.20625
3558 0.20833
3559 0.2125
3560 0.2
3561 0.2
3562 0.19167
3563 0.19167
3564 0.19167
3565 0.19167
3566 0.19167
3567 0.175
3568 0.175
3569 0.2
3570 0.20833
3571 0.20417
3572 0.20417
3573 0.20833
3574 0.215
3575 0.2025
3576 0.215
3577 0.2275
3578 0.2275
3579 0.2125
3580 0.21667
3581 0.24167
3582 0.24167
3583 0.25
3584 0.225
3585 0.225
3586 0.2375
3587 0.2375
3588 0.2625
3589 0.2875
3590 0.26042
3591 0.26042
3592 0.28542
3593 0.28417
3594 0.28
3595 0.275
3596 0.28333
3597 0.265
3598 0.265
3599 0.24
3600 0.24821
3601 0.24821
3602 0.24821
3603 0.25238
3604 0.25238
3605 0.25238
3606 0.26071
3607 0.26071
3608 0.23571
3609 0.23363
3610 0.23988
3611 0.23988
3612 0.23988
3613 0.23988
3614 0.24286
3615 0.24286
3616 0.23036
3617 0.22798
3618 0.22083
3619 0.225
3620 0.22167
3621 0.21667
3622 0.21667
3623 0.21833
3624 0.21833
3625 0.21417
3626 0.20583
3627 0.23083
3628 0.22042
3629 0.21625
3630 0.21417
3631 0.21042
3632 0.18542
3633 0.18292
3634 0.17667
3635 0.19333
3636 0.19333
3637 0.19333
3638 0.19333
3639 0.16458
3640 0.16458
3641 0.16667
3642 0.16667
3643 0.16667
3644 0.15833
3645 0.15833
3646 0.15833
3647 0.15833
3648 0.15833
3649 0.15833
3650 0.15833
3651 0.1625
3652 0.1375
3653 0.125
3654 0.125
3655 0.125
3656 0.125
3657 0.15
3658 0.15
3659 0.175
3660 0.175
3661 0.175
3662 0.175
3663 0.175
3664 0.175
3665 0.175
3666 0.175
3667 0.175
3668 0.175
3669 0.175
3670 0.175
3671 0.1875
3672 0.1875
3673 0.1875
3674 0.1875
3675 0.18333
3676 0.18333
3677 0.18333
3678 0.18333
3679 0.18333
3680 0.18333
3681 0.19583
3682 0.19375
3683 0.19375
3684 0.17083
3685 0.17083
3686 0.17083
3687 0.17917
3688 0.19167
3689 0.19167
3690 0.19167
3691 0.19167
3692 0.20417
3693 0.20417
3694 0.22083
3695 0.22083
3696 0.21458
3697 0.21458
3698 0.21458
3699 0.20833
3700 0.20833
3701 0.23333
3702 0.23333
3703 0.23333
3704 0.23333
3705 0.23333
3706 0.2125
3707 0.2125
3708 0.2125
3709 0.25
3710 0.25
3711 0.25
3712 0.25
3713 0.25
3714 0.275
3715 0.275
3716 0.275
3717 0.26667
3718 0.26667
3719 0.26667
3720 0.26667
3721 0.25
3722 0.25
3723 0.25
3724 0.25
3725 0.25
3726 0.225
3727 0.2
3728 0.2
3729 0.2
3730 0.2125
3731 0.2125
3732 0.2125
3733 0.21458
3734 0.20583
3735 0.18
3736 0.18
3737 0.17792
3738 0.17167
3739 0.19167
3740 0.19167
3741 0.19167
3742 0.20417
3743 0.20417
3744 0.20417
3745 0.22917
3746 0.22917
3747 0.28
3748 0.2675
3749 0.2675
3750 0.26667
3751 0.30417
3752 0.30357
3753 0.30417
3754 0.30417
3755 0.27917
3756 0.27917
3757 0.27917
3758 0.275
3759 0.2875
3760 0.2875
3761 0.2875
3762 0.28333
3763 0.28333
3764 0.28125
3765 0.28125
3766 0.26875
3767 0.27083
3768 0.27292
3769 0.27292
3770 0.24792
3771 0.24792
3772 0.2425
3773 0.25083
3774 0.255
3775 0.25417
3776 0.225
3777 0.225
3778 0.225
3779 0.225
3780 0.225
3781 0.225
3782 0.225
3783 0.225
3784 0.225
3785 0.225
3786 0.225
3787 0.225
3788 0.2375
3789 0.2375
3790 0.2375
3791 0.2125
3792 0.2125
3793 0.1875
3794 0.1875
3795 0.1875
3796 0.1875
3797 0.1875
3798 0.2
3799 0.2
3800 0.2
3801 0.2
3802 0.2
3803 0.2
3804 0.1875
3805 0.1875
3806 0.1875
3807 0.2375
3808 0.2375
3809 0.2125
3810 0.19583
3811 0.1875
3812 0.1875
3813 0.1875
3814 0.1875
3815 0.1875
3816 0.2125
3817 0.20833
3818 0.20833
3819 0.23333
3820 0.23333
3821 0.225
3822 0.225
3823 0.225
3824 0.2125
3825 0.2125
3826 0.2375
3827 0.2375
3828 0.2375
3829 0.2375
3830 0.2375
3831 0.2375
3832 0.21667
3833 0.21667
3834 0.21667
3835 0.21667
3836 0.21667
3837 0.21667
3838 0.21667
3839 0.21667
3840 0.24167
3841 0.24167
3842 0.24167
3843 0.24167
3844 0.2375
3845 0.2375
3846 0.2375
3847 0.2375
3848 0.2375
3849 0.25
3850 0.25
3851 0.25
3852 0.25
3853 0.25
3854 0.25
3855 0.25
3856 0.2125
3857 0.1875
3858 0.1875
3859 0.17917
3860 0.17917
3861 0.17917
3862 0.17917
3863 0.17917
3864 0.20417
3865 0.175
3866 0.175
3867 0.1875
3868 0.175
3869 0.18333
3870 0.18333
3871 0.18125
3872 0.18
3873 0.17917
3874 0.17917
3875 0.1875
3876 0.1925
3877 0.1925
3878 0.2175
3879 0.2175
3880 0.2175
3881 0.21875
3882 0.21875
3883 0.21875
3884 0.23125
3885 0.25625
3886 0.2625
3887 0.26125
3888 0.255
3889 0.22875
3890 0.24333
3891 0.24333
3892 0.21625
3893 0.21625
3894 0.21042
3895 0.21875
3896 0.21875
3897 0.22173
3898 0.22173
3899 0.24673
3900 0.24167
3901 0.24167
3902 0.24167
3903 0.24167
3904 0.24167
3905 0.24167
3906 0.24333
3907 0.21833
3908 0.225
3909 0.25
3910 0.225
3911 0.19375
3912 0.19583
3913 0.22083
3914 0.22083
3915 0.22083
3916 0.22083
3917 0.22083
3918 0.23333
3919 0.2375
3920 0.2125
3921 0.2125
3922 0.225
3923 0.225
3924 0.225
3925 0.225
3926 0.2375
3927 0.2625
3928 0.2625
3929 0.2625
3930 0.2625
3931 0.2625
3932 0.25833
3933 0.25833
3934 0.23333
3935 0.23333
3936 0.22083
3937 0.22083
3938 0.2125
3939 0.2125
3940 0.2125
3941 0.2375
3942 0.2375
3943 0.24375
3944 0.21875
3945 0.21875
3946 0.22083
3947 0.24583
3948 0.27083
3949 0.26875
3950 0.27083
3951 0.24583
3952 0.19583
3953 0.19583
3954 0.22083
3955 0.225
3956 0.225
3957 0.21875
3958 0.24375
3959 0.24375
3960 0.24375
3961 0.24375
3962 0.24375
3963 0.24375
3964 0.24375
3965 0.24375
3966 0.21875
3967 0.22292
3968 0.21667
3969 0.21667
3970 0.21667
3971 0.21667
3972 0.2125
3973 0.2125
3974 0.2125
3975 0.2125
3976 0.225
3977 0.225
3978 0.225
3979 0.2
3980 0.2
3981 0.2
3982 0.2
3983 0.225
3984 0.225
3985 0.225
3986 0.225
3987 0.25
3988 0.25
3989 0.25
3990 0.25
3991 0.25
3992 0.225
3993 0.25
3994 0.275
3995 0.2625
3996 0.2625
3997 0.2625
3998 0.25833
3999 0.25
4000 0.25
4001 0.25
4002 0.25
4003 0.25
4004 0.25
4005 0.25
4006 0.25
4007 0.225
4008 0.19167
4009 0.19167
4010 0.19167
4011 0.19167
4012 0.19167
4013 0.19167
4014 0.19167
4015 0.19167
4016 0.19167
4017 0.19167
4018 0.18125
4019 0.15417
4020 0.15417
4021 0.15417
4022 0.15417
4023 0.125
4024 0.125
4025 0.125
4026 0.125
4027 0.125
4028 0.125
4029 0.15
4030 0.15
4031 0.15
4032 0.15
4033 0.15
4034 0.15
4035 0.15
4036 0.15
4037 0.15625
4038 0.15625
4039 0.15625
4040 0.15625
4041 0.15625
4042 0.15833
4043 0.15833
4044 0.15833
4045 0.1625
4046 0.1625
4047 0.1625
4048 0.1625
4049 0.17917
4050 0.17917
4051 0.1875
4052 0.18333
4053 0.18333
4054 0.18333
4055 0.20833
4056 0.23333
4057 0.23333
4058 0.23333
4059 0.23333
4060 0.23333
4061 0.225
4062 0.22083
4063 0.22083
4064 0.20625
4065 0.20833
4066 0.19583
4067 0.19167
4068 0.19167
4069 0.19167
4070 0.19167
4071 0.19167
4072 0.19167
4073 0.19167
4074 0.175
4075 0.175
4076 0.175
4077 0.17083
4078 0.17083
4079 0.17083
4080 0.17
4081 0.16667
4082 0.16667
4083 0.16667
4084 0.16667
4085 0.16667
4086 0.16667
4087 0.16667
4088 0.16875
4089 0.19375
4090 0.19375
4091 0.19167
4092 0.19167
4093 0.20417
4094 0.20417
4095 0.22917
4096 0.22917
4097 0.22917
4098 0.22917
4099 0.22917
4100 0.23125
4101 0.23125
4102 0.2375
4103 0.25833
4104 0.30833
4105 0.30833
4106 0.30833
4107 0.30833
4108 0.33333
4109 0.33125
4110 0.35625
4111 0.35625
4112 0.35625
4113 0.35625
4114 0.34792
4115 0.34167
4116 0.33958
4117 0.33958
4118 0.33667
4119 0.35208
4120 0.36208
4121 0.36208
4122 0.36208
4123 0.36208
4124 0.36208
4125 0.33708
4126 0.33708
4127 0.33708
4128 0.33542
4129 0.31042
4130 0.31042
4131 0.33542
4132 0.33792
4133 0.33375
4134 0.3375
4135 0.31458
4136 0.30208
4137 0.28875
4138 0.28875
4139 0.30125
4140 0.30625
4141 0.2875
4142 0.3
4143 0.3
4144 0.2875
4145 0.2875
4146 0.3
4147 0.3
4148 0.3125
4149 0.3125
4150 0.3125
4151 0.2875
4152 0.2875
4153 0.275
4154 0.275
4155 0.2875
4156 0.2875
4157 0.275
4158 0.28333
4159 0.28333
4160 0.25833
4161 0.25833
4162 0.25833
4163 0.25833
4164 0.24583
4165 0.25
4166 0.25
4167 0.2625
4168 0.25
4169 0.25
4170 0.25
4171 0.25
4172 0.25
4173 0.275
4174 0.3
4175 0.29583
4176 0.29583
4177 0.29583
4178 0.29583
4179 0.29583
4180 0.29583
4181 0.27083
4182 0.27083
4183 0.26875
4184 0.25625
4185 0.255
4186 0.25625
4187 0.24375
4188 0.24375
4189 0.2375
4190 0.24167
4191 0.24167
4192 0.24167
4193 0.24167
4194 0.24167
4195 0.21667
4196 0.21667
4197 0.21667
4198 0.2125
4199 0.1875
4200 0.1875
4201 0.1875
4202 0.1875
4203 0.1875
4204 0.1875
4205 0.1875
4206 0.1875
4207 0.1625
4208 0.1625
4209 0.1625
4210 0.1625
4211 0.1625
4212 0.175
4213 0.175
4214 0.175
4215 0.15
4216 0.15
4217 0.15
4218 0.15
4219 0.15
4220 0.15
4221 0.15
4222 0.1625
4223 0.1625
4224 0.1625
4225 0.1625
4226 0.1625
4227 0.1875
4228 0.1875
4229 0.1875
4230 0.1875
4231 0.1875
4232 0.1875
4233 0.1875
4234 0.175
4235 0.175
4236 0.175
4237 0.175
4238 0.175
4239 0.175
4240 0.175
4241 0.175
4242 0.175
4243 0.175
4244 0.175
4245 0.1625
4246 0.1625
4247 0.1375
4248 0.1375
4249 0.1375
4250 0.1375
4251 0.1375
4252 0.125
4253 0.125
4254 0.125
4255 0.125
4256 0.125
4257 0.15
4258 0.175
4259 0.175
4260 0.175
4261 0.175
4262 0.175
4263 0.175
4264 0.175
4265 0.175
4266 0.175
4267 0.175
4268 0.175
4269 0.175
4270 0.2
4271 0.2
4272 0.2
4273 0.2
4274 0.2
4275 0.2
4276 0.2
4277 0.2
4278 0.25
4279 0.275
4280 0.275
4281 0.275
4282 0.25
4283 0.225
4284 0.225
4285 0.225
4286 0.225
4287 0.225
4288 0.225
4289 0.225
4290 0.225
4291 0.225
4292 0.225
4293 0.225
4294 0.225
4295 0.225
4296 0.225
4297 0.225
4298 0.225
4299 0.25
4300 0.25
4301 0.25
4302 0.25
4303 0.225
4304 0.2
4305 0.2
4306 0.225
4307 0.225
4308 0.225
4309 0.225
4310 0.225
4311 0.225
4312 0.225
4313 0.225
4314 0.225
4315 0.225
4316 0.225
4317 0.225
4318 0.225
4319 0.225
4320 0.2
4321 0.205
4322 0.20625
4323 0.23125
4324 0.20625
4325 0.20625
4326 0.20625
4327 0.20625
4328 0.20833
4329 0.20833
4330 0.20833
4331 0.18333
4332 0.18333
4333 0.18333
4334 0.18333
4335 0.18333
4336 0.2125
4337 0.2125
4338 0.225
4339 0.225
4340 0.225
4341 0.225
4342 0.2375
4343 0.2375
4344 0.2375
4345 0.2625
4346 0.25
4347 0.25
4348 0.225
4349 0.225
4350 0.2
4351 0.2
4352 0.2
4353 0.1875
4354 0.1875
4355 0.1875
4356 0.1875
4357 0.1875
4358 0.1875
4359 0.1875
4360 0.175
4361 0.1625
4362 0.1625
4363 0.15
4364 0.15
4365 0.15
4366 0.15
4367 0.15
4368 0.15
4369 0.15
4370 0.125
4371 0.125
4372 0.125
4373 0.125
4374 0.125
4375 0.125
4376 0.125
4377 0.125
4378 0.125
4379 0.125
4380 0.125
4381 0.15
4382 0.15
4383 0.15
4384 0.15
4385 0.15
4386 0.15
4387 0.15
4388 0.15
4389 0.15
4390 0.15
4391 0.15
4392 0.175
4393 0.175
4394 0.2
4395 0.2
4396 0.2
4397 0.2
4398 0.2
4399 0.2
4400 0.2
4401 0.225
4402 0.225
4403 0.225
4404 0.225
4405 0.225
4406 0.225
4407 0.225
4408 0.225
4409 0.225
4410 0.225
4411 0.225
4412 0.225
4413 0.225
4414 0.225
4415 0.225
4416 0.2375
4417 0.2375
4418 0.2375
4419 0.2125
4420 0.2375
4421 0.2375
4422 0.2375
4423 0.2375
4424 0.2375
4425 0.2375
4426 0.2125
4427 0.2125
4428 0.2125
4429 0.2125
4430 0.2125
4431 0.2125
4432 0.225
4433 0.225
4434 0.225
4435 0.225
4436 0.225
4437 0.2
4438 0.2
4439 0.2
4440 0.2
4441 0.175
4442 0.175
4443 0.175
4444 0.175
4445 0.2
4446 0.2
4447 0.2
4448 0.2
4449 0.2
4450 0.2
4451 0.2
4452 0.2
4453 0.2
4454 0.2
4455 0.2
4456 0.2
4457 0.2
4458 0.2
4459 0.2
4460 0.2
4461 0.2
4462 0.2
4463 0.2125
4464 0.2125
4465 0.2125
4466 0.225
4467 0.225
4468 0.225
4469 0.2
4470 0.2
4471 0.2
4472 0.2
4473 0.1875
4474 0.1875
4475 0.175
4476 0.16667
4477 0.16667
4478 0.16667
4479 0.16667
4480 0.1625
4481 0.1625
4482 0.1625
4483 0.1625
4484 0.1625
4485 0.1625
4486 0.1625
4487 0.1625
4488 0.1375
4489 0.1375
4490 0.1375
4491 0.1375
4492 0.1375
4493 0.1375
4494 0.1375
4495 0.13333
4496 0.13333
4497 0.125
4498 0.15
4499 0.15
4500 0.15
4501 0.175
4502 0.175
4503 0.175
4504 0.175
4505 0.175
4506 0.175
4507 0.175
4508 0.175
4509 0.175
4510 0.175
4511 0.175
4512 0.175
4513 0.175
4514 0.175
4515 0.2
4516 0.2
4517 0.2
4518 0.2
4519 0.2
4520 0.2
4521 0.225
4522 0.225
4523 0.225
4524 0.225
4525 0.225
4526 0.225
4527 0.2
4528 0.2
4529 0.2
4530 0.2
4531 0.2
4532 0.2
4533 0.2
4534 0.225
4535 0.225
4536 0.225
4537 0.225
4538 0.225
4539 0.225
4540 0.225
4541 0.25
4542 0.225
4543 0.225
4544 0.225
4545 0.2125
4546 0.2125
4547 0.2125
4548 0.2125
4549 0.2125
4550 0.2375
4551 0.2375
4552 0.2375
4553 0.2375
4554 0.2375
4555 0.2375
4556 0.2375
4557 0.2375
4558 0.2375
4559 0.225
4560 0.225
4561 0.225
4562 0.225
4563 0.2
4564 0.20417
4565 0.22917
4566 0.22917
4567 0.22917
4568 0.22917
4569 0.22857
4570 0.22917
4571 0.22917
4572 0.23
4573 0.23
4574 0.23
4575 0.205
4576 0.205
4577 0.205
4578 0.205
4579 0.205
4580 0.20625
4581 0.20833
4582 0.20833
4583 0.20833
4584 0.18333
4585 0.18333
4586 0.1875
4587 0.1875
4588 0.1875
4589 0.175
4590 0.15
4591 0.2
4592 0.2
4593 0.2
4594 0.2
4595 0.2
4596 0.2
4597 0.2
4598 0.2
4599 0.2
4600 0.1875
4601 0.1875
4602 0.1875
4603 0.1875
4604 0.1875
4605 0.1875
4606 0.1875
4607 0.1875
4608 0.1875
4609 0.2125
4610 0.2375
4611 0.2375
4612 0.2375
4613 0.2375
4614 0.2375
4615 0.2375
4616 0.2
4617 0.2
4618 0.2
4619 0.2
4620 0.2125
4621 0.2125
4622 0.2125
4623 0.2125
4624 0.2125
4625 0.2125
4626 0.2125
4627 0.2125
4628 0.225
4629 0.225
4630 0.25
4631 0.25
4632 0.25
4633 0.25
4634 0.225
4635 0.175
4636 0.175
4637 0.175
4638 0.2
4639 0.2
4640 0.225
4641 0.225
4642 0.225
4643 0.225
4644 0.225
4645 0.1875
4646 0.1875
4647 0.1875
4648 0.1875
4649 0.1875
4650 0.1875
4651 0.1875
4652 0.1875
4653 0.1875
4654 0.1875
4655 0.1875
4656 0.1875
4657 0.1875
4658 0.1875
4659 0.1875
4660 0.1875
4661 0.1875
4662 0.2125
4663 0.2125
4664 0.2125
4665 0.2125
4666 0.2125
4667 0.2125
4668 0.2125
4669 0.2125
4670 0.225
4671 0.225
4672 0.225
4673 0.2
4674 0.2
4675 0.2
4676 0.2
4677 0.2
4678 0.2
4679 0.2
4680 0.2
4681 0.2
4682 0.225
4683 0.225
4684 0.225
4685 0.225
4686 0.225
4687 0.2
4688 0.2
4689 0.2
4690 0.175
4691 0.175
4692 0.175
4693 0.175
4694 0.175
4695 0.175
4696 0.175
4697 0.175
4698 0.175
4699 0.175
4700 0.175
4701 0.175
4702 0.2
4703 0.2
4704 0.2
4705 0.2
4706 0.2
4707 0.2
4708 0.2125
4709 0.2125
4710 0.2125
4711 0.2125
4712 0.1875
4713 0.1875
4714 0.1875
4715 0.225
4716 0.225
4717 0.225
4718 0.225
4719 0.225
4720 0.225
4721 0.225
4722 0.225
4723 0.225
4724 0.225
4725 0.225
4726 0.225
4727 0.225
4728 0.225
4729 0.225
4730 0.2125
4731 0.2125
4732 0.2
4733 0.175
4734 0.175
4735 0.175
4736 0.175
4737 0.175
4738 0.175
4739 0.175
4740 0.175
4741 0.175
4742 0.15
4743 0.15
4744 0.15
4745 0.15
4746 0.2
4747 0.2
4748 0.2
4749 0.2
4750 0.2
4751 0.2
4752 0.2
4753 0.2
4754 0.2
4755 0.2
4756 0.2
4757 0.2
4758 0.225
4759 0.225
4760 0.225
4761 0.225
4762 0.25
4763 0.25
4764 0.225
4765 0.225
4766 0.225
4767 0.225
4768 0.225
4769 0.225
4770 0.225
4771 0.175
4772 0.175
4773 0.175
4774 0.175
4775 0.175
4776 0.175
4777 0.175
4778 0.175
4779 0.175
4780 0.175
4781 0.175
4782 0.175
4783 0.175
4784 0.175
4785 0.175
4786 0.175
4787 0.15
4788 0.15
4789 0.15
4790 0.15
4791 0.175
4792 0.175
4793 0.2
4794 0.2
4795 0.2
4796 0.2
4797 0.225
4798 0.225
4799 0.225
4800 0.225
4801 0.225
4802 0.225
4803 0.225
4804 0.225
4805 0.225
4806 0.225
4807 0.2125
4808 0.2125
4809 0.2125
4810 0.2125
4811 0.2125
4812 0.2125
4813 0.2125
4814 0.2125
4815 0.2125
4816 0.21667
4817 0.21667
4818 0.21875
4819 0.21875
4820 0.21875
4821 0.21875
4822 0.21667
4823 0.19167
4824 0.16667
4825 0.16667
4826 0.16667
4827 0.19167
4828 0.19167
4829 0.19167
4830 0.21667
4831 0.21667
4832 0.225
4833 0.225
4834 0.275
4835 0.275
4836 0.2625
4837 0.2375
4838 0.2625
4839 0.26667
4840 0.26667
4841 0.26667
4842 0.26667
4843 0.22917
4844 0.22917
4845 0.22917
4846 0.22917
4847 0.22917
4848 0.22917
4849 0.22917
4850 0.22917
4851 0.22917
4852 0.21667
4853 0.21667
4854 0.21667
4855 0.21667
4856 0.21667
4857 0.21667
4858 0.21667
4859 0.1875
4860 0.1875
4861 0.2
4862 0.2
4863 0.175
4864 0.125
4865 0.125
4866 0.15
4867 0.15
4868 0.15
4869 0.15
4870 0.15
4871 0.15
4872 0.15
4873 0.15
4874 0.15
4875 0.15
4876 0.175
4877 0.175
4878 0.175
4879 0.175
4880 0.175
4881 0.175
4882 0.175
4883 0.175
4884 0.175
4885 0.175
4886 0.175
4887 0.175
4888 0.175
4889 0.175
4890 0.175
4891 0.15
4892 0.15
4893 0.15
4894 0.15
4895 0.15
4896 0.15
4897 0.15
4898 0.14167
4899 0.14167
4900 0.14167
4901 0.1375
4902 0.1625
4903 0.175
4904 0.175
4905 0.17083
4906 0.17083
4907 0.17083
4908 0.17083
4909 0.17083
4910 0.17083
4911 0.17083
4912 0.1625
4913 0.1625
4914 0.1625
4915 0.1625
4916 0.17083
4917 0.17083
4918 0.17083
4919 0.175
4920 0.175
4921 0.175
4922 0.175
4923 0.175
4924 0.175
4925 0.175
4926 0.1875
4927 0.1875
4928 0.2
4929 0.2
4930 0.2
4931 0.2
4932 0.2
4933 0.2
4934 0.2
4935 0.175
4936 0.175
4937 0.2
4938 0.2
4939 0.2
4940 0.2
4941 0.2
4942 0.2
4943 0.2
4944 0.2
4945 0.2
4946 0.225
4947 0.25
4948 0.25
4949 0.25
4950 0.25
4951 0.25
4952 0.25
4953 0.225
4954 0.225
4955 0.225
4956 0.225
4957 0.225
4958 0.225
4959 0.225
4960 0.225
4961 0.225
4962 0.2
4963 0.2
4964 0.2
4965 0.2
4966 0.175
4967 0.175
4968 0.175
4969 0.175
4970 0.175
4971 0.175
4972 0.15
4973 0.15
4974 0.15
4975 0.15
4976 0.175
4977 0.175
4978 0.175
4979 0.2
4980 0.225
4981 0.225
4982 0.225
4983 0.225
4984 0.225
4985 0.225
4986 0.225
4987 0.225
4988 0.225
4989 0.21667
4990 0.21667
4991 0.22167
4992 0.22167
4993 0.22292
4994 0.22292
4995 0.22292
4996 0.22292
4997 0.19792
4998 0.22292
4999 0.22292
5000 0.22292
5001 0.21875
5002 0.22083
5003 0.225
5004 0.2
5005 0.175
5006 0.175
5007 0.175
5008 0.175
5009 0.175
5010 0.175
5011 0.2
5012 0.2
5013 0.2
5014 0.2
5015 0.2
5016 0.175
5017 0.175
5018 0.175
5019 0.175
5020 0.175
5021 0.175
5022 0.175
5023 0.15
5024 0.15
5025 0.15
5026 0.15
5027 0.15
5028 0.15
5029 0.15
5030 0.15
5031 0.15
5032 0.15
5033 0.15
5034 0.175
5035 0.175
5036 0.175
5037 0.175
5038 0.175
5039 0.175
5040 0.175
5041 0.175
5042 0.175
5043 0.175
5044 0.15
5045 0.15
5046 0.15
5047 0.15
5048 0.15
5049 0.1375
5050 0.1375
5051 0.1375
5052 0.1375
5053 0.14167
5054 0.14167
5055 0.16667
5056 0.16667
5057 0.16667
5058 0.16667
5059 0.1625
5060 0.1625
5061 0.1625
5062 0.1625
5063 0.1625
5064 0.175
5065 0.175
5066 0.175
5067 0.175
5068 0.2
5069 0.2
5070 0.2
5071 0.2
5072 0.2
5073 0.2
5074 0.2125
5075 0.2125
5076 0.21667
5077 0.21667
5078 0.19167
5079 0.19167
5080 0.17917
5081 0.17917
5082 0.20417
5083 0.20417
5084 0.2125
5085 0.2125
5086 0.20833
5087 0.20833
5088 0.20833
5089 0.20833
5090 0.20833
5091 0.20833
5092 0.20833
5093 0.20833
5094 0.20833
5095 0.20833
5096 0.20833
5097 0.2125
5098 0.2125
5099 0.2125
5100 0.2125
5101 0.1875
5102 0.1875
5103 0.1875
5104 0.1875
5105 0.175
5106 0.175
5107 0.15
5108 0.15
5109 0.15
5110 0.15
5111 0.125
5112 0.125
5113 0.125
5114 0.125
5115 0.125
5116 0.125
5117 0.15
5118 0.15
5119 0.15
5120 0.15
5121 0.15
5122 0.15
5123 0.15
5124 0.15
5125 0.15
5126 0.15
5127 0.15
5128 0.15
5129 0.15
5130 0.14167
5131 0.14167
5132 0.14167
5133 0.14167
5134 0.14167
5135 0.14167
5136 0.14167
5137 0.14167
5138 0.14167
5139 0.14167
5140 0.1625
5141 0.1625
5142 0.15833
5143 0.15833
5144 0.15833
5145 0.15833
5146 0.15
5147 0.15
5148 0.15
5149 0.15
5150 0.15
5151 0.15
5152 0.15
5153 0.15
5154 0.15
5155 0.15
5156 0.15
5157 0.15
5158 0.15
5159 0.15
5160 0.15
5161 0.15
5162 0.15
5163 0.15
5164 0.15
5165 0.125
5166 0.125
5167 0.125
5168 0.125
5169 0.125
5170 0.125
5171 0.125
5172 0.125
5173 0.125
5174 0.15
5175 0.15
5176 0.15
5177 0.15
5178 0.15
5179 0.15
5180 0.175
5181 0.175
5182 0.175
5183 0.175
5184 0.175
5185 0.175
5186 0.175
5187 0.175
5188 0.2
5189 0.2
5190 0.2
5191 0.2
5192 0.2
5193 0.2
5194 0.2
5195 0.2
5196 0.2
5197 0.2
5198 0.2
5199 0.2
5200 0.2
5201 0.2
5202 0.2
5203 0.2
5204 0.175
5205 0.175
5206 0.15
5207 0.15
5208 0.15
5209 0.15
5210 0.15
5211 0.15
5212 0.15
5213 0.15
5214 0.15
5215 0.15
5216 0.15
5217 0.15
5218 0.15
5219 0.15
5220 0.15
5221 0.15
5222 0.15
5223 0.15
5224 0.175
5225 0.175
5226 0.1875
5227 0.1875
5228 0.18333
5229 0.18333
5230 0.18333
5231 0.1875
5232 0.1875
5233 0.1875
5234 0.1875
5235 0.1875
5236 0.1875
5237 0.1625
5238 0.1625
5239 0.1625
5240 0.1625
5241 0.1625
5242 0.1625
5243 0.1625
5244 0.1625
5245 0.1625
5246 0.18333
5247 0.18333
5248 0.18333
5249 0.18333
5250 0.18333
5251 0.175
5252 0.175
5253 0.175
5254 0.175
5255 0.175
5256 0.175
5257 0.175
5258 0.175
5259 0.175
5260 0.175
5261 0.175
5262 0.175
5263 0.175
5264 0.175
5265 0.175
5266 0.15
5267 0.15
5268 0.15
5269 0.15
5270 0.15
5271 0.125
5272 0.125
5273 0.125
5274 0.1375
5275 0.1375
5276 0.1375
5277 0.1375
5278 0.1375
5279 0.1375
5280 0.1375
5281 0.1625
5282 0.1625
5283 0.1625
5284 0.1625
5285 0.175
5286 0.175
5287 0.175
5288 0.175
5289 0.175
5290 0.175
5291 0.175
5292 0.175
5293 0.175
5294 0.175
5295 0.175
5296 0.2
5297 0.2
5298 0.2
5299 0.2
5300 0.2
5301 0.2
5302 0.2
5303 0.2
5304 0.2
5305 0.2
5306 0.175
5307 0.175
5308 0.2
5309 0.2
5310 0.2
5311 0.2
5312 0.2
5313 0.2
5314 0.175
5315 0.175
5316 0.2
5317 0.2
5318 0.2
5319 0.2
5320 0.2
5321 0.18125
5322 0.18333
5323 0.18333
5324 0.18333
5325 0.18333
5326 0.18125
5327 0.18125
5328 0.18125
5329 0.18125
5330 0.18125
5331 0.18125
5332 0.18125
5333 0.15625
5334 0.15625
5335 0.15625
5336 0.15625
5337 0.15625
5338 0.15625
5339 0.15625
5340 0.15625
5341 0.155
5342 0.15625
5343 0.15833
5344 0.15833
5345 0.15833
5346 0.15
5347 0.15
5348 0.15
5349 0.15
5350 0.15
5351 0.15
5352 0.15
5353 0.15
5354 0.15
5355 0.15
5356 0.15
5357 0.15
5358 0.15
5359 0.15
5360 0.15
5361 0.15
5362 0.15
5363 0.125
5364 0.125
5365 0.125
5366 0.125
5367 0.125
5368 0.125
5369 0.125
5370 0.125
5371 0.125
5372 0.125
5373 0.125
5374 0.125
5375 0.125
5376 0.125
5377 0.125
5378 0.125
5379 0.125
5380 0.15
5381 0.15
5382 0.15
5383 0.15
5384 0.15
5385 0.15
5386 0.15
5387 0.15
5388 0.15
5389 0.15
5390 0.15
5391 0.15
5392 0.15
5393 0.15
5394 0.15
5395 0.15
5396 0.15
5397 0.15
5398 0.15
5399 0.15
5400 0.15
5401 0.15
5402 0.15
5403 0.15
5404 0.15
5405 0.125
5406 0.125
5407 0.125
5408 0.125
5409 0.125
5410 0.125
5411 0.125
5412 0.125
5413 0.125
5414 0.125
5415 0.125
5416 0.125
5417 0.125
5418 0.125
5419 0.15
5420 0.15
5421 0.175
5422 0.175
5423 0.175
5424 0.175
5425 0.175
5426 0.175
5427 0.175
5428 0.175
5429 0.175
5430 0.175
5431 0.175
5432 0.175
5433 0.175
5434 0.175
5435 0.175
5436 0.175
5437 0.175
5438 0.175
5439 0.175
5440 0.175
5441 0.2
5442 0.2
5443 0.225
5444 0.2375
5445 0.2375
5446 0.2375
5447 0.2375
5448 0.2375
5449 0.2625
5450 0.2625
5451 0.2625
5452 0.2625
5453 0.2625
5454 0.2625
5455 0.275
5456 0.2875
5457 0.2875
5458 0.2875
5459 0.2875
5460 0.2875
5461 0.2875
5462 0.2875
5463 0.2875
5464 0.2875
5465 0.2875
5466 0.2625
5467 0.2375
5468 0.2375
5469 0.25
5470 0.25
5471 0.225
5472 0.225
5473 0.225
5474 0.2
5475 0.175
5476 0.175
5477 0.175
5478 0.175
5479 0.175
5480 0.15
5481 0.15
5482 0.15
5483 0.15
5484 0.15
5485 0.15
5486 0.15
5487 0.15
5488 0.15
5489 0.125
5490 0.125
5491 0.125
5492 0.125
5493 0.125
5494 0.125
5495 0.125
5496 0.125
5497 0.15
5498 0.15
5499 0.15
5500 0.175
5501 0.175
5502 0.175
5503 0.175
5504 0.175
5505 0.175
5506 0.175
5507 0.175
5508 0.175
5509 0.175
5510 0.175
5511 0.175
5512 0.175
5513 0.175
5514 0.175
5515 0.175
5516 0.175
5517 0.175
5518 0.175
5519 0.175
5520 0.2
5521 0.2
5522 0.2
5523 0.2
5524 0.2
5525 0.15
5526 0.15
5527 0.15
5528 0.15
5529 0.15
5530 0.15
5531 0.15
5532 0.1625
5533 0.1625
5534 0.1625
5535 0.1625
5536 0.1625
5537 0.1625
5538 0.1625
5539 0.1625
5540 0.1625
5541 0.1625
5542 0.1625
5543 0.1625
5544 0.1625
5545 0.1375
5546 0.1375
5547 0.1375
5548 0.1625
5549 0.1625
5550 0.1625
5551 0.175
5552 0.175
5553 0.175
5554 0.175
5555 0.175
5556 0.175
5557 0.175
5558 0.175
5559 0.175
5560 0.175
5561 0.175
5562 0.175
5563 0.175
5564 0.175
5565 0.175
5566 0.175
5567 0.175
5568 0.175
5569 0.175
5570 0.175
5571 0.175
5572 0.175
5573 0.175
5574 0.175
5575 0.175
5576 0.15
5577 0.15
5578 0.15
5579 0.15
5580 0.175
5581 0.175
5582 0.175
5583 0.175
5584 0.175
5585 0.175
5586 0.175
5587 0.175
5588 0.175
5589 0.175
5590 0.175
5591 0.175
5592 0.175
5593 0.175
5594 0.175
5595 0.175
5596 0.175
5597 0.175
5598 0.175
5599 0.175
5600 0.175
5601 0.175
5602 0.175
5603 0.175
5604 0.175
5605 0.15
5606 0.15
5607 0.15
5608 0.15
5609 0.15
5610 0.15
5611 0.125
5612 0.125
5613 0.125
5614 0.125
5615 0.125
5616 0.125
5617 0.125
5618 0.125
5619 0.125
5620 0.125
5621 0.125
5622 0.125
5623 0.125
5624 0.125
5625 0.125
5626 0.125
5627 0.125
5628 0.125
5629 0.125
5630 0.125
5631 0.125
5632 0.125
5633 0.125
5634 0.125
5635 0.125
5636 0.125
5637 0.15
5638 0.15
5639 0.15
5640 0.15
5641 0.15
5642 0.15
5643 0.15
5644 0.15
5645 0.15
5646 0.15
5647 0.15
5648 0.175
5649 0.175
5650 0.175
5651 0.175
5652 0.175
5653 0.175
5654 0.175
5655 0.175
5656 0.175
5657 0.175
5658 0.175
5659 0.175
5660 0.2
5661 0.2
5662 0.175
5663 0.175
5664 0.175
5665 0.175
5666 0.175
5667 0.175
5668 0.175
5669 0.175
5670 0.175
5671 0.175
5672 0.175
5673 0.15
5674 0.175
5675 0.175
5676 0.175
5677 0.1625
5678 0.1625
5679 0.1625
5680 0.1625
5681 0.1625
5682 0.1625
5683 0.1625
5684 0.1625
5685 0.1625
5686 0.15
5687 0.15
5688 0.15
5689 0.15
5690 0.15
5691 0.15
5692 0.15
5693 0.15
5694 0.15833
5695 0.15833
5696 0.15833
5697 0.1625
5698 0.1625
5699 0.15
5700 0.15
5701 0.15
5702 0.15
5703 0.2375
5704 0.2375
5705 0.2375
5706 0.2375
5707 0.2375
5708 0.225
5709 0.225
5710 0.2125
5711 0.2125
5712 0.2125
5713 0.2125
5714 0.2125
5715 0.2125
5716 0.2125
5717 0.2125
5718 0.2125
5719 0.2125
5720 0.2125
5721 0.2125
5722 0.2125
5723 0.2375
5724 0.2375
5725 0.2375
5726 0.2375
5727 0.2375
5728 0.175
5729 0.175
5730 0.15
5731 0.15
5732 0.15
5733 0.15
5734 0.15
5735 0.175
5736 0.175
5737 0.175
5738 0.175
5739 0.175
5740 0.175
5741 0.175
5742 0.175
5743 0.175
5744 0.175
5745 0.175
5746 0.175
5747 0.175
5748 0.175
5749 0.175
5750 0.175
5751 0.175
5752 0.175
5753 0.175
5754 0.175
5755 0.175
5756 0.175
5757 0.175
5758 0.175
5759 0.175
5760 0.15
5761 0.15
5762 0.15
5763 0.15
5764 0.15
5765 0.15
5766 0.15
5767 0.15
5768 0.15
5769 0.15
5770 0.15
5771 0.15
5772 0.125
5773 0.125
5774 0.125
5775 0.125
5776 0.125
5777 0.125
5778 0.125
5779 0.125
5780 0.125
5781 0.125
5782 0.125
5783 0.125
5784 0.125
5785 0.125
5786 0.125
5787 0.125
5788 0.125
5789 0.125
5790 0.125
5791 0.125
5792 0.125
5793 0.125
5794 0.125
5795 0.125
5796 0.125
5797 0.125
5798 0.125
5799 0.125
5800 0.125
5801 0.125
5802 0.125
5803 0.125
5804 0.125
5805 0.125
5806 0.125
5807 0.15
5808 0.175
5809 0.175
5810 0.175
5811 0.175
5812 0.175
5813 0.175
5814 0.175
5815 0.175
5816 0.175
5817 0.175
5818 0.175
5819 0.175
5820 0.175
5821 0.175
5822 0.175
5823 0.175
5824 0.175
5825 0.175
5826 0.175
5827 0.175
5828 0.175
5829 0.175
5830 0.175
5831 0.175
5832 0.15
5833 0.125
5834 0.125
5835 0.125
5836 0.125
5837 0.125
5838 0.125
5839 0.125
5840 0.125
5841 0.125
5842 0.125
5843 0.15
5844 0.15
5845 0.15
5846 0.15
5847 0.15
5848 0.15
5849 0.15
5850 0.15
5851 0.15
5852 0.15
5853 0.15
5854 0.15
5855 0.15
5856 0.15
5857 0.15
5858 0.15
5859 0.15
5860 0.15
5861 0.15
5862 0.15
5863 0.15
5864 0.15
5865 0.15
5866 0.15
5867 0.15
5868 0.15
5869 0.15
5870 0.15
5871 0.15
5872 0.15
5873 0.15
5874 0.15
5875 0.15
5876 0.15
5877 0.15
5878 0.15
5879 0.15
5880 0.125
5881 0.125
5882 0.125
5883 0.125
5884 0.1375
5885 0.1375
5886 0.1375
5887 0.1375
5888 0.1375
5889 0.1375
5890 0.1375
5891 0.1625
5892 0.1625
5893 0.15833
5894 0.15833
5895 0.15625
5896 0.15625
5897 0.15625
5898 0.15625
5899 0.15833
5900 0.15833
5901 0.15833
5902 0.15833
5903 0.15833
5904 0.15833
5905 0.15833
5906 0.15833
5907 0.15833
5908 0.15833
5909 0.15833
5910 0.15833
5911 0.15833
5912 0.18333
5913 0.18333
5914 0.18333
5915 0.18333
5916 0.15833
5917 0.15833
5918 0.15833
5919 0.15833
5920 0.15833
5921 0.15833
5922 0.1625
5923 0.1625
5924 0.1625
5925 0.1625
5926 0.1625
5927 0.1625
5928 0.1625
5929 0.1625
5930 0.1625
5931 0.1625
5932 0.1625
5933 0.1625
5934 0.15
5935 0.15
5936 0.15
5937 0.15
5938 0.15
5939 0.15
5940 0.15
5941 0.15
5942 0.15
5943 0.15
5944 0.15
5945 0.15
5946 0.15
5947 0.15
5948 0.15
5949 0.15
5950 0.15
5951 0.15
5952 0.15
5953 0.15
5954 0.15
5955 0.15
5956 0.15
5957 0.15
5958 0.15
5959 0.15
5960 0.15
5961 0.15
5962 0.125
5963 0.125
5964 0.125
5965 0.125
5966 0.125
5967 0.125
5968 0.125
5969 0.125
5970 0.125
5971 0.125
5972 0.125
5973 0.125
5974 0.15
5975 0.15
5976 0.175
5977 0.175
5978 0.175
5979 0.175
5980 0.2
5981 0.2
5982 0.2
5983 0.2
5984 0.2
5985 0.2
5986 0.2
5987 0.2
5988 0.2
5989 0.2
5990 0.2
5991 0.2
5992 0.2
5993 0.2
5994 0.2
5995 0.2
5996 0.225
5997 0.225
5998 0.225
5999 0.2
