#iterations probabilites
0 0.3
1 0.35691
2 0.35649
3 0.36905
4 0.38057
5 0.38669
6 0.38242
7 0.38963
8 0.39384
9 0.39602
10 0.40361
11 0.40101
12 0.40421
13 0.4059
14 0.40868
15 0.41205
16 0.42006
17 0.41873
18 0.42145
19 0.42687
20 0.42611
21 0.42357
22 0.42151
23 0.42791
24 0.42841
25 0.43005
26 0.42804
27 0.43229
28 0.43774
29 0.44156
30 0.4445
31 0.44454
32 0.44584
33 0.4538
34 0.45581
35 0.45861
36 0.46148
37 0.45823
38 0.45871
39 0.4629
40 0.46683
41 0.46659
42 0.47235
43 0.46777
44 0.46542
45 0.47331
46 0.48292
47 0.4855
48 0.48099
49 0.48286
50 0.48226
51 0.48436
52 0.48539
53 0.47992
54 0.47736
55 0.47454
56 0.47616
57 0.47735
58 0.47199
59 0.46662
60 0.46402
61 0.46193
62 0.46108
63 0.4595
64 0.46081
65 0.4563
66 0.45555
67 0.45231
68 0.45845
69 0.45826
70 0.45359
71 0.44324
72 0.44386
73 0.44118
74 0.43778
75 0.43786
76 0.43391
77 0.43046
78 0.43323
79 0.43212
80 0.43671
81 0.43266
82 0.4309
83 0.42966
84 0.43194
85 0.43171
86 0.43155
87 0.43137
88 0.42874
89 0.42585
90 0.42815
91 0.43161
92 0.42982
93 0.42542
94 0.42343
95 0.42573
96 0.42676
97 0.43013
98 0.42909
99 0.43693
100 0.43917
101 0.43842
102 0.43593
103 0.43424
104 0.43408
105 0.43728
106 0.44191
107 0.44331
108 0.44244
109 0.44465
110 0.44266
111 0.44998
112 0.44707
113 0.45019
114 0.45028
115 0.44421
116 0.44189
117 0.4449
118 0.44647
119 0.44972
120 0.44273
121 0.44563
122 0.44105
123 0.44523
124 0.44213
125 0.44041
126 0.43985
127 0.44205
128 0.43958
129 0.44124
130 0.43734
131 0.43794
132 0.43925
133 0.43546
134 0.43155
135 0.43541
136 0.43516
137 0.44189
138 0.43742
139 0.43659
140 0.44114
141 0.44071
142 0.43997
143 0.44058
144 0.43736
145 0.43946
146 0.44178
147 0.44151
148 0.4406
149 0.43731
150 0.43902
151 0.44622
152 0.44919
153 0.4502
154 0.45156
155 0.45387
156 0.4492
157 0.44637
158 0.44807
159 0.4518
160 0.44716
161 0.44404
162 0.44204
163 0.44648
164 0.44717
165 0.4468
166 0.44749
167 0.45306
168 0.45803
169 0.45956
170 0.46246
171 0.46428
172 0.4637
173 0.46177
174 0.46599
175 0.46502
176 0.4668
177 0.46903
178 0.46903
179 0.46451
180 0.46682
181 0.46963
182 0.4723
183 0.47345
184 0.47212
185 0.47441
186 0.47279
187 0.47328
188 0.47538
189 0.47933
190 0.47987
191 0.48146
192 0.47811
193 0.4788
194 0.47654
195 0.47104
196 0.46396
197 0.46076
198 0.46282
199 0.45893
200 0.45862
201 0.45604
202 0.44854
203 0.45021
204 0.45384
205 0.44369
206 0.44153
207 0.44353
208 0.44822
209 0.4569
210 0.45318
211 0.45275
212 0.45797
213 0.4585
214 0.45631
215 0.45692
216 0.45345
217 0.45123
218 0.44683
219 0.4496
220 0.44722
221 0.45158
222 0.45591
223 0.45344
224 0.4574
225 0.45776
226 0.46154
227 0.46808
228 0.46514
229 0.46524
230 0.46865
231 0.46829
232 0.46982
233 0.46643
234 0.46105
235 0.46376
236 0.46095
237 0.45674
238 0.45823
239 0.45336
240 0.45148
241 0.44763
242 0.453
243 0.45903
244 0.46044
245 0.46612
246 0.46788
247 0.47087
248 0.47514
249 0.47349
250 0.47368
251 0.46642
252 0.46187
253 0.4607
254 0.45916
255 0.45721
256 0.46133
257 0.45372
258 0.45475
259 0.45079
260 0.45059
261 0.45355
262 0.45735
263 0.45527
264 0.45674
265 0.46144
266 0.4612
267 0.45789
268 0.45275
269 0.45001
270 0.44797
271 0.43853
272 0.43647
273 0.43775
274 0.43554
275 0.43578
276 0.44029
277 0.44163
278 0.43726
279 0.44368
280 0.4464
281 0.44239
282 0.439
283 0.43197
284 0.43425
285 0.43942
286 0.43297
287 0.42267
288 0.42104
289 0.41966
290 0.41568
291 0.41913
292 0.42377
293 0.42456
294 0.42707
295 0.42147
296 0.42658
297 0.42797
298 0.42208
299 0.42347
300 0.42202
301 0.42009
302 0.4188
303 0.42208
304 0.41803
305 0.41663
306 0.41383
307 0.41783
308 0.41382
309 0.41225
310 0.41074
311 0.41526
312 0.42182
313 0.42487
314 0.41984
315 0.42047
316 0.42189
317 0.41951
318 0.41858
319 0.41274
320 0.4149
321 0.41014
322 0.4114
323 0.41183
324 0.4185
325 0.41734
326 0.41469
327 0.40828
328 0.41226
329 0.41095
330 0.41273
331 0.4147
332 0.41368
333 0.42733
334 0.42581
335 0.42454
336 0.4268
337 0.42132
338 0.42171
339 0.42395
340 0.42312
341 0.41769
342 0.41778
343 0.41925
344 0.42106
345 0.42545
346 0.4248
347 0.42444
348 0.42427
349 0.41701
350 0.4145
351 0.41851
352 0.42034
353 0.4139
354 0.41705
355 0.41847
356 0.42015
357 0.42295
358 0.41951
359 0.41767
360 0.42006
361 0.41717
362 0.42002
363 0.41824
364 0.42132
365 0.4197
366 0.42358
367 0.4258
368 0.4251
369 0.42443
370 0.41104
371 0.41558
372 0.41324
373 0.40753
374 0.42154
375 0.42339
376 0.41952
377 0.42086
378 0.42538
379 0.42477
380 0.42528
381 0.42633
382 0.43013
383 0.42771
384 0.43379
385 0.43459
386 0.43231
387 0.41982
388 0.41856
389 0.41419
390 0.41305
391 0.40816
392 0.40896
393 0.40907
394 0.41219
395 0.41876
396 0.41895
397 0.41882
398 0.41754
399 0.41322
400 0.40797
401 0.41002
402 0.41444
403 0.41278
404 0.41394
405 0.41238
406 0.41291
407 0.41064
408 0.40784
409 0.41048
410 0.41147
411 0.41178
412 0.417
413 0.4175
414 0.41439
415 0.42148
416 0.422
417 0.41999
418 0.42209
419 0.42113
420 0.42135
421 0.41985
422 0.41373
423 0.41406
424 0.41533
425 0.4214
426 0.42404
427 0.41924
428 0.41769
429 0.42214
430 0.4151
431 0.40826
432 0.4061
433 0.40357
434 0.39795
435 0.39444
436 0.39357
437 0.39276
438 0.39232
439 0.39057
440 0.38839
441 0.38424
442 0.38062
443 0.37359
444 0.37269
445 0.36722
446 0.36493
447 0.37189
448 0.37747
449 0.37273
450 0.36845
451 0.36623
452 0.365
453 0.3654
454 0.3673
455 0.3713
456 0.37422
457 0.37283
458 0.37342
459 0.37217
460 0.3702
461 0.36559
462 0.36484
463 0.36116
464 0.36287
465 0.36215
466 0.35819
467 0.35512
468 0.35867
469 0.35341
470 0.35622
471 0.36034
472 0.35375
473 0.34903
474 0.35313
475 0.35265
476 0.35529
477 0.36197
478 0.35825
479 0.35712
480 0.35587
481 0.3527
482 0.35032
483 0.35517
484 0.35014
485 0.35395
486 0.34995
487 0.36012
488 0.36013
489 0.35965
490 0.35624
491 0.35401
492 0.356
493 0.35784
494 0.36118
495 0.36154
496 0.35693
497 0.35902
498 0.35934
499 0.35919
500 0.35782
501 0.34894
502 0.34394
503 0.34605
504 0.34445
505 0.34573
506 0.34844
507 0.34373
508 0.34113
509 0.35167
510 0.35851
511 0.35572
512 0.34821
513 0.34269
514 0.33888
515 0.34009
516 0.34493
517 0.34674
518 0.34394
519 0.33765
520 0.33592
521 0.33678
522 0.33499
523 0.3333
524 0.34175
525 0.35446
526 0.36067
527 0.35638
528 0.35796
529 0.35095
530 0.34963
531 0.35232
532 0.34925
533 0.34743
534 0.34341
535 0.33267
536 0.32814
537 0.32865
538 0.32803
539 0.33286
540 0.34168
541 0.34205
542 0.33885
543 0.3423
544 0.34854
545 0.34388
546 0.33947
547 0.34616
548 0.3361
549 0.33201
550 0.33177
551 0.33398
552 0.33146
553 0.3222
554 0.33408
555 0.33363
556 0.32683
557 0.33495
558 0.33942
559 0.34285
560 0.34785
561 0.34954
562 0.34243
563 0.35002
564 0.35095
565 0.34981
566 0.34632
567 0.34299
568 0.33751
569 0.33951
570 0.34808
571 0.34971
572 0.34408
573 0.34091
574 0.34864
575 0.3441
576 0.34519
577 0.3523
578 0.35476
579 0.34925
580 0.35038
581 0.35863
582 0.35359
583 0.35355
584 0.34709
585 0.34013
586 0.3446
587 0.34602
588 0.34645
589 0.34154
590 0.33642
591 0.33952
592 0.34636
593 0.34277
594 0.34042
595 0.32936
596 0.32702
597 0.32559
598 0.32194
599 0.3145
600 0.31356
601 0.32305
602 0.32059
603 0.31452
604 0.31931
605 0.32087
606 0.31906
607 0.32115
608 0.32659
609 0.32761
610 0.32181
611 0.31534
612 0.31786
613 0.31418
614 0.31706
615 0.32443
616 0.31944
617 0.32575
618 0.34841
619 0.35359
620 0.35991
621 0.36158
622 0.36186
623 0.37365
624 0.37068
625 0.38044
626 0.36945
627 0.36547
628 0.36708
629 0.37086
630 0.36817
631 0.36371
632 0.36425
633 0.36912
634 0.36755
635 0.37471
636 0.37761
637 0.37898
638 0.38474
639 0.38944
640 0.38753
641 0.38719
642 0.37746
643 0.36867
644 0.36795
645 0.3685
646 0.36839
647 0.3632
648 0.35506
649 0.35911
650 0.35828
651 0.36544
652 0.36557
653 0.37112
654 0.37574
655 0.3781
656 0.37881
657 0.38266
658 0.37886
659 0.37996
660 0.37074
661 0.36662
662 0.36359
663 0.35697
664 0.35717
665 0.35773
666 0.36411
667 0.36114
668 0.36408
669 0.35573
670 0.34966
671 0.35366
672 0.34611
673 0.34775
674 0.35287
675 0.3509
676 0.35223
677 0.34872
678 0.34086
679 0.34888
680 0.34463
681 0.34521
682 0.3516
683 0.35044
684 0.34781
685 0.35688
686 0.35829
687 0.35481
688 0.35199
689 0.33389
690 0.33072
691 0.33667
692 0.34036
693 0.34332
694 0.35345
695 0.3548
696 0.34166
697 0.34475
698 0.33173
699 0.32301
700 0.32792
701 0.32122
702 0.31531
703 0.31498
704 0.31085
705 0.30472
706 0.30915
707 0.29448
708 0.28859
709 0.28689
710 0.28446
711 0.28905
712 0.28813
713 0.28657
714 0.2902
715 0.29335
716 0.29023
717 0.29233
718 0.29166
719 0.27609
720 0.27838
721 0.28581
722 0.28886
723 0.28509
724 0.27599
725 0.27514
726 0.27089
727 0.27377
728 0.27552
729 0.27465
730 0.28691
731 0.27096
732 0.26856
733 0.26929
734 0.26634
735 0.265
736 0.26046
737 0.25806
738 0.25209
739 0.2562
740 0.25009
741 0.24565
742 0.24287
743 0.24842
744 0.25742
745 0.25482
746 0.24562
747 0.24036
748 0.24221
749 0.24607
750 0.2437
751 0.24412
752 0.24045
753 0.22295
754 0.22409
755 0.22859
756 0.22855
757 0.23734
758 0.24051
759 0.24214
760 0.23885
761 0.23754
762 0.2368
763 0.24705
764 0.24028
765 0.2435
766 0.25236
767 0.2536
768 0.24367
769 0.24812
770 0.24828
771 0.25069
772 0.25028
773 0.25138
774 0.25354
775 0.25065
776 0.25682
777 0.25923
778 0.27374
779 0.26755
780 0.26933
781 0.26646
782 0.26226
783 0.26381
784 0.26182
785 0.26765
786 0.26856
787 0.27678
788 0.27237
789 0.27403
790 0.2786
791 0.27323
792 0.26458
793 0.26705
794 0.25031
795 0.24917
796 0.25466
797 0.25794
798 0.26406
799 0.26773
800 0.26833
801 0.26886
802 0.2731
803 0.27935
804 0.27367
805 0.2754
806 0.27443
807 0.27164
808 0.26958
809 0.27423
810 0.27777
811 0.27921
812 0.2762
813 0.27915
814 0.27655
815 0.27601
816 0.27569
817 0.27991
818 0.27513
819 0.27298
820 0.27199
821 0.26557
822 0.2658
823 0.26245
824 0.24866
825 0.24192
826 0.24872
827 0.2394
828 0.24371
829 0.25807
830 0.24836
831 0.24747
832 0.25512
833 0.26375
834 0.26633
835 0.2668
836 0.26009
837 0.27137
838 0.25724
839 0.26216
840 0.25745
841 0.25624
842 0.25827
843 0.26468
844 0.26654
845 0.26435
846 0.26326
847 0.27704
848 0.28062
849 0.28388
850 0.29051
851 0.28758
852 0.29318
853 0.29306
854 0.28723
855 0.29559
856 0.28815
857 0.28237
858 0.28167
859 0.27874
860 0.27965
861 0.27807
862 0.27365
863 0.27389
864 0.26731
865 0.26222
866 0.26084
867 0.26238
868 0.26263
869 0.26707
870 0.26801
871 0.27045
872 0.27485
873 0.27243
874 0.28504
875 0.28431
876 0.28411
877 0.28094
878 0.27738
879 0.27467
880 0.26587
881 0.26515
882 0.27107
883 0.26569
884 0.26281
885 0.25866
886 0.26255
887 0.26404
888 0.26364
889 0.27441
890 0.27928
891 0.27604
892 0.27104
893 0.27315
894 0.25952
895 0.26238
896 0.25632
897 0.2489
898 0.24858
899 0.25319
900 0.25005
901 0.24557
902 0.24689
903 0.24754
904 0.2438
905 0.24821
906 0.23807
907 0.24524
908 0.23931
909 0.23687
910 0.23974
911 0.22835
912 0.22754
913 0.23095
914 0.21667
915 0.21115
916 0.21961
917 0.2201
918 0.21894
919 0.21673
920 0.213
921 0.21108
922 0.21389
923 0.21415
924 0.21308
925 0.21316
926 0.21339
927 0.20261
928 0.20525
929 0.2043
930 0.20003
931 0.21159
932 0.20827
933 0.21886
934 0.22
935 0.21653
936 0.21054
937 0.21028
938 0.21006
939 0.21024
940 0.2191
941 0.22118
942 0.22042
943 0.21437
944 0.21374
945 0.22334
946 0.22601
947 0.23398
948 0.23417
949 0.2309
950 0.2289
951 0.23663
952 0.24926
953 0.24873
954 0.25087
955 0.25824
956 0.25795
957 0.25375
958 0.25037
959 0.25765
960 0.25701
961 0.25762
962 0.25022
963 0.25051
964 0.24938
965 0.23985
966 0.23993
967 0.23458
968 0.23924
969 0.23706
970 0.23331
971 0.23598
972 0.22837
973 0.22516
974 0.22482
975 0.22613
976 0.21867
977 0.23219
978 0.22992
979 0.23724
980 0.23954
981 0.24483
982 0.23951
983 0.24386
984 0.24059
985 0.24214
986 0.23432
987 0.24088
988 0.24157
989 0.2411
990 0.24612
991 0.24296
992 0.23975
993 0.23272
994 0.23466
995 0.23393
996 0.23146
997 0.22835
998 0.22046
999 0.22495
1000 0.23092
1001 0.23112
1002 0.23683
1003 0.2332
1004 0.22924
1005 0.22954
1006 0.22438
1007 0.22494
1008 0.22485
1009 0.21178
1010 0.20533
1011 0.2036
1012 0.19924
1013 0.184
1014 0.187
1015 0.18405
1016 0.18675
1017 0.18947
1018 0.19104
1019 0.19007
1020 0.19208
1021 0.18838
1022 0.18861
1023 0.19029
1024 0.19685
1025 0.19704
1026 0.19615
1027 0.1874
1028 0.19419
1029 0.19847
1030 0.2052
1031 0.22063
1032 0.22327
1033 0.21748
1034 0.21648
1035 0.21738
1036 0.23105
1037 0.23398
1038 0.23491
1039 0.24371
1040 0.25238
1041 0.25214
1042 0.25041
1043 0.24758
1044 0.2451
1045 0.24459
1046 0.23902
1047 0.24241
1048 0.26057
1049 0.25947
1050 0.24437
1051 0.24665
1052 0.24634
1053 0.24586
1054 0.24882
1055 0.23187
1056 0.23005
1057 0.2291
1058 0.22632
1059 0.23093
1060 0.22177
1061 0.21917
1062 0.22072
1063 0.22136
1064 0.21061
1065 0.209
1066 0.20925
1067 0.21013
1068 0.20614
1069 0.20708
1070 0.20809
1071 0.21202
1072 0.20624
1073 0.19981
1074 0.19863
1075 0.20082
1076 0.18332
1077 0.18239
1078 0.18622
1079 0.18726
1080 0.19351
1081 0.19183
1082 0.20737
1083 0.20596
1084 0.20437
1085 0.20402
1086 0.2136
1087 0.22428
1088 0.23195
1089 0.23363
1090 0.23519
1091 0.23727
1092 0.23413
1093 0.23159
1094 0.22903
1095 0.23133
1096 0.22586
1097 0.22629
1098 0.22642
1099 0.22511
1100 0.22665
1101 0.2344
1102 0.23868
1103 0.23101
1104 0.23176
1105 0.22638
1106 0.21411
1107 0.2055
1108 0.19999
1109 0.19768
1110 0.19701
1111 0.17514
1112 0.17253
1113 0.1754
1114 0.17261
1115 0.17216
1116 0.17805
1117 0.18152
1118 0.18149
1119 0.18507
1120 0.18441
1121 0.20286
1122 0.2017
1123 0.20627
1124 0.20866
1125 0.21296
1126 0.21669
1127 0.22117
1128 0.22979
1129 0.22774
1130 0.23714
1131 0.24801
1132 0.24693
1133 0.24362
1134 0.24761
1135 0.2475
1136 0.23931
1137 0.23283
1138 0.22609
1139 0.22838
1140 0.22596
1141 0.22884
1142 0.22962
1143 0.22742
1144 0.21784
1145 0.21706
1146 0.20519
1147 0.20712
1148 0.21055
1149 0.20312
1150 0.19966
1151 0.19763
1152 0.19458
1153 0.19221
1154 0.19561
1155 0.19007
1156 0.18932
1157 0.1874
1158 0.18421
1159 0.18467
1160 0.18612
1161 0.1869
1162 0.19573
1163 0.18695
1164 0.18644
1165 0.19639
1166 0.17593
1167 0.17718
1168 0.1773
1169 0.18928
1170 0.19286
1171 0.19963
1172 0.20319
1173 0.18763
1174 0.17818
1175 0.17758
1176 0.17868
1177 0.17975
1178 0.17618
1179 0.17722
1180 0.17653
1181 0.19116
1182 0.19295
1183 0.19732
1184 0.19375
1185 0.19512
1186 0.2022
1187 0.19643
1188 0.20309
1189 0.20002
1190 0.193
1191 0.20756
1192 0.2077
1193 0.19893
1194 0.19943
1195 0.2004
1196 0.21017
1197 0.20357
1198 0.20301
1199 0.20685
1200 0.21605
1201 0.21706
1202 0.21736
1203 0.21717
1204 0.21694
1205 0.21505
1206 0.21566
1207 0.21314
1208 0.21598
1209 0.21837
1210 0.24035
1211 0.2325
1212 0.23972
1213 0.24034
1214 0.22285
1215 0.22591
1216 0.21529
1217 0.22471
1218 0.22339
1219 0.21387
1220 0.21174
1221 0.20243
1222 0.20556
1223 0.21049
1224 0.20946
1225 0.20968
1226 0.19968
1227 0.1992
1228 0.19505
1229 0.19574
1230 0.20063
1231 0.19347
1232 0.20242
1233 0.1999
1234 0.19619
1235 0.19912
1236 0.20198
1237 0.19364
1238 0.19437
1239 0.19684
1240 0.19706
1241 0.19568
1242 0.18997
1243 0.19079
1244 0.19764
1245 0.19329
1246 0.19418
1247 0.19331
1248 0.19194
1249 0.18645
1250 0.1869
1251 0.19195
1252 0.18558
1253 0.18635
1254 0.18789
1255 0.18587
1256 0.1868
1257 0.18298
1258 0.1822
1259 0.18161
1260 0.17858
1261 0.18535
1262 0.18936
1263 0.18854
1264 0.18283
1265 0.18452
1266 0.1822
1267 0.18184
1268 0.18323
1269 0.17114
1270 0.17062
1271 0.16779
1272 0.17182
1273 0.16992
1274 0.17089
1275 0.17712
1276 0.18083
1277 0.19897
1278 0.20472
1279 0.22047
1280 0.21186
1281 0.20914
1282 0.21036
1283 0.21161
1284 0.20986
1285 0.2074
1286 0.20208
1287 0.19501
1288 0.2012
1289 0.20155
1290 0.20114
1291 0.20718
1292 0.20925
1293 0.21634
1294 0.21436
1295 0.2121
1296 0.21431
1297 0.20434
1298 0.21034
1299 0.20853
1300 0.20734
1301 0.20103
1302 0.19507
1303 0.19799
1304 0.17958
1305 0.18373
1306 0.17831
1307 0.18503
1308 0.1842
1309 0.18325
1310 0.18828
1311 0.19168
1312 0.18658
1313 0.17671
1314 0.17716
1315 0.17671
1316 0.17379
1317 0.17007
1318 0.17482
1319 0.17727
1320 0.18683
1321 0.18678
1322 0.18996
1323 0.18371
1324 0.18177
1325 0.17582
1326 0.18072
1327 0.18284
1328 0.1853
1329 0.19934
1330 0.20309
1331 0.20923
1332 0.20593
1333 0.20593
1334 0.19113
1335 0.18422
1336 0.18683
1337 0.18664
1338 0.19543
1339 0.2034
1340 0.20337
1341 0.21178
1342 0.21498
1343 0.21045
1344 0.21191
1345 0.20844
1346 0.20984
1347 0.20845
1348 0.21114
1349 0.21006
1350 0.21071
1351 0.20815
1352 0.20577
1353 0.20676
1354 0.20887
1355 0.20719
1356 0.20783
1357 0.20804
1358 0.21429
1359 0.23153
1360 0.23025
1361 0.22938
1362 0.23211
1363 0.22993
1364 0.22243
1365 0.21659
1366 0.21416
1367 0.21374
1368 0.217
1369 0.2125
1370 0.19826
1371 0.19559
1372 0.20412
1373 0.20524
1374 0.1995
1375 0.19215
1376 0.19241
1377 0.19319
1378 0.19147
1379 0.19425
1380 0.19814
1381 0.19112
1382 0.19058
1383 0.19009
1384 0.18942
1385 0.18617
1386 0.18885
1387 0.1948
1388 0.18995
1389 0.18809
1390 0.18969
1391 0.19222
1392 0.19462
1393 0.19196
1394 0.19442
1395 0.19135
1396 0.18921
1397 0.18022
1398 0.17668
1399 0.17807
1400 0.18432
1401 0.19438
1402 0.19549
1403 0.20105
1404 0.20661
1405 0.20786
1406 0.21793
1407 0.21548
1408 0.21535
1409 0.20964
1410 0.21084
1411 0.21027
1412 0.20196
1413 0.20981
1414 0.2121
1415 0.21098
1416 0.21098
1417 0.20555
1418 0.21239
1419 0.209
1420 0.21277
1421 0.21277
1422 0.21509
1423 0.22581
1424 0.22858
1425 0.23216
1426 0.21935
1427 0.2256
1428 0.23893
1429 0.2225
1430 0.22429
1431 0.1846
1432 0.19455
1433 0.19661
1434 0.19596
1435 0.19685
1436 0.19745
1437 0.20656
1438 0.19598
1439 0.20362
1440 0.20026
1441 0.19634
1442 0.19382
1443 0.19198
1444 0.19715
1445 0.19834
1446 0.21195
1447 0.21069
1448 0.18777
1449 0.18477
1450 0.18238
1451 0.18548
1452 0.18938
1453 0.19072
1454 0.19219
1455 0.19095
1456 0.19153
1457 0.18382
1458 0.18395
1459 0.18365
1460 0.17881
1461 0.1794
1462 0.16518
1463 0.16733
1464 0.16614
1465 0.16523
1466 0.16828
1467 0.17717
1468 0.17871
1469 0.19593
1470 0.20059
1471 0.19761
1472 0.20322
1473 0.19991
1474 0.20324
1475 0.20562
1476 0.19753
1477 0.1962
1478 0.2112
1479 0.22107
1480 0.22251
1481 0.22349
1482 0.24334
1483 0.23387
1484 0.2486
1485 0.26907
1486 0.27473
1487 0.27349
1488 0.26754
1489 0.26543
1490 0.26657
1491 0.26496
1492 0.25789
1493 0.2623
1494 0.26151
1495 0.25632
1496 0.26846
1497 0.27697
1498 0.28015
1499 0.28324
1500 0.28245
1501 0.28415
1502 0.28995
1503 0.28664
1504 0.28132
1505 0.28258
1506 0.28456
1507 0.27104
1508 0.27357
1509 0.26917
1510 0.25383
1511 0.25484
1512 0.25143
1513 0.25918
1514 0.24944
1515 0.2365
1516 0.24757
1517 0.24705
1518 0.25008
1519 0.2481
1520 0.24879
1521 0.24116
1522 0.24074
1523 0.24063
1524 0.23971
1525 0.2414
1526 0.25557
1527 0.24568
1528 0.24593
1529 0.25079
1530 0.23561
1531 0.24164
1532 0.2348
1533 0.22603
1534 0.22603
1535 0.23146
1536 0.22537
1537 0.22797
1538 0.22581
1539 0.2204
1540 0.2179
1541 0.2079
1542 0.20873
1543 0.20387
1544 0.20524
1545 0.2062
1546 0.20679
1547 0.20262
1548 0.19429
1549 0.19554
1550 0.19554
1551 0.18798
1552 0.19214
1553 0.18899
1554 0.19226
1555 0.19732
1556 0.16607
1557 0.1675
1558 0.17167
1559 0.17524
1560 0.17196
1561 0.17196
1562 0.16446
1563 0.17042
1564 0.17042
1565 0.17131
1566 0.17964
1567 0.17619
1568 0.17619
1569 0.20506
1570 0.20923
1571 0.20833
1572 0.205
1573 0.21667
1574 0.21607
1575 0.21815
1576 0.22732
1577 0.22271
1578 0.20888
1579 0.20853
1580 0.20575
1581 0.19417
1582 0.19167
1583 0.1836
1584 0.18598
1585 0.18717
1586 0.19967
1587 0.20262
1588 0.19696
1589 0.22554
1590 0.22554
1591 0.22991
1592 0.23486
1593 0.23361
1594 0.21968
1595 0.2194
1596 0.22635
1597 0.22107
1598 0.21885
1599 0.2204
1600 0.22878
1601 0.21286
1602 0.21702
1603 0.21762
1604 0.21158
1605 0.21095
1606 0.20991
1607 0.20807
1608 0.20898
1609 0.20838
1610 0.20873
1611 0.20129
1612 0.20004
1613 0.21087
1614 0.21234
1615 0.20949
1616 0.19878
1617 0.19092
1618 0.18683
1619 0.18777
1620 0.18381
1621 0.16298
1622 0.16423
1623 0.16363
1624 0.15917
1625 0.17003
1626 0.16837
1627 0.16837
1628 0.16712
1629 0.16798
1630 0.16833
1631 0.16833
1632 0.17041
1633 0.17517
1634 0.18053
1635 0.18053
1636 0.18167
1637 0.18167
1638 0.17917
1639 0.14792
1640 0.14167
1641 0.14514
1642 0.14514
1643 0.14896
1644 0.14896
1645 0.14896
1646 0.14896
1647 0.15253
1648 0.15476
1649 0.15774
1650 0.15083
1651 0.15357
1652 0.15357
1653 0.15357
1654 0.15357
1655 0.15708
1656 0.15792
1657 0.16899
1658 0.16774
1659 0.17145
1660 0.17131
1661 0.17563
1662 0.17929
1663 0.17929
1664 0.17919
1665 0.16669
1666 0.16617
1667 0.16617
1668 0.16577
1669 0.16577
1670 0.17187
1671 0.17306
1672 0.16951
1673 0.16982
1674 0.16982
1675 0.15613
1676 0.16121
1677 0.16121
1678 0.16121
1679 0.15992
1680 0.15818
1681 0.15565
1682 0.16696
1683 0.16667
1684 0.16149
1685 0.16399
1686 0.14792
1687 0.14196
1688 0.14196
1689 0.1503
1690 0.14688
1691 0.14583
1692 0.14333
1693 0.14458
1694 0.15083
1695 0.14583
1696 0.14583
1697 0.15325
1698 0.15325
1699 0.16004
1700 0.16167
1701 0.17869
1702 0.17869
1703 0.17835
1704 0.17939
1705 0.17825
1706 0.17731
1707 0.17418
1708 0.17335
1709 0.17311
1710 0.16917
1711 0.15607
1712 0.15218
1713 0.15302
1714 0.14548
1715 0.14643
1716 0.14643
1717 0.14646
1718 0.14726
1719 0.14018
1720 0.14639
1721 0.14598
1722 0.13646
1723 0.13595
1724 0.13125
1725 0.13125
1726 0.13125
1727 0.13625
1728 0.13625
1729 0.13625
1730 0.13917
1731 0.13917
1732 0.13917
1733 0.14
1734 0.14929
1735 0.15179
1736 0.15417
1737 0.16251
1738 0.16232
1739 0.16292
1740 0.18792
1741 0.19151
1742 0.20401
1743 0.21061
1744 0.21061
1745 0.21061
1746 0.21083
1747 0.19917
1748 0.19894
1749 0.19811
1750 0.19917
1751 0.19
1752 0.185
1753 0.18894
1754 0.18956
1755 0.19206
1756 0.18956
1757 0.18563
1758 0.18861
1759 0.17188
1760 0.16646
1761 0.17653
1762 0.16299
1763 0.16239
1764 0.16668
1765 0.15418
1766 0.16625
1767 0.16107
1768 0.1594
1769 0.15968
1770 0.15968
1771 0.16093
1772 0.16003
1773 0.16062
1774 0.16062
1775 0.16146
1776 0.1669
1777 0.16054
1778 0.15429
1779 0.16107
1780 0.15709
1781 0.15709
1782 0.16102
1783 0.16102
1784 0.16125
1785 0.16208
1786 0.15227
1787 0.15227
1788 0.15361
1789 0.15396
1790 0.15521
1791 0.13813
1792 0.13813
1793 0.13813
1794 0.13527
1795 0.13527
1796 0.13527
1797 0.13527
1798 0.13527
1799 0.13527
1800 0.1375
1801 0.13795
1802 0.14107
1803 0.14107
1804 0.14167
1805 0.14107
1806 0.14613
1807 0.14375
1808 0.14187
1809 0.14187
1810 0.14214
1811 0.13917
1812 0.13982
1813 0.14107
1814 0.14107
1815 0.14464
1816 0.14762
1817 0.14717
1818 0.14762
1819 0.1544
1820 0.1544
1821 0.15607
1822 0.15732
1823 0.15732
1824 0.15565
1825 0.1494
1826 0.1494
1827 0.1494
1828 0.15
1829 0.1375
1830 0.14111
1831 0.13278
1832 0.13403
1833 0.13482
1834 0.13357
1835 0.13542
1836 0.13625
1837 0.13625
1838 0.13357
1839 0.13357
1840 0.135
1841 0.135
1842 0.1375
1843 0.1375
1844 0.1375
1845 0.14167
1846 0.14167
1847 0.14792
1848 0.14375
1849 0.14375
1850 0.14125
1851 0.14
1852 0.14
1853 0.1425
1854 0.14375
1855 0.13958
1856 0.14792
1857 0.14583
1858 0.15208
1859 0.15313
1860 0.15431
1861 0.15431
1862 0.15431
1863 0.15347
1864 0.16181
1865 0.16264
1866 0.16264
1867 0.16125
1868 0.16125
1869 0.16214
1870 0.16131
1871 0.17946
1872 0.1669
1873 0.16736
1874 0.16736
1875 0.17354
1876 0.18021
1877 0.17646
1878 0.19063
1879 0.19604
1880 0.19604
1881 0.19069
1882 0.19521
1883 0.19208
1884 0.195
1885 0.18875
1886 0.19181
1887 0.1859
1888 0.1859
1889 0.18063
1890 0.17792
1891 0.17917
1892 0.17274
1893 0.1717
1894 0.16753
1895 0.16545
1896 0.15045
1897 0.15045
1898 0.14979
1899 0.14944
1900 0.14917
1901 0.14722
1902 0.14722
1903 0.13472
1904 0.13194
1905 0.1325
1906 0.1325
1907 0.12778
1908 0.125
1909 0.125
1910 0.13
1911 0.13
1912 0.135
1913 0.135
1914 0.135
1915 0.135
1916 0.135
1917 0.1375
1918 0.1375
1919 0.1375
1920 0.1375
1921 0.14167
1922 0.135
1923 0.13333
1924 0.13333
1925 0.13333
1926 0.13333
1927 0.13214
1928 0.13214
1929 0.13214
1930 0.13333
1931 0.13333
1932 0.13958
1933 0.13958
1934 0.14167
1935 0.13833
1936 0.1425
1937 0.14107
1938 0.14107
1939 0.14107
1940 0.14107
1941 0.16875
1942 0.16815
1943 0.17232
1944 0.17649
1945 0.18065
1946 0.18125
1947 0.17708
1948 0.17857
1949 0.17857
1950 0.18
1951 0.18
1952 0.18708
1953 0.18375
1954 0.18607
1955 0.18482
1956 0.18607
1957 0.18271
1958 0.18024
1959 0.18857
1960 0.19661
1961 0.18327
1962 0.17286
1963 0.17411
1964 0.17232
1965 0.16833
1966 0.15167
1967 0.15083
1968 0.14583
1969 0.14583
1970 0.14488
1971 0.15679
1972 0.15759
1973 0.15759
1974 0.15551
1975 0.15655
1976 0.16071
1977 0.14988
1978 0.14854
1979 0.1475
1980 0.1475
1981 0.1475
1982 0.1475
1983 0.15
1984 0.135
1985 0.135
1986 0.1375
1987 0.1375
1988 0.1375
1989 0.1375
1990 0.1375
1991 0.1375
1992 0.14
1993 0.14
1994 0.155
1995 0.155
1996 0.1525
1997 0.1525
1998 0.1525
1999 0.1525
2000 0.14821
2001 0.1496
2002 0.17405
2003 0.17583
2004 0.17881
2005 0.18214
2006 0.1879
2007 0.1929
2008 0.1929
2009 0.1929
2010 0.19443
2011 0.1936
2012 0.19568
2013 0.20206
2014 0.20262
2015 0.20134
2016 0.1969
2017 0.18607
2018 0.18607
2019 0.17357
2020 0.17357
2021 0.17107
2022 0.1694
2023 0.16857
2024 0.1717
2025 0.17381
2026 0.17381
2027 0.16766
2028 0.17065
2029 0.18482
2030 0.16834
2031 0.14959
2032 0.14653
2033 0.14528
2034 0.14528
2035 0.14528
2036 0.14528
2037 0.14528
2038 0.14477
2039 0.14583
2040 0.14583
2041 0.15
2042 0.15
2043 0.15
2044 0.15
2045 0.15019
2046 0.15019
2047 0.15227
2048 0.1525
2049 0.16111
2050 0.16111
2051 0.15278
2052 0.15417
2053 0.155
2054 0.14167
2055 0.1425
2056 0.1425
2057 0.1425
2058 0.1425
2059 0.1425
2060 0.14375
2061 0.1375
2062 0.1375
2063 0.13125
2064 0.13125
2065 0.13125
2066 0.125
2067 0.125
2068 0.125
2069 0.125
2070 0.13
2071 0.13
2072 0.12917
2073 0.12917
2074 0.12917
2075 0.12917
2076 0.12917
2077 0.15357
2078 0.15313
2079 0.14107
2080 0.14107
2081 0.14107
2082 0.14107
2083 0.14107
2084 0.14107
2085 0.14107
2086 0.14875
2087 0.1475
2088 0.14875
2089 0.14375
2090 0.14315
2091 0.14315
2092 0.14315
2093 0.14375
2094 0.14375
2095 0.13958
2096 0.13958
2097 0.13958
2098 0.13958
2099 0.135
2100 0.135
2101 0.13417
2102 0.13
2103 0.13
2104 0.14
2105 0.14125
2106 0.14125
2107 0.14125
2108 0.14042
2109 0.13917
2110 0.13917
2111 0.13417
2112 0.13417
2113 0.13417
2114 0.13542
2115 0.1375
2116 0.1375
2117 0.14333
2118 0.14333
2119 0.14458
2120 0.15708
2121 0.16
2122 0.16
2123 0.1675
2124 0.1675
2125 0.1675
2126 0.16
2127 0.16
2128 0.15917
2129 0.14375
2130 0.1425
2131 0.14042
2132 0.14125
2133 0.14125
2134 0.14333
2135 0.14458
2136 0.14458
2137 0.14875
2138 0.14875
2139 0.14875
2140 0.14875
2141 0.14875
2142 0.15
2143 0.15
2144 0.15
2145 0.14375
2146 0.15625
2147 0.15625
2148 0.13208
2149 0.13208
2150 0.13208
2151 0.13227
2152 0.13227
2153 0.13352
2154 0.13375
2155 0.13375
2156 0.13611
2157 0.13611
2158 0.16111
2159 0.16146
2160 0.16146
2161 0.1619
2162 0.16741
2163 0.16741
2164 0.16741
2165 0.16979
2166 0.16979
2167 0.17083
2168 0.17083
2169 0.1625
2170 0.16333
2171 0.16667
2172 0.16667
2173 0.16167
2174 0.16167
2175 0.16167
2176 0.16667
2177 0.16667
2178 0.1625
2179 0.1625
2180 0.1625
2181 0.165
2182 0.1625
2183 0.16
2184 0.1625
2185 0.1625
2186 0.1625
2187 0.1375
2188 0.13333
2189 0.13333
2190 0.13333
2191 0.14405
2192 0.14405
2193 0.14196
2194 0.14911
2195 0.15119
2196 0.15119
2197 0.15298
2198 0.15548
2199 0.15536
2200 0.15402
2201 0.15402
2202 0.15402
2203 0.1503
2204 0.1503
2205 0.14905
2206 0.14571
2207 0.14613
2208 0.14554
2209 0.14357
2210 0.14417
2211 0.14417
2212 0.14417
2213 0.14417
2214 0.14524
2215 0.14524
2216 0.13929
2217 0.13929
2218 0.13929
2219 0.13571
2220 0.13571
2221 0.13571
2222 0.13571
2223 0.13571
2224 0.145
2225 0.145
2226 0.14625
2227 0.14625
2228 0.14625
2229 0.14625
2230 0.14625
2231 0.14625
2232 0.14625
2233 0.1475
2234 0.135
2235 0.1375
2236 0.1375
2237 0.1375
2238 0.1375
2239 0.1375
2240 0.135
2241 0.135
2242 0.135
2243 0.135
2244 0.1375
2245 0.1375
2246 0.1375
2247 0.1375
2248 0.1375
2249 0.13333
2250 0.14167
2251 0.14167
2252 0.14583
2253 0.14583
2254 0.14583
2255 0.15
2256 0.15
2257 0.15
2258 0.14583
2259 0.14583
2260 0.14583
2261 0.15
2262 0.14583
2263 0.14375
2264 0.14375
2265 0.14583
2266 0.14375
2267 0.14375
2268 0.14375
2269 0.155
2270 0.155
2271 0.155
2272 0.155
2273 0.155
2274 0.155
2275 0.155
2276 0.155
2277 0.155
2278 0.155
2279 0.155
2280 0.15
2281 0.15
2282 0.15
2283 0.15
2284 0.15625
2285 0.155
2286 0.155
2287 0.155
2288 0.14583
2289 0.14583
2290 0.14583
2291 0.14583
2292 0.14583
2293 0.14583
2294 0.14583
2295 0.13333
2296 0.13333
2297 0.13333
2298 0.13333
2299 0.13333
2300 0.13333
2301 0.13333
2302 0.13333
2303 0.15833
2304 0.15833
2305 0.1625
2306 0.1625
2307 0.1625
2308 0.1625
2309 0.15
2310 0.15
2311 0.175
2312 0.175
2313 0.175
2314 0.1625
2315 0.17083
2316 0.17083
2317 0.17083
2318 0.16875
2319 0.16875
2320 0.17292
2321 0.17292
2322 0.17271
2323 0.17604
2324 0.17604
2325 0.18729
2326 0.18313
2327 0.17271
2328 0.16854
2329 0.17536
2330 0.17569
2331 0.17444
2332 0.17361
2333 0.17361
2334 0.17361
2335 0.17792
2336 0.17014
2337 0.19514
2338 0.18125
2339 0.19458
2340 0.1925
2341 0.19417
2342 0.19542
2343 0.19646
2344 0.20063
2345 0.18938
2346 0.19125
2347 0.19083
2348 0.19083
2349 0.19083
2350 0.1775
2351 0.17417
2352 0.17357
2353 0.17357
2354 0.15857
2355 0.15982
2356 0.15875
2357 0.15875
2358 0.15875
2359 0.15727
2360 0.15227
2361 0.15227
2362 0.15
2363 0.15
2364 0.155
2365 0.15625
2366 0.15625
2367 0.18125
2368 0.175
2369 0.175
2370 0.175
2371 0.175
2372 0.17375
2373 0.17375
2374 0.17375
2375 0.175
2376 0.17375
2377 0.1725
2378 0.1725
2379 0.1725
2380 0.1725
2381 0.1725
2382 0.1725
2383 0.16625
2384 0.16125
2385 0.16458
2386 0.16458
2387 0.16125
2388 0.16125
2389 0.15833
2390 0.14583
2391 0.14583
2392 0.13333
2393 0.125
2394 0.13
2395 0.13
2396 0.13333
2397 0.14833
2398 0.14714
2399 0.14714
2400 0.14833
2401 0.14833
2402 0.14714
2403 0.14714
2404 0.14714
2405 0.14714
2406 0.14714
2407 0.14714
2408 0.14833
2409 0.14833
2410 0.14833
2411 0.14714
2412 0.14714
2413 0.14714
2414 0.14625
2415 0.14714
2416 0.16339
2417 0.15964
2418 0.16339
2419 0.16042
2420 0.16042
2421 0.15625
2422 0.1375
2423 0.1375
2424 0.1375
2425 0.1375
2426 0.1375
2427 0.1375
2428 0.1375
2429 0.1375
2430 0.15
2431 0.15
2432 0.15
2433 0.15
2434 0.15
2435 0.15
2436 0.15
2437 0.15
2438 0.15
2439 0.15
2440 0.15
2441 0.125
2442 0.125
2443 0.125
2444 0.125
2445 0.125
2446 0.125
2447 0.125
2448 0.125
2449 0.125
2450 0.125
2451 0.125
2452 0.125
2453 0.125
2454 0.125
2455 0.125
2456 0.15
2457 0.15
2458 0.16667
2459 0.16667
2460 0.16667
2461 0.16667
2462 0.16667
2463 0.16667
2464 0.16667
2465 0.16667
2466 0.16667
2467 0.16667
2468 0.16667
2469 0.17
2470 0.17
2471 0.16667
2472 0.17
2473 0.17
2474 0.17
2475 0.17
2476 0.17
2477 0.17
2478 0.165
2479 0.165
2480 0.165
2481 0.1575
2482 0.1575
2483 0.15417
2484 0.15
2485 0.15
2486 0.15
2487 0.15
2488 0.15
2489 0.15
2490 0.13333
2491 0.13333
2492 0.13333
2493 0.13333
2494 0.13333
2495 0.13333
2496 0.135
2497 0.1475
2498 0.16
2499 0.16
2500 0.17083
2501 0.17083
2502 0.18333
2503 0.19167
2504 0.18958
2505 0.18958
2506 0.18958
2507 0.18958
2508 0.18125
2509 0.1875
2510 0.1875
2511 0.1875
2512 0.1875
2513 0.1875
2514 0.1875
2515 0.1875
2516 0.1875
2517 0.1875
2518 0.17083
2519 0.17083
2520 0.16667
2521 0.16458
2522 0.15833
2523 0.13333
2524 0.13333
2525 0.15833
2526 0.15833
2527 0.15833
2528 0.15
2529 0.15
2530 0.15
2531 0.15
2532 0.155
2533 0.155
2534 0.155
2535 0.155
2536 0.155
2537 0.1425
2538 0.13833
2539 0.14167
2540 0.14167
2541 0.14167
2542 0.14167
2543 0.14167
2544 0.14167
2545 0.13958
2546 0.13833
2547 0.13833
2548 0.13833
2549 0.13833
2550 0.1375
2551 0.1375
2552 0.1375
2553 0.1375
2554 0.13333
2555 0.14333
2556 0.1475
2557 0.135
2558 0.135
2559 0.135
2560 0.135
2561 0.135
2562 0.135
2563 0.135
2564 0.1375
2565 0.1375
2566 0.15
2567 0.15
2568 0.15
2569 0.15
2570 0.15
2571 0.1375
2572 0.1375
2573 0.1375
2574 0.135
2575 0.135
2576 0.135
2577 0.135
2578 0.135
2579 0.13333
2580 0.125
2581 0.125
2582 0.125
2583 0.125
2584 0.125
2585 0.125
2586 0.125
2587 0.125
2588 0.125
2589 0.125
2590 0.125
2591 0.13
2592 0.13
2593 0.13333
2594 0.13333
2595 0.13333
2596 0.13333
2597 0.13333
2598 0.13333
2599 0.13333
2600 0.13333
2601 0.1375
2602 0.15
2603 0.15
2604 0.15
2605 0.1375
2606 0.1375
2607 0.1375
2608 0.1625
2609 0.15625
2610 0.15625
2611 0.15625
2612 0.18125
2613 0.17917
2614 0.175
2615 0.175
2616 0.17083
2617 0.17083
2618 0.17083
2619 0.17083
2620 0.17083
2621 0.17083
2622 0.17083
2623 0.17083
2624 0.17083
2625 0.17083
2626 0.175
2627 0.1875
2628 0.1875
2629 0.1925
2630 0.1925
2631 0.1925
2632 0.1925
2633 0.17375
2634 0.17375
2635 0.17375
2636 0.17375
2637 0.14875
2638 0.14875
2639 0.14875
2640 0.14875
2641 0.14875
2642 0.14792
2643 0.14792
2644 0.14792
2645 0.14792
2646 0.14792
2647 0.15149
2648 0.14833
2649 0.14833
2650 0.14917
2651 0.15125
2652 0.15125
2653 0.1575
2654 0.145
2655 0.145
2656 0.13
2657 0.13
2658 0.13125
2659 0.13125
2660 0.13125
2661 0.13125
2662 0.13125
2663 0.13125
2664 0.13125
2665 0.13125
2666 0.1375
2667 0.1375
2668 0.1375
2669 0.1375
2670 0.1375
2671 0.1375
2672 0.125
2673 0.125
2674 0.125
2675 0.125
2676 0.125
2677 0.125
2678 0.125
2679 0.125
2680 0.125
2681 0.125
2682 0.1375
2683 0.1375
2684 0.1375
2685 0.1375
2686 0.1375
2687 0.13333
2688 0.13333
2689 0.13333
2690 0.13333
2691 0.13333
2692 0.13333
2693 0.13333
2694 0.13333
2695 0.13333
2696 0.13125
2697 0.13125
2698 0.13
2699 0.13
2700 0.12917
2701 0.12917
2702 0.12917
2703 0.12917
2704 0.12917
2705 0.13
2706 0.13
2707 0.125
2708 0.125
2709 0.15
2710 0.15625
2711 0.15833
2712 0.15833
2713 0.14583
2714 0.14583
2715 0.16458
2716 0.16458
2717 0.16083
2718 0.16083
2719 0.16083
2720 0.16083
2721 0.16083
2722 0.16083
2723 0.16083
2724 0.16083
2725 0.16083
2726 0.16083
2727 0.16083
2728 0.16083
2729 0.16083
2730 0.15667
2731 0.15667
2732 0.16083
2733 0.16583
2734 0.1575
2735 0.14625
2736 0.14833
2737 0.15476
2738 0.15833
2739 0.15833
2740 0.14583
2741 0.14583
2742 0.14583
2743 0.14583
2744 0.14583
2745 0.14583
2746 0.14583
2747 0.14583
2748 0.14583
2749 0.14583
2750 0.14762
2751 0.15
2752 0.15
2753 0.1625
2754 0.15833
2755 0.15833
2756 0.15833
2757 0.1625
2758 0.15
2759 0.15
2760 0.15
2761 0.15
2762 0.15
2763 0.125
2764 0.125
2765 0.125
2766 0.125
2767 0.125
2768 0.13125
2769 0.13125
2770 0.13125
2771 0.13125
2772 0.13125
2773 0.13125
2774 0.13125
2775 0.13125
2776 0.13125
2777 0.13125
2778 0.13125
2779 0.13125
2780 0.13125
2781 0.13125
2782 0.13125
2783 0.13125
2784 0.13125
2785 0.13125
2786 0.13125
2787 0.15
2788 0.15
2789 0.15
2790 0.175
2791 0.2
2792 0.2
2793 0.175
2794 0.175
2795 0.175
2796 0.175
2797 0.175
2798 0.175
2799 0.175
2800 0.175
2801 0.175
2802 0.175
2803 0.175
2804 0.175
2805 0.175
2806 0.175
2807 0.175
2808 0.175
2809 0.175
2810 0.175
2811 0.175
2812 0.175
2813 0.175
2814 0.175
2815 0.18125
2816 0.15417
2817 0.15357
2818 0.15357
2819 0.14732
2820 0.14732
2821 0.14688
2822 0.14688
2823 0.14688
2824 0.14688
2825 0.12812
2826 0.12812
2827 0.12778
2828 0.12778
2829 0.12778
2830 0.12778
2831 0.12812
2832 0.12857
2833 0.12857
2834 0.12857
2835 0.12857
2836 0.12857
2837 0.12857
2838 0.12857
2839 0.12857
2840 0.125
2841 0.125
2842 0.125
2843 0.125
2844 0.125
2845 0.125
2846 0.125
2847 0.125
2848 0.125
2849 0.125
2850 0.125
2851 0.125
2852 0.125
2853 0.125
2854 0.125
2855 0.125
2856 0.125
2857 0.125
2858 0.125
2859 0.125
2860 0.125
2861 0.125
2862 0.125
2863 0.125
2864 0.125
2865 0.125
2866 0.125
2867 0.125
2868 0.125
2869 0.125
2870 0.125
2871 0.125
2872 0.125
2873 0.125
2874 0.125
2875 0.125
2876 0.15
2877 0.15
2878 0.15
2879 0.15
2880 0.15
2881 0.14167
2882 0.14167
2883 0.14167
2884 0.14167
2885 0.14167
2886 0.14167
2887 0.14167
2888 0.14167
2889 0.14167
2890 0.14167
2891 0.14167
2892 0.14167
2893 0.14167
2894 0.14167
2895 0.14167
2896 0.14167
2897 0.14167
2898 0.14167
2899 0.15417
2900 0.16667
2901 0.15
2902 0.15
2903 0.15
2904 0.15
2905 0.15
2906 0.15
2907 0.15
2908 0.15
2909 0.15
2910 0.15
2911 0.15
2912 0.15
2913 0.15
2914 0.15
2915 0.15
2916 0.15417
2917 0.15417
2918 0.15417
2919 0.15417
2920 0.15417
2921 0.15417
2922 0.15417
2923 0.15417
2924 0.12917
2925 0.13274
2926 0.13274
2927 0.13274
2928 0.13333
2929 0.13333
2930 0.13333
2931 0.13482
2932 0.13482
2933 0.1375
2934 0.1375
2935 0.1375
2936 0.1375
2937 0.1369
2938 0.1369
2939 0.1375
2940 0.14167
2941 0.12917
2942 0.12917
2943 0.13
2944 0.12917
2945 0.12917
2946 0.13125
2947 0.13125
2948 0.13125
2949 0.13125
2950 0.125
2951 0.125
2952 0.125
2953 0.125
2954 0.125
2955 0.125
2956 0.125
2957 0.125
2958 0.125
2959 0.125
2960 0.125
2961 0.125
2962 0.125
2963 0.125
2964 0.125
2965 0.125
2966 0.125
2967 0.15
2968 0.15
2969 0.15
2970 0.1375
2971 0.1375
2972 0.1375
2973 0.1375
2974 0.1375
2975 0.1375
2976 0.1375
2977 0.1375
2978 0.1375
2979 0.1375
2980 0.1375
2981 0.14375
2982 0.14375
2983 0.14375
2984 0.14375
2985 0.14375
2986 0.14375
2987 0.15625
2988 0.15625
2989 0.14375
2990 0.14375
2991 0.14375
2992 0.1375
2993 0.1375
2994 0.13333
2995 0.13333
2996 0.13333
2997 0.13333
2998 0.13333
2999 0.13333
3000 0.13333
3001 0.13333
3002 0.13333
3003 0.13333
3004 0.13333
3005 0.13333
3006 0.125
3007 0.125
3008 0.125
3009 0.125
3010 0.125
3011 0.125
3012 0.125
3013 0.125
3014 0.125
3015 0.125
3016 0.125
3017 0.125
3018 0.125
3019 0.125
3020 0.125
3021 0.125
3022 0.125
3023 0.125
3024 0.125
3025 0.125
3026 0.125
3027 0.125
3028 0.125
3029 0.125
3030 0.125
3031 0.125
3032 0.125
3033 0.125
3034 0.125
3035 0.125
3036 0.125
3037 0.125
3038 0.125
3039 0.125
3040 0.125
3041 0.125
3042 0.125
3043 0.125
3044 0.125
3045 0.1375
3046 0.1375
3047 0.1375
3048 0.1375
3049 0.1375
3050 0.1375
3051 0.1375
3052 0.1375
3053 0.1375
3054 0.1375
3055 0.1375
3056 0.1375
3057 0.1375
3058 0.1375
3059 0.1375
3060 0.1375
3061 0.1375
3062 0.1375
3063 0.1375
3064 0.1375
3065 0.15
3066 0.15
3067 0.15
3068 0.15
3069 0.15
3070 0.125
3071 0.125
3072 0.125
3073 0.125
3074 0.125
3075 0.125
3076 0.125
3077 0.125
3078 0.125
3079 0.125
3080 0.125
3081 0.125
3082 0.125
3083 0.125
3084 0.125
3085 0.125
3086 0.125
3087 0.125
3088 0.125
3089 0.125
3090 0.125
3091 0.125
3092 0.125
3093 0.125
3094 0.125
3095 0.125
3096 0.125
3097 0.125
3098 0.125
3099 0.125
3100 0.125
3101 0.15
3102 0.1375
3103 0.1375
3104 0.1375
3105 0.1375
3106 0.13333
3107 0.13333
3108 0.13333
3109 0.13333
3110 0.13333
3111 0.13333
3112 0.13333
3113 0.13333
3114 0.13333
3115 0.13333
3116 0.13333
3117 0.13333
3118 0.13125
3119 0.13125
3120 0.13125
3121 0.13125
3122 0.13125
3123 0.13125
3124 0.1375
3125 0.13958
3126 0.13333
3127 0.13333
3128 0.13333
3129 0.13333
3130 0.1375
3131 0.1375
3132 0.1375
3133 0.1375
3134 0.1375
3135 0.1375
3136 0.1375
3137 0.1375
3138 0.1375
3139 0.1375
3140 0.1375
3141 0.1375
3142 0.1375
3143 0.1375
3144 0.1375
3145 0.15
3146 0.15
3147 0.15
3148 0.15
3149 0.125
3150 0.125
3151 0.125
3152 0.125
3153 0.125
3154 0.125
3155 0.125
3156 0.125
3157 0.125
3158 0.125
3159 0.125
3160 0.125
3161 0.125
3162 0.125
3163 0.125
3164 0.125
3165 0.125
3166 0.125
3167 0.125
3168 0.125
3169 0.125
3170 0.125
3171 0.125
3172 0.125
3173 0.125
3174 0.125
3175 0.125
3176 0.125
3177 0.125
3178 0.125
3179 0.125
3180 0.125
3181 0.125
3182 0.125
3183 0.125
3184 0.125
3185 0.125
3186 0.125
3187 0.125
3188 0.125
3189 0.125
3190 0.125
3191 0.125
3192 0.125
3193 0.125
3194 0.125
3195 0.125
3196 0.125
3197 0.125
3198 0.125
3199 0.125
3200 0.125
3201 0.125
3202 0.125
3203 0.125
3204 0.125
3205 0.125
3206 0.125
3207 0.15
3208 0.15
3209 0.1625
3210 0.1625
3211 0.1625
3212 0.15833
3213 0.15833
3214 0.15833
3215 0.15833
3216 0.15833
3217 0.15833
3218 0.15833
3219 0.15833
3220 0.15833
3221 0.15833
3222 0.15833
3223 0.15833
3224 0.15833
3225 0.15833
3226 0.15833
3227 0.15833
3228 0.15833
3229 0.15833
3230 0.1625
3231 0.1625
3232 0.1375
3233 0.13333
3234 0.125
3235 0.125
3236 0.125
3237 0.125
3238 0.125
3239 0.125
3240 0.125
3241 0.125
3242 0.125
3243 0.125
3244 0.125
3245 0.125
3246 0.125
3247 0.125
3248 0.125
3249 0.125
3250 0.125
3251 0.125
3252 0.125
3253 0.15
3254 0.15
3255 0.15
3256 0.15
3257 0.15
3258 0.15
3259 0.15
3260 0.15
3261 0.15
3262 0.15
3263 0.15
3264 0.15
3265 0.15
3266 0.15
3267 0.15
3268 0.15
3269 0.15
3270 0.1375
3271 0.1375
3272 0.13333
3273 0.13333
3274 0.13333
3275 0.13333
3276 0.13333
3277 0.13333
3278 0.125
3279 0.125
3280 0.125
3281 0.125
3282 0.125
3283 0.125
3284 0.125
3285 0.125
3286 0.125
3287 0.125
3288 0.125
3289 0.125
3290 0.125
3291 0.125
3292 0.125
3293 0.125
3294 0.125
3295 0.15
3296 0.15
3297 0.15
3298 0.15
3299 0.15
3300 0.15
3301 0.15
3302 0.15
3303 0.15
3304 0.15
3305 0.15
3306 0.15
3307 0.1375
3308 0.13333
3309 0.14167
3310 0.14167
3311 0.14167
3312 0.14167
3313 0.14167
3314 0.13958
3315 0.13958
3316 0.13958
3317 0.13958
3318 0.13958
3319 0.14375
3320 0.1375
3321 0.1375
3322 0.15
3323 0.15
3324 0.15
3325 0.15
3326 0.1375
3327 0.1375
3328 0.1375
3329 0.1375
3330 0.1375
3331 0.1375
3332 0.1375
3333 0.1375
3334 0.125
3335 0.125
3336 0.125
3337 0.125
3338 0.125
3339 0.125
3340 0.125
3341 0.125
3342 0.125
3343 0.125
3344 0.125
3345 0.125
3346 0.125
3347 0.125
3348 0.125
3349 0.125
3350 0.125
3351 0.125
3352 0.125
3353 0.125
3354 0.125
3355 0.125
3356 0.125
3357 0.125
3358 0.125
3359 0.125
3360 0.125
3361 0.125
3362 0.125
3363 0.125
3364 0.125
3365 0.125
3366 0.125
3367 0.125
3368 0.125
3369 0.125
3370 0.125
3371 0.125
3372 0.125
3373 0.125
3374 0.125
3375 0.125
3376 0.125
3377 0.125
3378 0.125
3379 0.125
3380 0.125
3381 0.125
3382 0.125
3383 0.125
3384 0.125
3385 0.125
3386 0.125
3387 0.125
3388 0.125
3389 0.125
3390 0.125
3391 0.125
3392 0.125
3393 0.125
3394 0.125
3395 0.125
3396 0.125
3397 0.125
3398 0.125
3399 0.125
3400 0.125
3401 0.125
3402 0.125
3403 0.125
3404 0.13333
3405 0.13333
3406 0.13333
3407 0.13333
3408 0.13333
3409 0.13333
3410 0.13333
3411 0.13333
3412 0.13333
3413 0.13333
3414 0.1375
3415 0.1375
3416 0.15
3417 0.15
3418 0.15
3419 0.15
3420 0.15
3421 0.15
3422 0.14167
3423 0.14167
3424 0.14167
3425 0.14167
3426 0.14167
3427 0.14167
3428 0.14167
3429 0.1375
3430 0.13333
3431 0.17083
3432 0.17083
3433 0.17083
3434 0.17083
3435 0.17083
3436 0.17083
3437 0.17083
3438 0.17083
3439 0.17083
3440 0.17083
3441 0.17083
3442 0.17083
3443 0.17083
3444 0.1625
3445 0.1625
3446 0.1625
3447 0.175
3448 0.175
3449 0.175
3450 0.175
3451 0.175
3452 0.175
3453 0.175
3454 0.1625
3455 0.1625
3456 0.125
3457 0.125
3458 0.125
3459 0.125
3460 0.125
3461 0.125
3462 0.125
3463 0.125
3464 0.125
3465 0.125
3466 0.125
3467 0.125
3468 0.125
3469 0.125
3470 0.125
3471 0.125
3472 0.125
3473 0.125
3474 0.125
3475 0.125
3476 0.125
3477 0.125
3478 0.125
3479 0.125
3480 0.125
3481 0.125
3482 0.125
3483 0.125
3484 0.125
3485 0.125
3486 0.15
3487 0.15
3488 0.15
3489 0.15
3490 0.15
3491 0.15
3492 0.15
3493 0.15
3494 0.15
3495 0.15
3496 0.15
3497 0.15
3498 0.15
3499 0.15
3500 0.15
3501 0.15
3502 0.15
3503 0.15
3504 0.15
3505 0.15
3506 0.15
3507 0.15
3508 0.15
3509 0.15
3510 0.15
3511 0.125
3512 0.125
3513 0.125
3514 0.125
3515 0.125
3516 0.125
3517 0.125
3518 0.125
3519 0.125
3520 0.125
3521 0.125
3522 0.125
3523 0.125
3524 0.125
3525 0.125
3526 0.125
3527 0.125
3528 0.125
3529 0.125
3530 0.125
3531 0.125
3532 0.125
3533 0.125
3534 0.125
3535 0.15
3536 0.15
3537 0.15
3538 0.15
3539 0.15
3540 0.15
3541 0.15
3542 0.15
3543 0.15
3544 0.15
3545 0.15
3546 0.15
3547 0.15
3548 0.15
3549 0.15
3550 0.15
3551 0.15
3552 0.15
3553 0.15
3554 0.15
3555 0.15
3556 0.15
3557 0.15
3558 0.15
3559 0.15
3560 0.125
3561 0.125
3562 0.125
3563 0.125
3564 0.125
3565 0.125
3566 0.125
3567 0.125
3568 0.125
3569 0.125
3570 0.125
3571 0.125
3572 0.125
3573 0.125
3574 0.125
3575 0.125
3576 0.125
3577 0.125
3578 0.125
3579 0.125
3580 0.125
3581 0.125
3582 0.125
3583 0.125
3584 0.125
3585 0.125
3586 0.125
3587 0.125
3588 0.125
3589 0.125
3590 0.125
3591 0.125
3592 0.125
3593 0.125
3594 0.125
3595 0.125
3596 0.125
3597 0.135
3598 0.135
3599 0.135
3600 0.13214
3601 0.13214
3602 0.13214
3603 0.13214
3604 0.15714
3605 0.15714
3606 0.15714
3607 0.15714
3608 0.15714
3609 0.15714
3610 0.15714
3611 0.15714
3612 0.15714
3613 0.15714
3614 0.15714
3615 0.15714
3616 0.15714
3617 0.15833
3618 0.15833
3619 0.15833
3620 0.16
3621 0.1625
3622 0.15
3623 0.15
3624 0.15
3625 0.15
3626 0.15
3627 0.15
3628 0.15
3629 0.125
3630 0.125
3631 0.125
3632 0.125
3633 0.125
3634 0.125
3635 0.125
3636 0.125
3637 0.125
3638 0.125
3639 0.125
3640 0.125
3641 0.125
3642 0.125
3643 0.125
3644 0.125
3645 0.125
3646 0.125
3647 0.125
3648 0.15
3649 0.15
3650 0.15
3651 0.15
3652 0.15
3653 0.15
3654 0.15
3655 0.15
3656 0.15
3657 0.15
3658 0.15
3659 0.15
3660 0.15
3661 0.15
3662 0.15
3663 0.15
3664 0.15
3665 0.15
3666 0.15
3667 0.15
3668 0.15
3669 0.15
3670 0.15
3671 0.1375
3672 0.1375
3673 0.125
3674 0.125
3675 0.125
3676 0.125
3677 0.125
3678 0.125
3679 0.125
3680 0.125
3681 0.125
3682 0.125
3683 0.125
3684 0.125
3685 0.125
3686 0.125
3687 0.125
3688 0.125
3689 0.125
3690 0.125
3691 0.125
3692 0.125
3693 0.125
3694 0.125
3695 0.125
3696 0.125
3697 0.125
3698 0.125
3699 0.125
3700 0.125
3701 0.125
3702 0.125
3703 0.125
3704 0.125
3705 0.125
3706 0.125
3707 0.125
3708 0.125
3709 0.125
3710 0.125
3711 0.125
3712 0.125
3713 0.125
3714 0.125
3715 0.125
3716 0.125
3717 0.125
3718 0.125
3719 0.125
3720 0.125
3721 0.125
3722 0.125
3723 0.125
3724 0.125
3725 0.125
3726 0.125
3727 0.125
3728 0.125
3729 0.125
3730 0.125
3731 0.125
3732 0.125
3733 0.125
3734 0.125
3735 0.125
3736 0.125
3737 0.125
3738 0.125
3739 0.125
3740 0.125
3741 0.125
3742 0.125
3743 0.125
3744 0.125
3745 0.125
3746 0.125
3747 0.125
3748 0.125
3749 0.125
3750 0.125
3751 0.125
3752 0.125
3753 0.125
3754 0.125
3755 0.125
3756 0.125
3757 0.125
3758 0.125
3759 0.125
3760 0.125
3761 0.125
3762 0.125
3763 0.125
3764 0.125
3765 0.125
3766 0.125
3767 0.125
3768 0.125
3769 0.125
3770 0.125
3771 0.125
3772 0.13
3773 0.13
3774 0.13
3775 0.12917
3776 0.13
3777 0.13
3778 0.13
3779 0.13
3780 0.13
3781 0.13
3782 0.13
3783 0.13
3784 0.13
3785 0.13
3786 0.13
3787 0.13125
3788 0.13125
3789 0.13125
3790 0.13125
3791 0.13125
3792 0.13
3793 0.13125
3794 0.13125
3795 0.13125
3796 0.13125
3797 0.125
3798 0.125
3799 0.125
3800 0.125
3801 0.125
3802 0.125
3803 0.125
3804 0.125
3805 0.125
3806 0.125
3807 0.125
3808 0.125
3809 0.125
3810 0.125
3811 0.125
3812 0.125
3813 0.125
3814 0.125
3815 0.125
3816 0.125
3817 0.125
3818 0.125
3819 0.125
3820 0.125
3821 0.125
3822 0.125
3823 0.125
3824 0.125
3825 0.125
3826 0.125
3827 0.125
3828 0.125
3829 0.125
3830 0.125
3831 0.125
3832 0.125
3833 0.125
3834 0.125
3835 0.125
3836 0.125
3837 0.125
3838 0.125
3839 0.125
3840 0.125
3841 0.125
3842 0.125
3843 0.125
3844 0.125
3845 0.125
3846 0.125
3847 0.125
3848 0.125
3849 0.125
3850 0.125
3851 0.125
3852 0.125
3853 0.125
3854 0.125
3855 0.125
3856 0.125
3857 0.125
3858 0.125
3859 0.125
3860 0.125
3861 0.125
3862 0.125
3863 0.125
3864 0.125
3865 0.1375
3866 0.1375
3867 0.1375
3868 0.1375
3869 0.1375
3870 0.1375
3871 0.1375
3872 0.1375
3873 0.1375
3874 0.1375
3875 0.1375
3876 0.1375
3877 0.1375
3878 0.1375
3879 0.1375
3880 0.1375
3881 0.13333
3882 0.1375
3883 0.1375
3884 0.1375
3885 0.1375
3886 0.1375
3887 0.1375
3888 0.1375
3889 0.1375
3890 0.125
3891 0.125
3892 0.125
3893 0.125
3894 0.125
3895 0.125
3896 0.125
3897 0.125
3898 0.125
3899 0.125
3900 0.125
3901 0.125
3902 0.125
3903 0.125
3904 0.125
3905 0.125
3906 0.125
3907 0.125
3908 0.125
3909 0.125
3910 0.125
3911 0.125
3912 0.125
3913 0.125
3914 0.125
3915 0.125
3916 0.125
3917 0.125
3918 0.125
3919 0.125
3920 0.125
3921 0.125
3922 0.125
3923 0.125
3924 0.125
3925 0.125
3926 0.125
3927 0.125
3928 0.125
3929 0.125
3930 0.125
3931 0.125
3932 0.125
3933 0.125
3934 0.125
3935 0.125
3936 0.125
3937 0.125
3938 0.125
3939 0.125
3940 0.125
3941 0.125
3942 0.125
3943 0.125
3944 0.125
3945 0.125
3946 0.125
3947 0.125
3948 0.125
3949 0.125
3950 0.125
3951 0.125
3952 0.125
3953 0.125
3954 0.125
3955 0.125
3956 0.125
3957 0.125
3958 0.125
3959 0.125
3960 0.125
3961 0.125
3962 0.125
3963 0.125
3964 0.125
3965 0.125
3966 0.125
3967 0.125
3968 0.125
3969 0.125
3970 0.125
3971 0.125
3972 0.125
3973 0.125
3974 0.125
3975 0.125
3976 0.125
3977 0.125
3978 0.125
3979 0.125
3980 0.125
3981 0.125
3982 0.125
3983 0.125
3984 0.125
3985 0.125
3986 0.125
3987 0.125
3988 0.125
3989 0.125
3990 0.125
3991 0.125
3992 0.125
3993 0.125
3994 0.125
3995 0.125
3996 0.125
3997 0.125
3998 0.125
3999 0.125
4000 0.125
4001 0.125
4002 0.125
4003 0.125
4004 0.125
4005 0.125
4006 0.125
4007 0.125
4008 0.125
4009 0.125
4010 0.125
4011 0.125
4012 0.125
4013 0.125
4014 0.125
4015 0.125
4016 0.125
4017 0.125
4018 0.125
4019 0.125
4020 0.125
4021 0.125
4022 0.125
4023 0.125
4024 0.125
4025 0.125
4026 0.125
4027 0.125
4028 0.125
4029 0.125
4030 0.125
4031 0.125
4032 0.125
4033 0.125
4034 0.125
4035 0.125
4036 0.125
4037 0.125
4038 0.125
4039 0.125
4040 0.125
4041 0.125
4042 0.125
4043 0.125
4044 0.125
4045 0.125
4046 0.125
4047 0.125
4048 0.125
4049 0.125
4050 0.125
4051 0.125
4052 0.125
4053 0.125
4054 0.125
4055 0.125
4056 0.125
4057 0.125
4058 0.125
4059 0.125
4060 0.125
4061 0.125
4062 0.125
4063 0.125
4064 0.125
4065 0.125
4066 0.125
4067 0.15
4068 0.15
4069 0.15
4070 0.15
4071 0.15
4072 0.15
4073 0.15
4074 0.15
4075 0.15
4076 0.15
4077 0.15
4078 0.15
4079 0.15
4080 0.15
4081 0.15
4082 0.15
4083 0.15
4084 0.15
4085 0.15
4086 0.15
4087 0.15
4088 0.15
4089 0.15
4090 0.15
4091 0.15
4092 0.125
4093 0.125
4094 0.125
4095 0.125
4096 0.125
4097 0.125
4098 0.125
4099 0.125
4100 0.125
4101 0.125
4102 0.125
4103 0.125
4104 0.125
4105 0.125
4106 0.125
4107 0.125
4108 0.125
4109 0.125
4110 0.125
4111 0.125
4112 0.125
4113 0.125
4114 0.125
4115 0.125
4116 0.125
4117 0.125
4118 0.125
4119 0.125
4120 0.125
4121 0.125
4122 0.125
4123 0.125
4124 0.125
4125 0.125
4126 0.125
4127 0.125
4128 0.125
4129 0.125
4130 0.125
4131 0.125
4132 0.125
4133 0.125
4134 0.125
4135 0.125
4136 0.125
4137 0.125
4138 0.125
4139 0.125
4140 0.125
4141 0.125
4142 0.125
4143 0.125
4144 0.125
4145 0.125
4146 0.125
4147 0.125
4148 0.125
4149 0.125
4150 0.125
4151 0.125
4152 0.125
4153 0.125
4154 0.125
4155 0.125
4156 0.125
4157 0.125
4158 0.125
4159 0.125
4160 0.125
4161 0.125
4162 0.125
4163 0.125
4164 0.125
4165 0.125
4166 0.125
4167 0.125
4168 0.125
4169 0.125
4170 0.125
4171 0.125
4172 0.125
4173 0.125
4174 0.125
4175 0.125
4176 0.125
4177 0.125
4178 0.125
4179 0.125
4180 0.125
4181 0.125
4182 0.125
4183 0.125
4184 0.125
4185 0.125
4186 0.125
4187 0.125
4188 0.125
4189 0.125
4190 0.125
4191 0.125
4192 0.125
4193 0.125
4194 0.125
4195 0.125
4196 0.125
4197 0.125
4198 0.125
4199 0.125
4200 0.125
4201 0.125
4202 0.125
4203 0.125
4204 0.125
4205 0.125
4206 0.125
4207 0.125
4208 0.125
4209 0.125
4210 0.125
4211 0.125
4212 0.125
4213 0.125
4214 0.125
4215 0.125
4216 0.125
4217 0.125
4218 0.125
4219 0.125
4220 0.125
4221 0.125
4222 0.125
4223 0.125
4224 0.125
4225 0.125
4226 0.125
4227 0.125
4228 0.125
4229 0.125
4230 0.125
4231 0.125
4232 0.125
4233 0.125
4234 0.125
4235 0.125
4236 0.125
4237 0.125
4238 0.125
4239 0.125
4240 0.125
4241 0.125
4242 0.125
4243 0.125
4244 0.125
4245 0.125
4246 0.125
4247 0.125
4248 0.125
4249 0.125
4250 0.125
4251 0.125
4252 0.125
4253 0.125
4254 0.125
4255 0.125
4256 0.125
4257 0.125
4258 0.125
4259 0.125
4260 0.125
4261 0.125
4262 0.125
4263 0.125
4264 0.125
4265 0.125
4266 0.125
4267 0.125
4268 0.125
4269 0.125
4270 0.125
4271 0.125
4272 0.125
4273 0.125
4274 0.125
4275 0.125
4276 0.125
4277 0.125
4278 0.125
4279 0.125
4280 0.125
4281 0.125
4282 0.125
4283 0.125
4284 0.125
4285 0.125
4286 0.125
4287 0.125
4288 0.125
4289 0.125
4290 0.125
4291 0.125
4292 0.125
4293 0.125
4294 0.125
4295 0.125
4296 0.125
4297 0.125
4298 0.125
4299 0.125
4300 0.125
4301 0.125
4302 0.125
4303 0.125
4304 0.125
4305 0.125
4306 0.125
4307 0.125
4308 0.125
4309 0.125
4310 0.125
4311 0.125
4312 0.125
4313 0.125
4314 0.125
4315 0.125
4316 0.125
4317 0.125
4318 0.125
4319 0.125
4320 0.125
4321 0.125
4322 0.125
4323 0.125
4324 0.125
4325 0.125
4326 0.125
4327 0.125
4328 0.125
4329 0.125
4330 0.125
4331 0.125
4332 0.125
4333 0.125
4334 0.125
4335 0.125
4336 0.125
4337 0.125
4338 0.125
4339 0.125
4340 0.125
4341 0.125
4342 0.125
4343 0.125
4344 0.125
4345 0.125
4346 0.125
4347 0.125
4348 0.125
4349 0.125
4350 0.125
4351 0.125
4352 0.125
4353 0.125
4354 0.125
4355 0.125
4356 0.125
4357 0.125
4358 0.125
4359 0.125
4360 0.125
4361 0.125
4362 0.125
4363 0.125
4364 0.125
4365 0.125
4366 0.125
4367 0.125
4368 0.125
4369 0.125
4370 0.125
4371 0.125
4372 0.125
4373 0.125
4374 0.125
4375 0.125
4376 0.125
4377 0.125
4378 0.125
4379 0.125
4380 0.125
4381 0.125
4382 0.125
4383 0.125
4384 0.125
4385 0.125
4386 0.125
4387 0.125
4388 0.125
4389 0.125
4390 0.125
4391 0.125
4392 0.125
4393 0.125
4394 0.125
4395 0.125
4396 0.125
4397 0.125
4398 0.125
4399 0.125
4400 0.125
4401 0.125
4402 0.125
4403 0.125
4404 0.125
4405 0.125
4406 0.125
4407 0.125
4408 0.125
4409 0.125
4410 0.125
4411 0.125
4412 0.125
4413 0.125
4414 0.125
4415 0.125
4416 0.125
4417 0.125
4418 0.125
4419 0.125
4420 0.125
4421 0.125
4422 0.125
4423 0.125
4424 0.125
4425 0.125
4426 0.125
4427 0.125
4428 0.125
4429 0.125
4430 0.125
4431 0.125
4432 0.125
4433 0.125
4434 0.125
4435 0.125
4436 0.125
4437 0.125
4438 0.125
4439 0.125
4440 0.125
4441 0.125
4442 0.125
4443 0.125
4444 0.125
4445 0.125
4446 0.125
4447 0.125
4448 0.125
4449 0.125
4450 0.125
4451 0.125
4452 0.125
4453 0.125
4454 0.125
4455 0.125
4456 0.125
4457 0.125
4458 0.125
4459 0.125
4460 0.125
4461 0.125
4462 0.125
4463 0.125
4464 0.125
4465 0.125
4466 0.125
4467 0.125
4468 0.125
4469 0.125
4470 0.125
4471 0.125
4472 0.125
4473 0.125
4474 0.125
4475 0.125
4476 0.125
4477 0.125
4478 0.125
4479 0.125
4480 0.125
4481 0.125
4482 0.125
4483 0.125
4484 0.125
4485 0.125
4486 0.125
4487 0.125
4488 0.125
4489 0.125
4490 0.125
4491 0.125
4492 0.125
4493 0.125
4494 0.125
4495 0.125
4496 0.125
4497 0.125
4498 0.125
4499 0.125
4500 0.125
4501 0.125
4502 0.125
4503 0.125
4504 0.125
4505 0.125
4506 0.125
4507 0.125
4508 0.125
4509 0.125
4510 0.125
4511 0.125
4512 0.125
4513 0.125
4514 0.125
4515 0.125
4516 0.125
4517 0.125
4518 0.125
4519 0.125
4520 0.125
4521 0.125
4522 0.125
4523 0.125
4524 0.125
4525 0.125
4526 0.125
4527 0.125
4528 0.125
4529 0.125
4530 0.125
4531 0.125
4532 0.125
4533 0.125
4534 0.125
4535 0.125
4536 0.125
4537 0.125
4538 0.125
4539 0.125
4540 0.125
4541 0.125
4542 0.125
4543 0.125
4544 0.125
4545 0.125
4546 0.125
4547 0.125
4548 0.125
4549 0.125
4550 0.125
4551 0.125
4552 0.125
4553 0.125
4554 0.125
4555 0.125
4556 0.125
4557 0.125
4558 0.125
4559 0.125
4560 0.125
4561 0.125
4562 0.125
4563 0.125
4564 0.125
4565 0.125
4566 0.125
4567 0.125
4568 0.125
4569 0.125
4570 0.125
4571 0.125
4572 0.125
4573 0.125
4574 0.125
4575 0.15
4576 0.15
4577 0.15
4578 0.15
4579 0.15
4580 0.15
4581 0.15
4582 0.15
4583 0.15
4584 0.15
4585 0.15
4586 0.15
4587 0.15
4588 0.15
4589 0.15
4590 0.15
4591 0.15
4592 0.15
4593 0.15
4594 0.15
4595 0.15
4596 0.15
4597 0.15
4598 0.15
4599 0.15
4600 0.125
4601 0.125
4602 0.125
4603 0.125
4604 0.125
4605 0.125
4606 0.125
4607 0.125
4608 0.125
4609 0.125
4610 0.125
4611 0.125
4612 0.125
4613 0.125
4614 0.125
4615 0.125
4616 0.125
4617 0.125
4618 0.125
4619 0.125
4620 0.125
4621 0.125
4622 0.125
4623 0.125
4624 0.125
4625 0.125
4626 0.125
4627 0.125
4628 0.125
4629 0.125
4630 0.125
4631 0.125
4632 0.125
4633 0.125
4634 0.125
4635 0.125
4636 0.125
4637 0.125
4638 0.125
4639 0.125
4640 0.125
4641 0.125
4642 0.125
4643 0.125
4644 0.125
4645 0.125
4646 0.125
4647 0.125
4648 0.125
4649 0.125
4650 0.125
4651 0.125
4652 0.125
4653 0.125
4654 0.125
4655 0.125
4656 0.125
4657 0.125
4658 0.125
4659 0.125
4660 0.125
4661 0.125
4662 0.125
4663 0.125
4664 0.125
4665 0.125
4666 0.125
4667 0.125
4668 0.125
4669 0.125
4670 0.125
4671 0.125
4672 0.125
4673 0.125
4674 0.125
4675 0.125
4676 0.125
4677 0.125
4678 0.125
4679 0.125
4680 0.125
4681 0.125
4682 0.125
4683 0.125
4684 0.125
4685 0.125
4686 0.125
4687 0.125
4688 0.125
4689 0.125
4690 0.125
4691 0.125
4692 0.125
4693 0.125
4694 0.125
4695 0.125
4696 0.125
4697 0.125
4698 0.125
4699 0.125
4700 0.125
4701 0.125
4702 0.125
4703 0.125
4704 0.125
4705 0.125
4706 0.125
4707 0.125
4708 0.125
4709 0.125
4710 0.125
4711 0.125
4712 0.125
4713 0.125
4714 0.125
4715 0.125
4716 0.125
4717 0.125
4718 0.125
4719 0.125
4720 0.125
4721 0.125
4722 0.125
4723 0.125
4724 0.125
4725 0.125
4726 0.125
4727 0.125
4728 0.125
4729 0.125
4730 0.125
4731 0.125
4732 0.125
4733 0.125
4734 0.125
4735 0.125
4736 0.125
4737 0.125
4738 0.125
4739 0.125
4740 0.125
4741 0.125
4742 0.125
4743 0.125
4744 0.125
4745 0.125
4746 0.125
4747 0.125
4748 0.125
4749 0.125
4750 0.125
4751 0.125
4752 0.125
4753 0.125
4754 0.125
4755 0.125
4756 0.125
4757 0.125
4758 0.125
4759 0.125
4760 0.125
4761 0.125
4762 0.125
4763 0.125
4764 0.125
4765 0.125
4766 0.125
4767 0.125
4768 0.125
4769 0.125
4770 0.125
4771 0.125
4772 0.125
4773 0.125
4774 0.125
4775 0.125
4776 0.125
4777 0.125
4778 0.125
4779 0.125
4780 0.125
4781 0.125
4782 0.125
4783 0.125
4784 0.125
4785 0.125
4786 0.125
4787 0.125
4788 0.125
4789 0.125
4790 0.125
4791 0.125
4792 0.125
4793 0.125
4794 0.125
4795 0.125
4796 0.125
4797 0.125
4798 0.125
4799 0.125
4800 0.125
4801 0.125
4802 0.125
4803 0.125
4804 0.125
4805 0.125
4806 0.125
4807 0.125
4808 0.125
4809 0.125
4810 0.125
4811 0.125
4812 0.125
4813 0.125
4814 0.125
4815 0.125
4816 0.125
4817 0.125
4818 0.125
4819 0.125
4820 0.125
4821 0.125
4822 0.125
4823 0.125
4824 0.125
4825 0.125
4826 0.125
4827 0.125
4828 0.125
4829 0.125
4830 0.125
4831 0.125
4832 0.125
4833 0.15
4834 0.15
4835 0.15
4836 0.15
4837 0.15
4838 0.15
4839 0.15
4840 0.15
4841 0.15
4842 0.15
4843 0.15
4844 0.15
4845 0.15
4846 0.15
4847 0.15
4848 0.15
4849 0.15
4850 0.15
4851 0.15
4852 0.15
4853 0.15
4854 0.15
4855 0.15
4856 0.15
4857 0.15
4858 0.125
4859 0.125
4860 0.125
4861 0.125
4862 0.125
4863 0.125
4864 0.125
4865 0.125
4866 0.125
4867 0.125
4868 0.125
4869 0.125
4870 0.125
4871 0.125
4872 0.125
4873 0.125
4874 0.125
4875 0.125
4876 0.125
4877 0.125
4878 0.125
4879 0.125
4880 0.125
4881 0.125
4882 0.125
4883 0.125
4884 0.125
4885 0.125
4886 0.125
4887 0.125
4888 0.125
4889 0.125
4890 0.125
4891 0.125
4892 0.125
4893 0.125
4894 0.125
4895 0.125
4896 0.125
4897 0.125
4898 0.125
4899 0.125
4900 0.125
4901 0.125
4902 0.125
4903 0.125
4904 0.125
4905 0.125
4906 0.125
4907 0.125
4908 0.125
4909 0.125
4910 0.125
4911 0.125
4912 0.125
4913 0.125
4914 0.125
4915 0.125
4916 0.125
4917 0.125
4918 0.125
4919 0.125
4920 0.125
4921 0.125
4922 0.125
4923 0.125
4924 0.125
4925 0.125
4926 0.125
4927 0.125
4928 0.125
4929 0.125
4930 0.125
4931 0.125
4932 0.125
4933 0.125
4934 0.125
4935 0.125
4936 0.15
4937 0.15
4938 0.15
4939 0.15
4940 0.15
4941 0.15
4942 0.15
4943 0.15
4944 0.15
4945 0.15
4946 0.15
4947 0.15
4948 0.15
4949 0.15
4950 0.15
4951 0.15
4952 0.15
4953 0.15
4954 0.15
4955 0.15
4956 0.15
4957 0.15
4958 0.15
4959 0.15
4960 0.15
4961 0.125
4962 0.125
4963 0.125
4964 0.125
4965 0.125
4966 0.125
4967 0.125
4968 0.125
4969 0.125
4970 0.125
4971 0.125
4972 0.125
4973 0.125
4974 0.125
4975 0.125
4976 0.125
4977 0.125
4978 0.13125
4979 0.13125
4980 0.13125
4981 0.13125
4982 0.13125
4983 0.13125
4984 0.13125
4985 0.13125
4986 0.13
4987 0.13
4988 0.13125
4989 0.13125
4990 0.13125
4991 0.13
4992 0.13
4993 0.13125
4994 0.13125
4995 0.13125
4996 0.13125
4997 0.13125
4998 0.13125
4999 0.13125
5000 0.13125
5001 0.13125
5002 0.13333
5003 0.125
5004 0.125
5005 0.125
5006 0.125
5007 0.125
5008 0.125
5009 0.125
5010 0.125
5011 0.125
5012 0.125
5013 0.125
5014 0.125
5015 0.125
5016 0.125
5017 0.125
5018 0.125
5019 0.125
5020 0.125
5021 0.125
5022 0.125
5023 0.125
5024 0.125
5025 0.125
5026 0.125
5027 0.125
5028 0.125
5029 0.125
5030 0.125
5031 0.125
5032 0.125
5033 0.125
5034 0.125
5035 0.125
5036 0.125
5037 0.125
5038 0.125
5039 0.125
5040 0.125
5041 0.125
5042 0.125
5043 0.125
5044 0.125
5045 0.125
5046 0.125
5047 0.125
5048 0.125
5049 0.125
5050 0.125
5051 0.125
5052 0.125
5053 0.125
5054 0.125
5055 0.125
5056 0.125
5057 0.125
5058 0.125
5059 0.125
5060 0.125
5061 0.125
5062 0.125
5063 0.125
5064 0.125
5065 0.125
5066 0.125
5067 0.125
5068 0.125
5069 0.125
5070 0.125
5071 0.125
5072 0.125
5073 0.125
5074 0.125
5075 0.125
5076 0.125
5077 0.125
5078 0.125
5079 0.15
5080 0.15
5081 0.15
5082 0.15
5083 0.15
5084 0.15
5085 0.15
5086 0.15
5087 0.15
5088 0.15
5089 0.15
5090 0.15
5091 0.15
5092 0.15
5093 0.15
5094 0.15
5095 0.15
5096 0.15
5097 0.15
5098 0.15
5099 0.15
5100 0.15
5101 0.15
5102 0.15
5103 0.15
5104 0.125
5105 0.125
5106 0.125
5107 0.125
5108 0.125
5109 0.125
5110 0.125
5111 0.125
5112 0.125
5113 0.125
5114 0.125
5115 0.125
5116 0.125
5117 0.125
5118 0.125
5119 0.125
5120 0.125
5121 0.125
5122 0.125
5123 0.125
5124 0.125
5125 0.125
5126 0.125
5127 0.125
5128 0.125
5129 0.125
5130 0.125
5131 0.125
5132 0.125
5133 0.125
5134 0.125
5135 0.125
5136 0.125
5137 0.125
5138 0.125
5139 0.125
5140 0.125
5141 0.125
5142 0.125
5143 0.125
5144 0.125
5145 0.125
5146 0.125
5147 0.125
5148 0.125
5149 0.125
5150 0.125
5151 0.125
5152 0.125
5153 0.125
5154 0.125
5155 0.125
5156 0.125
5157 0.125
5158 0.125
5159 0.125
5160 0.125
5161 0.125
5162 0.125
5163 0.125
5164 0.125
5165 0.125
5166 0.125
5167 0.125
5168 0.125
5169 0.125
5170 0.125
5171 0.125
5172 0.125
5173 0.125
5174 0.125
5175 0.125
5176 0.125
5177 0.125
5178 0.125
5179 0.125
5180 0.125
5181 0.125
5182 0.125
5183 0.125
5184 0.125
5185 0.125
5186 0.125
5187 0.125
5188 0.125
5189 0.125
5190 0.125
5191 0.125
5192 0.125
5193 0.125
5194 0.125
5195 0.125
5196 0.125
5197 0.125
5198 0.125
5199 0.125
5200 0.125
5201 0.125
5202 0.125
5203 0.125
5204 0.125
5205 0.125
5206 0.125
5207 0.125
5208 0.125
5209 0.125
5210 0.125
5211 0.125
5212 0.125
5213 0.125
5214 0.125
5215 0.125
5216 0.125
5217 0.125
5218 0.125
5219 0.125
5220 0.125
5221 0.125
5222 0.125
5223 0.125
5224 0.125
5225 0.125
5226 0.125
5227 0.125
5228 0.125
5229 0.125
5230 0.125
5231 0.125
5232 0.125
5233 0.125
5234 0.125
5235 0.125
5236 0.125
5237 0.125
5238 0.125
5239 0.125
5240 0.125
5241 0.125
5242 0.125
5243 0.125
5244 0.125
5245 0.125
5246 0.125
5247 0.125
5248 0.125
5249 0.125
5250 0.125
5251 0.125
5252 0.125
5253 0.125
5254 0.125
5255 0.125
5256 0.125
5257 0.125
5258 0.125
5259 0.125
5260 0.125
5261 0.125
5262 0.125
5263 0.125
5264 0.125
5265 0.125
5266 0.125
5267 0.125
5268 0.125
5269 0.125
5270 0.125
5271 0.125
5272 0.125
5273 0.125
5274 0.125
5275 0.125
5276 0.125
5277 0.125
5278 0.125
5279 0.125
5280 0.125
5281 0.125
5282 0.125
5283 0.125
5284 0.125
5285 0.125
5286 0.125
5287 0.125
5288 0.125
5289 0.125
5290 0.125
5291 0.125
5292 0.125
5293 0.125
5294 0.125
5295 0.125
5296 0.125
5297 0.125
5298 0.125
5299 0.125
5300 0.125
5301 0.125
5302 0.125
5303 0.125
5304 0.125
5305 0.125
5306 0.125
5307 0.125
5308 0.125
5309 0.125
5310 0.125
5311 0.125
5312 0.125
5313 0.125
5314 0.125
5315 0.125
5316 0.125
5317 0.125
5318 0.125
5319 0.125
5320 0.125
5321 0.125
5322 0.125
5323 0.125
5324 0.125
5325 0.125
5326 0.125
5327 0.125
5328 0.125
5329 0.125
5330 0.125
5331 0.125
5332 0.125
5333 0.125
5334 0.125
5335 0.125
5336 0.125
5337 0.125
5338 0.125
5339 0.125
5340 0.125
5341 0.125
5342 0.125
5343 0.125
5344 0.125
5345 0.125
5346 0.125
5347 0.125
5348 0.125
5349 0.125
5350 0.125
5351 0.125
5352 0.125
5353 0.125
5354 0.125
5355 0.125
5356 0.125
5357 0.125
5358 0.125
5359 0.125
5360 0.125
5361 0.125
5362 0.125
5363 0.125
5364 0.125
5365 0.125
5366 0.125
5367 0.125
5368 0.125
5369 0.125
5370 0.125
5371 0.125
5372 0.125
5373 0.125
5374 0.125
5375 0.125
5376 0.125
5377 0.125
5378 0.125
5379 0.125
5380 0.125
5381 0.125
5382 0.125
5383 0.125
5384 0.125
5385 0.125
5386 0.125
5387 0.125
5388 0.125
5389 0.125
5390 0.125
5391 0.125
5392 0.125
5393 0.125
5394 0.125
5395 0.125
5396 0.125
5397 0.125
5398 0.125
5399 0.125
5400 0.125
5401 0.125
5402 0.125
5403 0.125
5404 0.125
5405 0.125
5406 0.125
5407 0.125
5408 0.125
5409 0.125
5410 0.125
5411 0.125
5412 0.125
5413 0.125
5414 0.125
5415 0.125
5416 0.125
5417 0.125
5418 0.125
5419 0.125
5420 0.125
5421 0.125
5422 0.125
5423 0.125
5424 0.125
5425 0.125
5426 0.125
5427 0.125
5428 0.125
5429 0.125
5430 0.125
5431 0.125
5432 0.125
5433 0.125
5434 0.125
5435 0.125
5436 0.125
5437 0.125
5438 0.125
5439 0.125
5440 0.125
5441 0.125
5442 0.125
5443 0.125
5444 0.125
5445 0.125
5446 0.125
5447 0.125
5448 0.125
5449 0.125
5450 0.125
5451 0.125
5452 0.125
5453 0.125
5454 0.125
5455 0.125
5456 0.125
5457 0.125
5458 0.125
5459 0.125
5460 0.125
5461 0.125
5462 0.125
5463 0.125
5464 0.125
5465 0.125
5466 0.125
5467 0.125
5468 0.125
5469 0.125
5470 0.125
5471 0.125
5472 0.125
5473 0.125
5474 0.125
5475 0.125
5476 0.125
5477 0.125
5478 0.125
5479 0.125
5480 0.125
5481 0.125
5482 0.125
5483 0.125
5484 0.125
5485 0.125
5486 0.125
5487 0.125
5488 0.125
5489 0.125
5490 0.125
5491 0.125
5492 0.125
5493 0.125
5494 0.125
5495 0.125
5496 0.125
5497 0.125
5498 0.125
5499 0.125
5500 0.125
5501 0.125
5502 0.125
5503 0.125
5504 0.125
5505 0.125
5506 0.125
5507 0.125
5508 0.125
5509 0.125
5510 0.125
5511 0.125
5512 0.125
5513 0.125
5514 0.125
5515 0.125
5516 0.125
5517 0.125
5518 0.125
5519 0.125
5520 0.125
5521 0.125
5522 0.125
5523 0.125
5524 0.125
5525 0.125
5526 0.125
5527 0.125
5528 0.125
5529 0.125
5530 0.125
5531 0.125
5532 0.125
5533 0.125
5534 0.125
5535 0.125
5536 0.125
5537 0.125
5538 0.125
5539 0.125
5540 0.125
5541 0.125
5542 0.125
5543 0.125
5544 0.125
5545 0.125
5546 0.125
5547 0.125
5548 0.125
5549 0.125
5550 0.125
5551 0.125
5552 0.125
5553 0.125
5554 0.125
5555 0.125
5556 0.125
5557 0.125
5558 0.125
5559 0.125
5560 0.125
5561 0.125
5562 0.125
5563 0.125
5564 0.125
5565 0.125
5566 0.125
5567 0.125
5568 0.125
5569 0.125
5570 0.125
5571 0.125
5572 0.125
5573 0.125
5574 0.125
5575 0.125
5576 0.125
5577 0.125
5578 0.125
5579 0.125
5580 0.125
5581 0.125
5582 0.125
5583 0.125
5584 0.125
5585 0.125
5586 0.125
5587 0.125
5588 0.125
5589 0.125
5590 0.125
5591 0.125
5592 0.125
5593 0.125
5594 0.125
5595 0.125
5596 0.125
5597 0.125
5598 0.125
5599 0.125
5600 0.125
5601 0.125
5602 0.125
5603 0.125
5604 0.125
5605 0.125
5606 0.125
5607 0.125
5608 0.125
5609 0.125
5610 0.125
5611 0.125
5612 0.125
5613 0.125
5614 0.125
5615 0.125
5616 0.125
5617 0.125
5618 0.125
5619 0.125
5620 0.125
5621 0.125
5622 0.125
5623 0.125
5624 0.125
5625 0.125
5626 0.125
5627 0.125
5628 0.125
5629 0.125
5630 0.125
5631 0.125
5632 0.125
5633 0.125
5634 0.125
5635 0.125
5636 0.125
5637 0.125
5638 0.125
5639 0.125
5640 0.125
5641 0.125
5642 0.125
5643 0.125
5644 0.125
5645 0.125
5646 0.125
5647 0.125
5648 0.125
5649 0.125
5650 0.125
5651 0.125
5652 0.125
5653 0.125
5654 0.125
5655 0.125
5656 0.125
5657 0.125
5658 0.125
5659 0.125
5660 0.125
5661 0.125
5662 0.125
5663 0.125
5664 0.125
5665 0.125
5666 0.125
5667 0.125
5668 0.125
5669 0.125
5670 0.125
5671 0.125
5672 0.125
5673 0.125
5674 0.125
5675 0.125
5676 0.125
5677 0.125
5678 0.125
5679 0.125
5680 0.125
5681 0.125
5682 0.125
5683 0.125
5684 0.125
5685 0.125
5686 0.125
5687 0.125
5688 0.125
5689 0.125
5690 0.125
5691 0.125
5692 0.125
5693 0.125
5694 0.125
5695 0.125
5696 0.125
5697 0.125
5698 0.125
5699 0.125
5700 0.125
5701 0.125
5702 0.125
5703 0.125
5704 0.125
5705 0.125
5706 0.125
5707 0.125
5708 0.125
5709 0.125
5710 0.125
5711 0.125
5712 0.125
5713 0.125
5714 0.125
5715 0.125
5716 0.125
5717 0.125
5718 0.125
5719 0.125
5720 0.125
5721 0.125
5722 0.125
5723 0.125
5724 0.125
5725 0.125
5726 0.125
5727 0.125
5728 0.125
5729 0.125
5730 0.125
5731 0.125
5732 0.125
5733 0.125
5734 0.125
5735 0.125
5736 0.125
5737 0.125
5738 0.125
5739 0.125
5740 0.125
5741 0.125
5742 0.125
5743 0.125
5744 0.125
5745 0.125
5746 0.125
5747 0.125
5748 0.125
5749 0.125
5750 0.125
5751 0.125
5752 0.125
5753 0.125
5754 0.125
5755 0.125
5756 0.125
5757 0.125
5758 0.125
5759 0.125
5760 0.125
5761 0.125
5762 0.125
5763 0.125
5764 0.125
5765 0.125
5766 0.125
5767 0.125
5768 0.125
5769 0.125
5770 0.125
5771 0.125
5772 0.125
5773 0.125
5774 0.125
5775 0.125
5776 0.125
5777 0.125
5778 0.125
5779 0.125
5780 0.125
5781 0.125
5782 0.125
5783 0.125
5784 0.125
5785 0.125
5786 0.125
5787 0.125
5788 0.125
5789 0.125
5790 0.125
5791 0.125
5792 0.125
5793 0.125
5794 0.125
5795 0.125
5796 0.125
5797 0.125
5798 0.125
5799 0.125
5800 0.125
5801 0.125
5802 0.125
5803 0.125
5804 0.125
5805 0.125
5806 0.125
5807 0.125
5808 0.125
5809 0.125
5810 0.125
5811 0.125
5812 0.125
5813 0.125
5814 0.125
5815 0.125
5816 0.125
5817 0.125
5818 0.125
5819 0.125
5820 0.125
5821 0.125
5822 0.125
5823 0.125
5824 0.125
5825 0.125
5826 0.125
5827 0.125
5828 0.125
5829 0.125
5830 0.125
5831 0.125
5832 0.125
5833 0.125
5834 0.125
5835 0.125
5836 0.125
5837 0.125
5838 0.125
5839 0.125
5840 0.125
5841 0.125
5842 0.125
5843 0.125
5844 0.125
5845 0.125
5846 0.125
5847 0.125
5848 0.125
5849 0.125
5850 0.125
5851 0.125
5852 0.125
5853 0.125
5854 0.125
5855 0.125
5856 0.125
5857 0.125
5858 0.125
5859 0.125
5860 0.125
5861 0.125
5862 0.125
5863 0.125
5864 0.125
5865 0.125
5866 0.125
5867 0.125
5868 0.125
5869 0.125
5870 0.125
5871 0.125
5872 0.125
5873 0.125
5874 0.125
5875 0.125
5876 0.125
5877 0.125
5878 0.125
5879 0.125
5880 0.125
5881 0.125
5882 0.125
5883 0.125
5884 0.125
5885 0.125
5886 0.125
5887 0.125
5888 0.125
5889 0.125
5890 0.125
5891 0.125
5892 0.125
5893 0.125
5894 0.125
5895 0.125
5896 0.125
5897 0.125
5898 0.125
5899 0.125
5900 0.125
5901 0.125
5902 0.125
5903 0.125
5904 0.125
5905 0.125
5906 0.125
5907 0.125
5908 0.125
5909 0.125
5910 0.125
5911 0.125
5912 0.125
5913 0.125
5914 0.125
5915 0.125
5916 0.125
5917 0.125
5918 0.125
5919 0.125
5920 0.125
5921 0.125
5922 0.125
5923 0.125
5924 0.125
5925 0.125
5926 0.125
5927 0.125
5928 0.125
5929 0.125
5930 0.125
5931 0.125
5932 0.125
5933 0.125
5934 0.125
5935 0.125
5936 0.125
5937 0.125
5938 0.125
5939 0.125
5940 0.125
5941 0.125
5942 0.125
5943 0.125
5944 0.125
5945 0.125
5946 0.125
5947 0.125
5948 0.125
5949 0.125
5950 0.125
5951 0.125
5952 0.125
5953 0.125
5954 0.125
5955 0.125
5956 0.125
5957 0.125
5958 0.125
5959 0.125
5960 0.125
5961 0.125
5962 0.125
5963 0.125
5964 0.125
5965 0.125
5966 0.125
5967 0.125
5968 0.125
5969 0.125
5970 0.125
5971 0.125
5972 0.125
5973 0.125
5974 0.125
5975 0.125
5976 0.125
5977 0.125
5978 0.125
5979 0.125
5980 0.125
5981 0.125
5982 0.125
5983 0.125
5984 0.125
5985 0.125
5986 0.125
5987 0.125
5988 0.125
5989 0.125
5990 0.125
5991 0.125
5992 0.125
5993 0.125
5994 0.125
5995 0.125
5996 0.125
5997 0.125
5998 0.125
5999 0.125
