#iterations probabilites
0 0.175
1 0.19688
2 0.23179
3 0.21951
4 0.24297
5 0.24878
6 0.26233
7 0.26775
8 0.26984
9 0.26726
10 0.27094
11 0.26889
12 0.26458
13 0.26609
14 0.26647
15 0.265
16 0.2572
17 0.26037
18 0.2582
19 0.25442
20 0.25579
21 0.25881
22 0.26236
23 0.25748
24 0.25771
25 0.25871
26 0.26111
27 0.2552
28 0.25101
29 0.24786
30 0.24637
31 0.24353
32 0.24097
33 0.23394
34 0.23506
35 0.23128
36 0.23163
37 0.23351
38 0.23207
39 0.22869
40 0.22538
41 0.22761
42 0.22223
43 0.22539
44 0.22833
45 0.22192
46 0.21319
47 0.21128
48 0.21502
49 0.21337
50 0.21424
51 0.2114
52 0.2131
53 0.21682
54 0.21993
55 0.22256
56 0.22236
57 0.22225
58 0.22586
59 0.22618
60 0.22924
61 0.22988
62 0.23242
63 0.23269
64 0.2324
65 0.23694
66 0.23892
67 0.24302
68 0.23868
69 0.23939
70 0.2451
71 0.25325
72 0.25118
73 0.25412
74 0.25673
75 0.25495
76 0.26085
77 0.26464
78 0.26313
79 0.26549
80 0.26134
81 0.26607
82 0.26723
83 0.26567
84 0.26524
85 0.26428
86 0.26605
87 0.26567
88 0.2687
89 0.27075
90 0.26964
91 0.2646
92 0.26311
93 0.26619
94 0.26603
95 0.26336
96 0.26331
97 0.26201
98 0.2649
99 0.25858
100 0.25704
101 0.25733
102 0.25646
103 0.2585
104 0.25653
105 0.25456
106 0.25039
107 0.24992
108 0.25271
109 0.25213
110 0.25311
111 0.24663
112 0.24991
113 0.24821
114 0.24679
115 0.24902
116 0.25196
117 0.24954
118 0.24889
119 0.2472
120 0.25272
121 0.24904
122 0.25332
123 0.24862
124 0.25157
125 0.25301
126 0.25344
127 0.25333
128 0.25759
129 0.25672
130 0.25789
131 0.2576
132 0.25479
133 0.25846
134 0.26015
135 0.25937
136 0.25865
137 0.25314
138 0.25833
139 0.26254
140 0.26128
141 0.26158
142 0.26405
143 0.26386
144 0.26535
145 0.26408
146 0.26362
147 0.26035
148 0.2586
149 0.26013
150 0.26085
151 0.25526
152 0.25365
153 0.25068
154 0.25013
155 0.24795
156 0.25122
157 0.25303
158 0.2522
159 0.2498
160 0.25317
161 0.25524
162 0.25641
163 0.24986
164 0.24921
165 0.24946
166 0.24663
167 0.24219
168 0.23739
169 0.23715
170 0.23341
171 0.23364
172 0.23542
173 0.23871
174 0.23435
175 0.23418
176 0.23211
177 0.23162
178 0.23252
179 0.23459
180 0.23312
181 0.23038
182 0.22738
183 0.22552
184 0.22827
185 0.22596
186 0.22789
187 0.22574
188 0.22467
189 0.22075
190 0.21835
191 0.21843
192 0.22014
193 0.2202
194 0.22108
195 0.22453
196 0.23038
197 0.23314
198 0.23111
199 0.23355
200 0.23309
201 0.2343
202 0.23612
203 0.2346
204 0.23357
205 0.24099
206 0.24179
207 0.24041
208 0.23388
209 0.22864
210 0.23113
211 0.23146
212 0.22873
213 0.22686
214 0.22657
215 0.22653
216 0.22837
217 0.23308
218 0.23587
219 0.23456
220 0.23648
221 0.22969
222 0.22531
223 0.22638
224 0.22577
225 0.22434
226 0.22206
227 0.21833
228 0.21789
229 0.21355
230 0.21191
231 0.2105
232 0.21032
233 0.21239
234 0.21272
235 0.20917
236 0.21262
237 0.21545
238 0.2135
239 0.21738
240 0.21911
241 0.22282
242 0.22018
243 0.21468
244 0.2127
245 0.21018
246 0.21153
247 0.21065
248 0.20699
249 0.20608
250 0.20524
251 0.21068
252 0.21366
253 0.212
254 0.21529
255 0.21282
256 0.21234
257 0.21884
258 0.22168
259 0.22769
260 0.22984
261 0.22808
262 0.22564
263 0.22832
264 0.22881
265 0.2243
266 0.22147
267 0.22313
268 0.22604
269 0.2288
270 0.22965
271 0.23491
272 0.23616
273 0.23533
274 0.23711
275 0.24015
276 0.23727
277 0.23505
278 0.23972
279 0.23529
280 0.23466
281 0.23865
282 0.2414
283 0.24532
284 0.24634
285 0.24265
286 0.24701
287 0.25421
288 0.25672
289 0.25939
290 0.26131
291 0.26347
292 0.25804
293 0.25762
294 0.25358
295 0.26216
296 0.25765
297 0.25797
298 0.26192
299 0.25879
300 0.25596
301 0.25649
302 0.2564
303 0.25475
304 0.26132
305 0.26369
306 0.26452
307 0.26162
308 0.25974
309 0.25502
310 0.25564
311 0.24819
312 0.24156
313 0.23751
314 0.23981
315 0.24244
316 0.23882
317 0.24093
318 0.24509
319 0.25018
320 0.24075
321 0.24389
322 0.24531
323 0.24425
324 0.24341
325 0.2513
326 0.25383
327 0.26019
328 0.25806
329 0.25826
330 0.25901
331 0.25763
332 0.25384
333 0.24776
334 0.24992
335 0.25062
336 0.25318
337 0.25856
338 0.25761
339 0.25737
340 0.25792
341 0.26073
342 0.25997
343 0.25691
344 0.25732
345 0.25526
346 0.2599
347 0.25402
348 0.25786
349 0.25855
350 0.2583
351 0.256
352 0.2514
353 0.25581
354 0.25004
355 0.24864
356 0.24651
357 0.24408
358 0.24745
359 0.24627
360 0.23836
361 0.23996
362 0.23192
363 0.23204
364 0.2292
365 0.22565
366 0.22155
367 0.22098
368 0.21956
369 0.21897
370 0.23179
371 0.22431
372 0.23072
373 0.2316
374 0.22645
375 0.21992
376 0.22118
377 0.22169
378 0.21727
379 0.22478
380 0.2223
381 0.22135
382 0.22019
383 0.22209
384 0.21803
385 0.22053
386 0.2228
387 0.22832
388 0.23074
389 0.23593
390 0.24168
391 0.24184
392 0.24163
393 0.24346
394 0.24336
395 0.23479
396 0.23986
397 0.23653
398 0.23814
399 0.23956
400 0.24524
401 0.24825
402 0.24574
403 0.24886
404 0.2387
405 0.23928
406 0.23878
407 0.23855
408 0.24022
409 0.24457
410 0.24318
411 0.24132
412 0.23866
413 0.23663
414 0.23591
415 0.22948
416 0.23232
417 0.22994
418 0.23097
419 0.23083
420 0.23479
421 0.2348
422 0.23802
423 0.23719
424 0.23525
425 0.23258
426 0.2319
427 0.23779
428 0.24159
429 0.24538
430 0.25122
431 0.25885
432 0.26423
433 0.26253
434 0.26774
435 0.27282
436 0.26976
437 0.27185
438 0.2735
439 0.27785
440 0.28063
441 0.27557
442 0.28099
443 0.28449
444 0.28372
445 0.28499
446 0.28482
447 0.2849
448 0.28082
449 0.2863
450 0.29071
451 0.29121
452 0.29175
453 0.29249
454 0.29058
455 0.28783
456 0.28879
457 0.29082
458 0.29263
459 0.29285
460 0.29339
461 0.30087
462 0.29906
463 0.30557
464 0.29999
465 0.30107
466 0.30707
467 0.30758
468 0.30742
469 0.30653
470 0.30176
471 0.29391
472 0.29922
473 0.30431
474 0.30245
475 0.30141
476 0.30048
477 0.29375
478 0.29438
479 0.29726
480 0.30174
481 0.30243
482 0.30154
483 0.2932
484 0.30024
485 0.29741
486 0.29973
487 0.29576
488 0.28907
489 0.2893
490 0.28969
491 0.29529
492 0.2941
493 0.29561
494 0.29213
495 0.28551
496 0.28818
497 0.2874
498 0.28137
499 0.28121
500 0.28856
501 0.2925
502 0.29522
503 0.2931
504 0.29771
505 0.29179
506 0.28755
507 0.29044
508 0.29451
509 0.28404
510 0.28014
511 0.2834
512 0.28538
513 0.28716
514 0.29474
515 0.29699
516 0.28716
517 0.29187
518 0.28879
519 0.29397
520 0.30394
521 0.30231
522 0.29538
523 0.29179
524 0.29129
525 0.27392
526 0.27171
527 0.26573
528 0.26907
529 0.27178
530 0.27227
531 0.27022
532 0.27202
533 0.27396
534 0.27795
535 0.28541
536 0.27951
537 0.282
538 0.28387
539 0.27497
540 0.26419
541 0.27103
542 0.26476
543 0.26986
544 0.26519
545 0.25817
546 0.25982
547 0.25615
548 0.26044
549 0.26232
550 0.26322
551 0.26554
552 0.2732
553 0.27155
554 0.26154
555 0.26558
556 0.26657
557 0.26134
558 0.26106
559 0.25937
560 0.25196
561 0.25823
562 0.26213
563 0.26568
564 0.26701
565 0.27145
566 0.27012
567 0.26837
568 0.26465
569 0.26533
570 0.26165
571 0.26101
572 0.27133
573 0.27345
574 0.27213
575 0.27328
576 0.26631
577 0.26361
578 0.26171
579 0.26775
580 0.26563
581 0.26266
582 0.26479
583 0.26914
584 0.27063
585 0.27327
586 0.27094
587 0.27142
588 0.26831
589 0.27392
590 0.26907
591 0.26975
592 0.27184
593 0.27603
594 0.27919
595 0.28599
596 0.28988
597 0.29146
598 0.29237
599 0.28953
600 0.28994
601 0.28885
602 0.28638
603 0.28563
604 0.27904
605 0.27293
606 0.27791
607 0.27583
608 0.26724
609 0.27066
610 0.26839
611 0.26276
612 0.26481
613 0.2648
614 0.25503
615 0.2518
616 0.25471
617 0.2493
618 0.24377
619 0.24346
620 0.24196
621 0.23948
622 0.23677
623 0.23152
624 0.23391
625 0.23463
626 0.23437
627 0.23193
628 0.23204
629 0.23297
630 0.23781
631 0.23432
632 0.23628
633 0.22877
634 0.23074
635 0.23414
636 0.23252
637 0.23476
638 0.23064
639 0.22541
640 0.22554
641 0.22741
642 0.22918
643 0.24186
644 0.2446
645 0.24265
646 0.2426
647 0.24329
648 0.24712
649 0.24558
650 0.24318
651 0.23927
652 0.24304
653 0.24099
654 0.23863
655 0.23813
656 0.23327
657 0.23289
658 0.2367
659 0.23058
660 0.22774
661 0.23354
662 0.23138
663 0.23351
664 0.22626
665 0.2224
666 0.2138
667 0.21428
668 0.20223
669 0.20478
670 0.20671
671 0.20452
672 0.20553
673 0.20491
674 0.20954
675 0.21044
676 0.20916
677 0.20771
678 0.20805
679 0.20787
680 0.20193
681 0.20146
682 0.204
683 0.20854
684 0.20886
685 0.21236
686 0.20942
687 0.20937
688 0.20944
689 0.21952
690 0.22156
691 0.22852
692 0.23018
693 0.22894
694 0.22168
695 0.2251
696 0.23058
697 0.23198
698 0.24614
699 0.24554
700 0.24458
701 0.25222
702 0.2601
703 0.25455
704 0.2567
705 0.26109
706 0.26358
707 0.26994
708 0.26864
709 0.27101
710 0.27222
711 0.27679
712 0.27941
713 0.2825
714 0.2851
715 0.28627
716 0.28091
717 0.27891
718 0.27581
719 0.28229
720 0.2865
721 0.28216
722 0.28017
723 0.27238
724 0.28157
725 0.28768
726 0.29237
727 0.28978
728 0.29199
729 0.2898
730 0.28679
731 0.28908
732 0.28957
733 0.28453
734 0.28553
735 0.28945
736 0.29237
737 0.29048
738 0.2953
739 0.29474
740 0.29319
741 0.29676
742 0.30126
743 0.29596
744 0.29349
745 0.29072
746 0.29394
747 0.29518
748 0.30086
749 0.29627
750 0.29099
751 0.28872
752 0.28567
753 0.30172
754 0.30047
755 0.29907
756 0.30191
757 0.30049
758 0.31057
759 0.31472
760 0.31414
761 0.31195
762 0.31633
763 0.31209
764 0.31004
765 0.30668
766 0.30471
767 0.30338
768 0.30627
769 0.30855
770 0.30681
771 0.30382
772 0.30983
773 0.30551
774 0.30026
775 0.2992
776 0.30314
777 0.30785
778 0.29562
779 0.2923
780 0.28671
781 0.28369
782 0.2935
783 0.28919
784 0.28693
785 0.28601
786 0.28421
787 0.27724
788 0.27487
789 0.27854
790 0.27703
791 0.27673
792 0.29315
793 0.29188
794 0.29709
795 0.29818
796 0.29284
797 0.28456
798 0.28969
799 0.28854
800 0.29512
801 0.29245
802 0.28563
803 0.28762
804 0.28356
805 0.28158
806 0.28533
807 0.27438
808 0.27711
809 0.27383
810 0.27261
811 0.2813
812 0.28345
813 0.2852
814 0.28665
815 0.28562
816 0.29168
817 0.28159
818 0.28702
819 0.28598
820 0.29006
821 0.29333
822 0.29636
823 0.30151
824 0.30283
825 0.30832
826 0.30609
827 0.30659
828 0.3082
829 0.31311
830 0.31639
831 0.31399
832 0.31698
833 0.31156
834 0.31592
835 0.32237
836 0.31723
837 0.31273
838 0.32053
839 0.31833
840 0.31148
841 0.31084
842 0.31091
843 0.3095
844 0.32056
845 0.31823
846 0.31367
847 0.30517
848 0.2932
849 0.28237
850 0.28854
851 0.28715
852 0.28497
853 0.27688
854 0.27568
855 0.27445
856 0.27343
857 0.27545
858 0.2753
859 0.26736
860 0.26464
861 0.26903
862 0.26636
863 0.26855
864 0.27223
865 0.27402
866 0.274
867 0.27121
868 0.26552
869 0.25652
870 0.24937
871 0.24743
872 0.24101
873 0.24715
874 0.25479
875 0.25289
876 0.25189
877 0.24852
878 0.25591
879 0.25607
880 0.25489
881 0.25588
882 0.25307
883 0.25943
884 0.26462
885 0.26406
886 0.26923
887 0.28113
888 0.28141
889 0.27178
890 0.26265
891 0.2676
892 0.27105
893 0.27641
894 0.28092
895 0.28971
896 0.29536
897 0.29898
898 0.30477
899 0.29201
900 0.3001
901 0.30118
902 0.30907
903 0.29793
904 0.309
905 0.31651
906 0.31552
907 0.31995
908 0.32265
909 0.32039
910 0.32373
911 0.31261
912 0.30705
913 0.29977
914 0.30976
915 0.32354
916 0.31854
917 0.32168
918 0.31417
919 0.32157
920 0.32045
921 0.31986
922 0.31818
923 0.31109
924 0.31122
925 0.30437
926 0.305
927 0.31262
928 0.31348
929 0.31157
930 0.31379
931 0.3085
932 0.29677
933 0.29582
934 0.2946
935 0.29287
936 0.29669
937 0.29978
938 0.29651
939 0.29936
940 0.28771
941 0.28416
942 0.28001
943 0.28534
944 0.29732
945 0.29289
946 0.29804
947 0.30749
948 0.30047
949 0.32062
950 0.29419
951 0.28807
952 0.27622
953 0.29211
954 0.28707
955 0.28151
956 0.28374
957 0.28858
958 0.28144
959 0.27896
960 0.27579
961 0.28017
962 0.29223
963 0.28991
964 0.28121
965 0.28559
966 0.27904
967 0.2874
968 0.29189
969 0.28455
970 0.29524
971 0.29404
972 0.28587
973 0.29361
974 0.29983
975 0.29641
976 0.31242
977 0.31056
978 0.31181
979 0.3118
980 0.31142
981 0.30077
982 0.29926
983 0.29237
984 0.29147
985 0.2958
986 0.28808
987 0.27843
988 0.27665
989 0.27347
990 0.26342
991 0.26345
992 0.26794
993 0.26148
994 0.25756
995 0.25065
996 0.25079
997 0.25545
998 0.26415
999 0.25927
1000 0.25965
1001 0.26148
1002 0.26
1003 0.26363
1004 0.26473
1005 0.26404
1006 0.26443
1007 0.27069
1008 0.26871
1009 0.27364
1010 0.27167
1011 0.27437
1012 0.28205
1013 0.28296
1014 0.28343
1015 0.28271
1016 0.28345
1017 0.27753
1018 0.28441
1019 0.29452
1020 0.29442
1021 0.2952
1022 0.30592
1023 0.30415
1024 0.29088
1025 0.28917
1026 0.29118
1027 0.29529
1028 0.29368
1029 0.29375
1030 0.29721
1031 0.30089
1032 0.30391
1033 0.30182
1034 0.29982
1035 0.29778
1036 0.29728
1037 0.29681
1038 0.29472
1039 0.28706
1040 0.28504
1041 0.28428
1042 0.2864
1043 0.28521
1044 0.28295
1045 0.28961
1046 0.28647
1047 0.27998
1048 0.27455
1049 0.27531
1050 0.2745
1051 0.27492
1052 0.27507
1053 0.27556
1054 0.28557
1055 0.29159
1056 0.28542
1057 0.27558
1058 0.27187
1059 0.27327
1060 0.27658
1061 0.27971
1062 0.28512
1063 0.29286
1064 0.31016
1065 0.3101
1066 0.31348
1067 0.31288
1068 0.32395
1069 0.31426
1070 0.30991
1071 0.31253
1072 0.31921
1073 0.31689
1074 0.31325
1075 0.30082
1076 0.30858
1077 0.30964
1078 0.305
1079 0.31382
1080 0.30738
1081 0.30425
1082 0.29006
1083 0.29447
1084 0.3063
1085 0.29786
1086 0.28706
1087 0.27359
1088 0.26715
1089 0.26434
1090 0.26118
1091 0.26088
1092 0.26066
1093 0.26436
1094 0.26916
1095 0.26899
1096 0.26688
1097 0.27198
1098 0.28394
1099 0.28478
1100 0.29532
1101 0.28735
1102 0.28834
1103 0.29588
1104 0.28903
1105 0.29066
1106 0.29603
1107 0.31077
1108 0.30741
1109 0.30149
1110 0.30343
1111 0.30837
1112 0.31136
1113 0.31255
1114 0.3095
1115 0.3079
1116 0.30004
1117 0.29962
1118 0.296
1119 0.28523
1120 0.28902
1121 0.2886
1122 0.2814
1123 0.27723
1124 0.27294
1125 0.25745
1126 0.26929
1127 0.26449
1128 0.26004
1129 0.25394
1130 0.24377
1131 0.23891
1132 0.23978
1133 0.25762
1134 0.256
1135 0.26012
1136 0.25544
1137 0.25459
1138 0.2565
1139 0.25399
1140 0.25298
1141 0.25247
1142 0.24972
1143 0.25885
1144 0.26743
1145 0.26673
1146 0.27
1147 0.27457
1148 0.26631
1149 0.27708
1150 0.27952
1151 0.27192
1152 0.27144
1153 0.27304
1154 0.2634
1155 0.27658
1156 0.26515
1157 0.26147
1158 0.24975
1159 0.25161
1160 0.25348
1161 0.25497
1162 0.25461
1163 0.25337
1164 0.25279
1165 0.25366
1166 0.29124
1167 0.29033
1168 0.28658
1169 0.27898
1170 0.26815
1171 0.26527
1172 0.2617
1173 0.26871
1174 0.27678
1175 0.27554
1176 0.27673
1177 0.27201
1178 0.2732
1179 0.2723
1180 0.26414
1181 0.26193
1182 0.26087
1183 0.25442
1184 0.25343
1185 0.23538
1186 0.23259
1187 0.23473
1188 0.22999
1189 0.23467
1190 0.24261
1191 0.22849
1192 0.20827
1193 0.21055
1194 0.22293
1195 0.22071
1196 0.21852
1197 0.22054
1198 0.216
1199 0.21318
1200 0.2108
1201 0.2164
1202 0.22606
1203 0.22473
1204 0.22564
1205 0.22793
1206 0.22955
1207 0.22931
1208 0.22538
1209 0.22737
1210 0.23272
1211 0.23442
1212 0.23467
1213 0.24269
1214 0.25956
1215 0.25837
1216 0.2539
1217 0.25006
1218 0.26167
1219 0.25411
1220 0.25456
1221 0.26666
1222 0.26291
1223 0.25579
1224 0.24805
1225 0.24807
1226 0.24041
1227 0.24283
1228 0.25097
1229 0.25252
1230 0.25842
1231 0.25083
1232 0.24386
1233 0.25963
1234 0.26297
1235 0.25727
1236 0.25373
1237 0.26036
1238 0.25795
1239 0.25451
1240 0.2597
1241 0.25755
1242 0.26137
1243 0.26042
1244 0.26223
1245 0.27237
1246 0.27877
1247 0.28254
1248 0.28169
1249 0.29225
1250 0.29111
1251 0.28421
1252 0.29833
1253 0.29212
1254 0.29318
1255 0.29274
1256 0.28929
1257 0.29459
1258 0.293
1259 0.29499
1260 0.29961
1261 0.3024
1262 0.29475
1263 0.29201
1264 0.30294
1265 0.3031
1266 0.29071
1267 0.29593
1268 0.29704
1269 0.30262
1270 0.31267
1271 0.30112
1272 0.28454
1273 0.28374
1274 0.28609
1275 0.28762
1276 0.26761
1277 0.24812
1278 0.24286
1279 0.23601
1280 0.23095
1281 0.24545
1282 0.24077
1283 0.23688
1284 0.23176
1285 0.23741
1286 0.24049
1287 0.23696
1288 0.23582
1289 0.22407
1290 0.2208
1291 0.2283
1292 0.22329
1293 0.22132
1294 0.22449
1295 0.22421
1296 0.22192
1297 0.22779
1298 0.23101
1299 0.22948
1300 0.23336
1301 0.24246
1302 0.24525
1303 0.25056
1304 0.2548
1305 0.25196
1306 0.23585
1307 0.23538
1308 0.23927
1309 0.24761
1310 0.24383
1311 0.26067
1312 0.26129
1313 0.26392
1314 0.25964
1315 0.2645
1316 0.26242
1317 0.27472
1318 0.27381
1319 0.26768
1320 0.26607
1321 0.27354
1322 0.28145
1323 0.28492
1324 0.28798
1325 0.27999
1326 0.27018
1327 0.27115
1328 0.259
1329 0.25944
1330 0.25765
1331 0.26769
1332 0.27129
1333 0.27474
1334 0.28433
1335 0.29569
1336 0.29092
1337 0.29576
1338 0.29732
1339 0.28748
1340 0.28971
1341 0.28457
1342 0.26814
1343 0.26803
1344 0.27189
1345 0.27005
1346 0.26317
1347 0.25432
1348 0.2487
1349 0.24378
1350 0.2424
1351 0.25091
1352 0.25542
1353 0.27182
1354 0.27292
1355 0.27886
1356 0.27359
1357 0.27172
1358 0.26304
1359 0.24528
1360 0.24169
1361 0.22954
1362 0.23069
1363 0.22444
1364 0.23347
1365 0.23347
1366 0.23645
1367 0.24802
1368 0.24207
1369 0.24291
1370 0.26118
1371 0.26753
1372 0.26769
1373 0.26778
1374 0.27054
1375 0.27199
1376 0.27161
1377 0.26929
1378 0.2722
1379 0.27081
1380 0.27431
1381 0.2747
1382 0.27149
1383 0.26081
1384 0.24622
1385 0.25554
1386 0.27705
1387 0.25829
1388 0.27162
1389 0.27572
1390 0.28114
1391 0.27989
1392 0.27214
1393 0.27378
1394 0.27422
1395 0.28391
1396 0.28411
1397 0.2944
1398 0.29808
1399 0.30359
1400 0.30276
1401 0.29063
1402 0.28347
1403 0.2759
1404 0.26944
1405 0.27703
1406 0.27527
1407 0.27461
1408 0.28131
1409 0.29098
1410 0.28846
1411 0.29085
1412 0.28035
1413 0.26718
1414 0.23369
1415 0.24179
1416 0.23963
1417 0.2619
1418 0.25428
1419 0.2655
1420 0.26748
1421 0.26915
1422 0.27165
1423 0.25992
1424 0.25845
1425 0.26033
1426 0.26769
1427 0.26915
1428 0.26917
1429 0.27476
1430 0.26785
1431 0.27583
1432 0.28164
1433 0.26984
1434 0.27556
1435 0.28038
1436 0.27968
1437 0.27153
1438 0.28342
1439 0.31831
1440 0.30882
1441 0.30941
1442 0.30111
1443 0.30086
1444 0.29503
1445 0.29309
1446 0.27818
1447 0.28411
1448 0.30298
1449 0.31488
1450 0.32055
1451 0.31222
1452 0.30574
1453 0.30909
1454 0.30816
1455 0.31108
1456 0.31637
1457 0.31256
1458 0.31279
1459 0.308
1460 0.31349
1461 0.32188
1462 0.3201
1463 0.32214
1464 0.33421
1465 0.33851
1466 0.32789
1467 0.32004
1468 0.31872
1469 0.31071
1470 0.3121
1471 0.31867
1472 0.31364
1473 0.32279
1474 0.313
1475 0.31431
1476 0.31207
1477 0.31177
1478 0.30101
1479 0.26878
1480 0.28586
1481 0.27095
1482 0.26181
1483 0.25569
1484 0.25346
1485 0.24069
1486 0.23478
1487 0.23846
1488 0.23603
1489 0.23847
1490 0.23993
1491 0.24207
1492 0.24322
1493 0.24212
1494 0.24592
1495 0.24605
1496 0.24129
1497 0.2227
1498 0.21237
1499 0.20749
1500 0.20824
1501 0.21307
1502 0.20665
1503 0.21276
1504 0.21724
1505 0.21524
1506 0.21971
1507 0.21948
1508 0.22234
1509 0.22419
1510 0.22829
1511 0.22996
1512 0.22779
1513 0.22935
1514 0.23946
1515 0.23311
1516 0.22578
1517 0.2286
1518 0.22235
1519 0.22246
1520 0.21962
1521 0.22934
1522 0.22632
1523 0.22814
1524 0.23324
1525 0.22172
1526 0.21383
1527 0.21775
1528 0.22464
1529 0.22802
1530 0.22471
1531 0.22594
1532 0.2285
1533 0.22261
1534 0.22261
1535 0.21617
1536 0.22137
1537 0.21929
1538 0.22018
1539 0.23554
1540 0.24179
1541 0.24095
1542 0.23673
1543 0.24228
1544 0.24522
1545 0.25589
1546 0.24731
1547 0.25009
1548 0.24384
1549 0.25018
1550 0.25685
1551 0.25342
1552 0.25342
1553 0.2516
1554 0.25491
1555 0.26056
1556 0.30003
1557 0.30146
1558 0.29387
1559 0.28613
1560 0.29131
1561 0.29048
1562 0.29113
1563 0.29438
1564 0.26908
1565 0.26432
1566 0.26932
1567 0.27304
1568 0.25595
1569 0.24994
1570 0.24994
1571 0.24954
1572 0.25395
1573 0.2544
1574 0.24613
1575 0.24318
1576 0.24106
1577 0.23853
1578 0.24047
1579 0.24013
1580 0.24569
1581 0.24452
1582 0.25036
1583 0.26369
1584 0.2631
1585 0.26205
1586 0.23646
1587 0.235
1588 0.22979
1589 0.22622
1590 0.22048
1591 0.23357
1592 0.22993
1593 0.23076
1594 0.2255
1595 0.22931
1596 0.22792
1597 0.23389
1598 0.20827
1599 0.20494
1600 0.19208
1601 0.1953
1602 0.19988
1603 0.1981
1604 0.20033
1605 0.19845
1606 0.19711
1607 0.19738
1608 0.19402
1609 0.19834
1610 0.20414
1611 0.20473
1612 0.2028
1613 0.2034
1614 0.20373
1615 0.20015
1616 0.20452
1617 0.20461
1618 0.20847
1619 0.21229
1620 0.20304
1621 0.20554
1622 0.205
1623 0.24482
1624 0.24845
1625 0.2476
1626 0.24415
1627 0.2272
1628 0.22958
1629 0.23014
1630 0.2278
1631 0.22353
1632 0.23122
1633 0.22734
1634 0.22199
1635 0.22158
1636 0.2242
1637 0.22585
1638 0.22854
1639 0.23096
1640 0.25237
1641 0.24976
1642 0.24776
1643 0.25623
1644 0.25717
1645 0.28877
1646 0.30065
1647 0.30343
1648 0.29699
1649 0.2954
1650 0.2971
1651 0.31261
1652 0.32892
1653 0.31767
1654 0.3217
1655 0.31607
1656 0.3069
1657 0.29195
1658 0.29151
1659 0.30005
1660 0.29654
1661 0.27801
1662 0.29475
1663 0.29405
1664 0.29468
1665 0.28705
1666 0.29066
1667 0.29415
1668 0.27401
1669 0.27359
1670 0.27311
1671 0.26913
1672 0.2699
1673 0.26401
1674 0.27411
1675 0.27804
1676 0.26857
1677 0.26232
1678 0.26232
1679 0.23357
1680 0.23673
1681 0.23714
1682 0.22524
1683 0.22065
1684 0.21482
1685 0.21637
1686 0.21845
1687 0.20536
1688 0.20161
1689 0.19223
1690 0.19536
1691 0.19399
1692 0.19406
1693 0.19438
1694 0.19438
1695 0.18585
1696 0.19141
1697 0.19148
1698 0.19322
1699 0.19015
1700 0.21564
1701 0.21479
1702 0.21479
1703 0.23555
1704 0.23619
1705 0.2351
1706 0.23904
1707 0.24238
1708 0.2554
1709 0.25762
1710 0.26603
1711 0.28151
1712 0.28395
1713 0.28756
1714 0.28604
1715 0.27527
1716 0.2806
1717 0.25943
1718 0.25554
1719 0.27923
1720 0.27857
1721 0.27622
1722 0.28063
1723 0.2792
1724 0.30521
1725 0.28979
1726 0.28563
1727 0.27688
1728 0.27881
1729 0.27631
1730 0.27238
1731 0.26167
1732 0.25333
1733 0.24
1734 0.23024
1735 0.23024
1736 0.23292
1737 0.22667
1738 0.20167
1739 0.21417
1740 0.21625
1741 0.21625
1742 0.20208
1743 0.20208
1744 0.20208
1745 0.20333
1746 0.2075
1747 0.20417
1748 0.19583
1749 0.19917
1750 0.19917
1751 0.205
1752 0.205
1753 0.2025
1754 0.20333
1755 0.20417
1756 0.20333
1757 0.20417
1758 0.20833
1759 0.21667
1760 0.22042
1761 0.2125
1762 0.21607
1763 0.22321
1764 0.22321
1765 0.23881
1766 0.22571
1767 0.22821
1768 0.22571
1769 0.22405
1770 0.22167
1771 0.21667
1772 0.22042
1773 0.22208
1774 0.21554
1775 0.21345
1776 0.20702
1777 0.20786
1778 0.21524
1779 0.21464
1780 0.2158
1781 0.21997
1782 0.2222
1783 0.2222
1784 0.21804
1785 0.22071
1786 0.22071
1787 0.21506
1788 0.21813
1789 0.22562
1790 0.22188
1791 0.22366
1792 0.21755
1793 0.23672
1794 0.23827
1795 0.23827
1796 0.22497
1797 0.22202
1798 0.22354
1799 0.22987
1800 0.22987
1801 0.23197
1802 0.21947
1803 0.21146
1804 0.21063
1805 0.22357
1806 0.21866
1807 0.21875
1808 0.2131
1809 0.2131
1810 0.20418
1811 0.2076
1812 0.2076
1813 0.20531
1814 0.20869
1815 0.20715
1816 0.20671
1817 0.21232
1818 0.20786
1819 0.21583
1820 0.21561
1821 0.21786
1822 0.21696
1823 0.22384
1824 0.22717
1825 0.23223
1826 0.23223
1827 0.22985
1828 0.23105
1829 0.24653
1830 0.24125
1831 0.24125
1832 0.25167
1833 0.2425
1834 0.2425
1835 0.24667
1836 0.25167
1837 0.25083
1838 0.25512
1839 0.25595
1840 0.26167
1841 0.27
1842 0.27125
1843 0.26708
1844 0.28679
1845 0.28804
1846 0.27125
1847 0.26929
1848 0.28
1849 0.2775
1850 0.27542
1851 0.27792
1852 0.285
1853 0.27452
1854 0.27022
1855 0.28661
1856 0.28452
1857 0.27173
1858 0.27798
1859 0.28312
1860 0.28139
1861 0.28139
1862 0.28317
1863 0.26609
1864 0.25234
1865 0.25234
1866 0.24792
1867 0.25299
1868 0.26132
1869 0.23429
1870 0.23429
1871 0.23137
1872 0.22125
1873 0.21708
1874 0.21458
1875 0.205
1876 0.19375
1877 0.20506
1878 0.20923
1879 0.20673
1880 0.20792
1881 0.21042
1882 0.21021
1883 0.21438
1884 0.21438
1885 0.21396
1886 0.20792
1887 0.20524
1888 0.20524
1889 0.21315
1890 0.21399
1891 0.21399
1892 0.21961
1893 0.20949
1894 0.20949
1895 0.20949
1896 0.20655
1897 0.20863
1898 0.2175
1899 0.22
1900 0.22542
1901 0.22542
1902 0.21
1903 0.21
1904 0.21
1905 0.2075
1906 0.2075
1907 0.22458
1908 0.22958
1909 0.23542
1910 0.24583
1911 0.24333
1912 0.24083
1913 0.24083
1914 0.21583
1915 0.22
1916 0.21667
1917 0.21417
1918 0.23167
1919 0.22988
1920 0.23405
1921 0.23238
1922 0.24488
1923 0.24488
1924 0.23833
1925 0.23729
1926 0.23536
1927 0.24095
1928 0.24036
1929 0.23545
1930 0.2417
1931 0.23336
1932 0.23045
1933 0.22628
1934 0.22562
1935 0.22914
1936 0.22747
1937 0.22717
1938 0.22777
1939 0.23208
1940 0.23208
1941 0.22911
1942 0.24542
1943 0.23923
1944 0.24756
1945 0.23863
1946 0.24042
1947 0.23833
1948 0.23333
1949 0.23333
1950 0.24405
1951 0.24405
1952 0.24238
1953 0.24845
1954 0.22896
1955 0.22063
1956 0.22583
1957 0.22833
1958 0.22881
1959 0.21152
1960 0.20127
1961 0.20835
1962 0.21101
1963 0.21101
1964 0.21057
1965 0.21057
1966 0.23223
1967 0.22973
1968 0.22973
1969 0.23259
1970 0.23476
1971 0.20726
1972 0.21018
1973 0.22268
1974 0.22893
1975 0.21655
1976 0.21536
1977 0.22134
1978 0.21447
1979 0.21194
1980 0.21312
1981 0.20438
1982 0.20438
1983 0.20021
1984 0.19917
1985 0.19417
1986 0.195
1987 0.1944
1988 0.19857
1989 0.20899
1990 0.20982
1991 0.21329
1992 0.21655
1993 0.21714
1994 0.21714
1995 0.21173
1996 0.21423
1997 0.22339
1998 0.20214
1999 0.19347
2000 0.20048
2001 0.19395
2002 0.18113
2003 0.17399
2004 0.1728
2005 0.17652
2006 0.17652
2007 0.17571
2008 0.17339
2009 0.17214
2010 0.17423
2011 0.18131
2012 0.18131
2013 0.18131
2014 0.17131
2015 0.17631
2016 0.165
2017 0.165
2018 0.16917
2019 0.1775
2020 0.18417
2021 0.1925
2022 0.18417
2023 0.175
2024 0.17583
2025 0.16333
2026 0.1625
2027 0.17024
2028 0.17417
2029 0.175
2030 0.1714
2031 0.17259
2032 0.17327
2033 0.17222
2034 0.17222
2035 0.20904
2036 0.18889
2037 0.18889
2038 0.18821
2039 0.18889
2040 0.18889
2041 0.20139
2042 0.2
2043 0.2
2044 0.20833
2045 0.21098
2046 0.19015
2047 0.1839
2048 0.18262
2049 0.18345
2050 0.18573
2051 0.18811
2052 0.18
2053 0.17958
2054 0.18167
2055 0.1825
2056 0.19458
2057 0.19458
2058 0.21125
2059 0.21188
2060 0.21354
2061 0.21354
2062 0.21458
2063 0.22042
2064 0.2169
2065 0.18899
2066 0.19256
2067 0.19964
2068 0.20339
2069 0.20196
2070 0.19238
2071 0.2019
2072 0.20107
2073 0.20649
2074 0.20607
2075 0.19899
2076 0.20113
2077 0.19982
2078 0.19938
2079 0.2028
2080 0.20363
2081 0.2078
2082 0.20655
2083 0.20863
2084 0.20649
2085 0.2269
2086 0.22653
2087 0.22738
2088 0.22176
2089 0.22884
2090 0.22991
2091 0.23491
2092 0.23003
2093 0.23312
2094 0.23729
2095 0.23694
2096 0.23694
2097 0.24024
2098 0.23607
2099 0.24107
2100 0.23774
2101 0.24607
2102 0.2394
2103 0.23917
2104 0.23917
2105 0.24042
2106 0.2375
2107 0.23958
2108 0.23333
2109 0.23417
2110 0.23292
2111 0.23417
2112 0.23125
2113 0.22583
2114 0.22375
2115 0.22375
2116 0.21958
2117 0.22167
2118 0.25333
2119 0.25125
2120 0.25125
2121 0.25625
2122 0.25125
2123 0.25125
2124 0.23792
2125 0.24125
2126 0.24125
2127 0.24375
2128 0.24708
2129 0.26554
2130 0.26125
2131 0.26125
2132 0.23042
2133 0.23042
2134 0.23667
2135 0.23667
2136 0.23845
2137 0.22595
2138 0.23845
2139 0.2225
2140 0.22417
2141 0.22417
2142 0.22417
2143 0.21893
2144 0.2106
2145 0.21643
2146 0.2106
2147 0.2119
2148 0.21899
2149 0.22601
2150 0.21976
2151 0.2269
2152 0.22899
2153 0.23024
2154 0.22798
2155 0.22312
2156 0.22266
2157 0.21849
2158 0.21585
2159 0.21113
2160 0.20917
2161 0.19924
2162 0.20093
2163 0.19613
2164 0.19627
2165 0.18933
2166 0.18877
2167 0.18877
2168 0.1721
2169 0.17544
2170 0.17722
2171 0.17806
2172 0.17535
2173 0.15035
2174 0.15063
2175 0.15167
2176 0.14625
2177 0.14125
2178 0.14125
2179 0.14125
2180 0.13958
2181 0.13625
2182 0.13938
2183 0.13938
2184 0.14357
2185 0.15
2186 0.16042
2187 0.16042
2188 0.1625
2189 0.16333
2190 0.16125
2191 0.17792
2192 0.17792
2193 0.17708
2194 0.17667
2195 0.17667
2196 0.17667
2197 0.17792
2198 0.17792
2199 0.17792
2200 0.17292
2201 0.17292
2202 0.17292
2203 0.17292
2204 0.175
2205 0.17917
2206 0.17917
2207 0.16667
2208 0.16667
2209 0.16
2210 0.16833
2211 0.16833
2212 0.16667
2213 0.16667
2214 0.16667
2215 0.17083
2216 0.14583
2217 0.15
2218 0.155
2219 0.1675
2220 0.155
2221 0.155
2222 0.155
2223 0.155
2224 0.155
2225 0.15917
2226 0.16125
2227 0.1675
2228 0.1675
2229 0.1675
2230 0.16125
2231 0.16125
2232 0.16333
2233 0.17792
2234 0.18
2235 0.17292
2236 0.17292
2237 0.175
2238 0.175
2239 0.17083
2240 0.16958
2241 0.17167
2242 0.16333
2243 0.16333
2244 0.16458
2245 0.16458
2246 0.16458
2247 0.15208
2248 0.15208
2249 0.15417
2250 0.14583
2251 0.14583
2252 0.1375
2253 0.14167
2254 0.14167
2255 0.14167
2256 0.14167
2257 0.14167
2258 0.14167
2259 0.14375
2260 0.14375
2261 0.14375
2262 0.14375
2263 0.15
2264 0.15
2265 0.14833
2266 0.15625
2267 0.15625
2268 0.15625
2269 0.15875
2270 0.15875
2271 0.1575
2272 0.16292
2273 0.16292
2274 0.16292
2275 0.16292
2276 0.16292
2277 0.16292
2278 0.18583
2279 0.18583
2280 0.18958
2281 0.18958
2282 0.18958
2283 0.18958
2284 0.17708
2285 0.18208
2286 0.18208
2287 0.18833
2288 0.1875
2289 0.19375
2290 0.19375
2291 0.17708
2292 0.17708
2293 0.17708
2294 0.16458
2295 0.16583
2296 0.16667
2297 0.16667
2298 0.16771
2299 0.16771
2300 0.16667
2301 0.16771
2302 0.16905
2303 0.14405
2304 0.14405
2305 0.14821
2306 0.14821
2307 0.14821
2308 0.15321
2309 0.16571
2310 0.14405
2311 0.14571
2312 0.1475
2313 0.15
2314 0.15833
2315 0.15833
2316 0.15583
2317 0.15583
2318 0.15583
2319 0.1725
2320 0.17083
2321 0.16875
2322 0.17292
2323 0.17708
2324 0.175
2325 0.17256
2326 0.17256
2327 0.17256
2328 0.17375
2329 0.17375
2330 0.18
2331 0.18
2332 0.18542
2333 0.18125
2334 0.18125
2335 0.17208
2336 0.18125
2337 0.18125
2338 0.18229
2339 0.17708
2340 0.17708
2341 0.18104
2342 0.18104
2343 0.18104
2344 0.17063
2345 0.17063
2346 0.17896
2347 0.16979
2348 0.16979
2349 0.16979
2350 0.16771
2351 0.16438
2352 0.16482
2353 0.1669
2354 0.1669
2355 0.1619
2356 0.16375
2357 0.16958
2358 0.16958
2359 0.17515
2360 0.17848
2361 0.18265
2362 0.19958
2363 0.20042
2364 0.19208
2365 0.18583
2366 0.16083
2367 0.16083
2368 0.16125
2369 0.16333
2370 0.17083
2371 0.17188
2372 0.17188
2373 0.17188
2374 0.15937
2375 0.16488
2376 0.17738
2377 0.19792
2378 0.19792
2379 0.20417
2380 0.2003
2381 0.19583
2382 0.19583
2383 0.185
2384 0.18083
2385 0.18083
2386 0.18083
2387 0.1725
2388 0.1725
2389 0.17417
2390 0.18875
2391 0.18875
2392 0.20125
2393 0.20125
2394 0.1975
2395 0.1975
2396 0.19167
2397 0.19048
2398 0.20179
2399 0.20179
2400 0.19702
2401 0.19702
2402 0.19815
2403 0.2003
2404 0.20446
2405 0.21321
2406 0.21488
2407 0.22613
2408 0.22792
2409 0.22792
2410 0.21542
2411 0.2247
2412 0.21786
2413 0.20952
2414 0.2125
2415 0.20967
2416 0.20967
2417 0.19301
2418 0.19405
2419 0.19583
2420 0.19375
2421 0.19208
2422 0.19649
2423 0.19357
2424 0.19357
2425 0.19357
2426 0.19357
2427 0.19565
2428 0.18958
2429 0.18958
2430 0.19542
2431 0.18917
2432 0.19333
2433 0.19333
2434 0.18958
2435 0.1925
2436 0.20417
2437 0.20417
2438 0.20417
2439 0.20833
2440 0.20833
2441 0.20833
2442 0.1875
2443 0.2125
2444 0.2125
2445 0.22917
2446 0.20833
2447 0.20625
2448 0.205
2449 0.205
2450 0.20917
2451 0.23417
2452 0.23417
2453 0.23333
2454 0.23571
2455 0.21607
2456 0.22857
2457 0.22917
2458 0.21667
2459 0.21548
2460 0.21042
2461 0.20167
2462 0.20167
2463 0.20208
2464 0.2
2465 0.19583
2466 0.2
2467 0.19583
2468 0.1875
2469 0.18708
2470 0.15815
2471 0.16774
2472 0.1675
2473 0.16833
2474 0.16833
2475 0.16292
2476 0.15667
2477 0.15667
2478 0.16208
2479 0.15583
2480 0.14333
2481 0.15083
2482 0.15417
2483 0.15417
2484 0.15417
2485 0.15
2486 0.15
2487 0.15208
2488 0.16042
2489 0.16042
2490 0.17708
2491 0.17083
2492 0.17083
2493 0.17083
2494 0.17083
2495 0.17083
2496 0.1625
2497 0.1625
2498 0.1625
2499 0.1625
2500 0.16667
2501 0.16667
2502 0.16667
2503 0.14167
2504 0.14167
2505 0.14167
2506 0.14167
2507 0.15
2508 0.15208
2509 0.15833
2510 0.15833
2511 0.1625
2512 0.17333
2513 0.17083
2514 0.17083
2515 0.17708
2516 0.17708
2517 0.17708
2518 0.17708
2519 0.17708
2520 0.17708
2521 0.18125
2522 0.18333
2523 0.18333
2524 0.2
2525 0.21333
2526 0.21458
2527 0.23958
2528 0.23958
2529 0.23958
2530 0.26667
2531 0.26458
2532 0.23833
2533 0.24042
2534 0.24042
2535 0.24292
2536 0.24083
2537 0.25125
2538 0.25958
2539 0.25542
2540 0.25542
2541 0.25458
2542 0.25833
2543 0.24667
2544 0.24667
2545 0.24583
2546 0.20083
2547 0.19708
2548 0.19708
2549 0.20333
2550 0.18375
2551 0.1825
2552 0.17583
2553 0.17583
2554 0.18208
2555 0.16875
2556 0.17292
2557 0.18542
2558 0.23542
2559 0.23542
2560 0.21042
2561 0.20857
2562 0.2
2563 0.2
2564 0.19167
2565 0.19167
2566 0.19167
2567 0.19167
2568 0.185
2569 0.185
2570 0.1725
2571 0.17875
2572 0.18083
2573 0.19333
2574 0.19333
2575 0.19333
2576 0.19167
2577 0.18798
2578 0.18798
2579 0.19256
2580 0.19881
2581 0.19464
2582 0.19464
2583 0.19167
2584 0.19167
2585 0.18833
2586 0.18625
2587 0.18833
2588 0.18833
2589 0.18833
2590 0.18833
2591 0.18833
2592 0.18833
2593 0.16333
2594 0.16333
2595 0.16625
2596 0.16333
2597 0.16333
2598 0.16958
2599 0.17375
2600 0.16
2601 0.185
2602 0.21
2603 0.20917
2604 0.19792
2605 0.18417
2606 0.18417
2607 0.18417
2608 0.15917
2609 0.1675
2610 0.16833
2611 0.16833
2612 0.16833
2613 0.17667
2614 0.17375
2615 0.17583
2616 0.1775
2617 0.1825
2618 0.18667
2619 0.19083
2620 0.18083
2621 0.18083
2622 0.18333
2623 0.175
2624 0.175
2625 0.18214
2626 0.17381
2627 0.16131
2628 0.16964
2629 0.16964
2630 0.1625
2631 0.1625
2632 0.1625
2633 0.16488
2634 0.165
2635 0.165
2636 0.1625
2637 0.1625
2638 0.16458
2639 0.16458
2640 0.18958
2641 0.19583
2642 0.19286
2643 0.19286
2644 0.19063
2645 0.18646
2646 0.18646
2647 0.18467
2648 0.18869
2649 0.18869
2650 0.19
2651 0.19
2652 0.19333
2653 0.185
2654 0.18917
2655 0.18917
2656 0.18917
2657 0.19833
2658 0.19583
2659 0.19167
2660 0.19167
2661 0.19167
2662 0.17917
2663 0.17083
2664 0.175
2665 0.16875
2666 0.15625
2667 0.14375
2668 0.13958
2669 0.16667
2670 0.15833
2671 0.14583
2672 0.14583
2673 0.14583
2674 0.14583
2675 0.13833
2676 0.15292
2677 0.17792
2678 0.17857
2679 0.17917
2680 0.205
2681 0.205
2682 0.19458
2683 0.19458
2684 0.19625
2685 0.205
2686 0.20833
2687 0.20833
2688 0.2125
2689 0.20917
2690 0.2175
2691 0.2425
2692 0.24375
2693 0.24613
2694 0.24375
2695 0.24375
2696 0.24333
2697 0.24333
2698 0.24042
2699 0.24042
2700 0.25583
2701 0.23958
2702 0.22292
2703 0.22708
2704 0.22708
2705 0.22375
2706 0.22375
2707 0.21667
2708 0.21542
2709 0.21667
2710 0.20833
2711 0.20208
2712 0.20417
2713 0.20833
2714 0.22917
2715 0.20417
2716 0.17917
2717 0.18
2718 0.17708
2719 0.17708
2720 0.17708
2721 0.17917
2722 0.17917
2723 0.1875
2724 0.18958
2725 0.19375
2726 0.2
2727 0.20208
2728 0.2
2729 0.2
2730 0.19375
2731 0.19042
2732 0.19042
2733 0.19167
2734 0.19583
2735 0.19583
2736 0.19583
2737 0.19315
2738 0.15521
2739 0.14813
2740 0.15
2741 0.15
2742 0.14955
2743 0.14896
2744 0.14896
2745 0.14896
2746 0.14896
2747 0.14896
2748 0.14896
2749 0.14688
2750 0.14732
2751 0.14375
2752 0.14
2753 0.1775
2754 0.18167
2755 0.18167
2756 0.18542
2757 0.21458
2758 0.22708
2759 0.24333
2760 0.24583
2761 0.24583
2762 0.27708
2763 0.28542
2764 0.28542
2765 0.26667
2766 0.26667
2767 0.26875
2768 0.27125
2769 0.26708
2770 0.27333
2771 0.27333
2772 0.27708
2773 0.27708
2774 0.27708
2775 0.27917
2776 0.26875
2777 0.26875
2778 0.23542
2779 0.23125
2780 0.23125
2781 0.23125
2782 0.23333
2783 0.23333
2784 0.20625
2785 0.20625
2786 0.18304
2787 0.16012
2788 0.16369
2789 0.15952
2790 0.17827
2791 0.17827
2792 0.17649
2793 0.17899
2794 0.19042
2795 0.18542
2796 0.18542
2797 0.18208
2798 0.17792
2799 0.16958
2800 0.16958
2801 0.19458
2802 0.19458
2803 0.20208
2804 0.2
2805 0.2
2806 0.20375
2807 0.22875
2808 0.23083
2809 0.22458
2810 0.22458
2811 0.22958
2812 0.22958
2813 0.21708
2814 0.21333
2815 0.19833
2816 0.20417
2817 0.2125
2818 0.225
2819 0.19333
2820 0.19333
2821 0.19167
2822 0.19167
2823 0.19333
2824 0.18958
2825 0.19167
2826 0.16667
2827 0.16667
2828 0.16458
2829 0.16625
2830 0.16625
2831 0.1625
2832 0.15417
2833 0.15417
2834 0.16042
2835 0.16042
2836 0.15417
2837 0.15792
2838 0.15792
2839 0.16
2840 0.16
2841 0.15625
2842 0.15625
2843 0.15625
2844 0.15833
2845 0.15833
2846 0.16667
2847 0.16667
2848 0.16333
2849 0.1675
2850 0.1675
2851 0.1675
2852 0.16458
2853 0.16667
2854 0.16667
2855 0.16667
2856 0.17917
2857 0.15417
2858 0.15417
2859 0.14405
2860 0.14583
2861 0.14583
2862 0.1375
2863 0.1375
2864 0.1375
2865 0.1375
2866 0.1375
2867 0.1375
2868 0.1375
2869 0.1375
2870 0.1375
2871 0.1375
2872 0.14375
2873 0.14375
2874 0.14375
2875 0.14375
2876 0.14375
2877 0.15833
2878 0.15833
2879 0.16458
2880 0.19583
2881 0.18542
2882 0.18542
2883 0.19583
2884 0.19583
2885 0.19583
2886 0.21208
2887 0.21208
2888 0.21208
2889 0.21458
2890 0.21458
2891 0.21875
2892 0.22708
2893 0.22708
2894 0.22708
2895 0.23125
2896 0.22667
2897 0.20167
2898 0.20167
2899 0.20167
2900 0.20583
2901 0.2225
2902 0.22917
2903 0.2375
2904 0.2375
2905 0.22708
2906 0.21458
2907 0.21458
2908 0.21667
2909 0.24167
2910 0.24167
2911 0.23333
2912 0.22833
2913 0.22833
2914 0.2325
2915 0.22833
2916 0.22833
2917 0.22833
2918 0.22833
2919 0.22833
2920 0.22833
2921 0.23667
2922 0.22917
2923 0.22917
2924 0.22917
2925 0.20417
2926 0.21679
2927 0.21679
2928 0.21083
2929 0.21083
2930 0.20875
2931 0.2025
2932 0.2025
2933 0.19625
2934 0.19625
2935 0.19625
2936 0.22125
2937 0.22708
2938 0.22708
2939 0.22333
2940 0.215
2941 0.215
2942 0.215
2943 0.215
2944 0.2025
2945 0.2025
2946 0.2025
2947 0.2025
2948 0.20417
2949 0.20417
2950 0.20417
2951 0.19583
2952 0.19583
2953 0.19583
2954 0.16667
2955 0.16667
2956 0.16667
2957 0.16458
2958 0.1625
2959 0.1375
2960 0.14375
2961 0.1375
2962 0.13625
2963 0.13625
2964 0.16333
2965 0.16333
2966 0.16333
2967 0.1675
2968 0.1675
2969 0.17917
2970 0.17917
2971 0.17917
2972 0.17917
2973 0.17857
2974 0.17857
2975 0.17857
2976 0.17857
2977 0.17857
2978 0.17857
2979 0.17857
2980 0.17857
2981 0.20357
2982 0.20417
2983 0.20625
2984 0.20625
2985 0.1875
2986 0.19583
2987 0.19375
2988 0.19375
2989 0.19375
2990 0.2
2991 0.2
2992 0.2
2993 0.19583
2994 0.1875
2995 0.1875
2996 0.1875
2997 0.18333
2998 0.18333
2999 0.18333
3000 0.17083
3001 0.17083
3002 0.17083
3003 0.17083
3004 0.17083
3005 0.17083
3006 0.17083
3007 0.15833
3008 0.15833
3009 0.15833
3010 0.15833
3011 0.15
3012 0.15
3013 0.15
3014 0.15
3015 0.15
3016 0.15
3017 0.15
3018 0.15
3019 0.15
3020 0.15
3021 0.15
3022 0.15
3023 0.15
3024 0.15
3025 0.14167
3026 0.13333
3027 0.13333
3028 0.13333
3029 0.13333
3030 0.13333
3031 0.13333
3032 0.13333
3033 0.13333
3034 0.13333
3035 0.13958
3036 0.13125
3037 0.13125
3038 0.13125
3039 0.13125
3040 0.13125
3041 0.13125
3042 0.1375
3043 0.1375
3044 0.13958
3045 0.13958
3046 0.14458
3047 0.14875
3048 0.14875
3049 0.14875
3050 0.14875
3051 0.14875
3052 0.15
3053 0.1625
3054 0.1625
3055 0.1625
3056 0.16458
3057 0.16667
3058 0.16667
3059 0.16667
3060 0.14167
3061 0.14167
3062 0.14167
3063 0.15208
3064 0.16875
3065 0.16875
3066 0.16875
3067 0.14375
3068 0.16875
3069 0.16875
3070 0.2
3071 0.1875
3072 0.1875
3073 0.1875
3074 0.1875
3075 0.2
3076 0.2
3077 0.2
3078 0.2
3079 0.2
3080 0.2
3081 0.2
3082 0.22083
3083 0.21875
3084 0.22083
3085 0.21875
3086 0.21875
3087 0.21875
3088 0.2125
3089 0.2125
3090 0.2125
3091 0.2125
3092 0.2125
3093 0.1875
3094 0.1875
3095 0.1625
3096 0.1625
3097 0.1625
3098 0.1625
3099 0.175
3100 0.15
3101 0.15
3102 0.15
3103 0.15
3104 0.15
3105 0.15
3106 0.15
3107 0.15
3108 0.15
3109 0.15
3110 0.15
3111 0.175
3112 0.175
3113 0.175
3114 0.175
3115 0.175
3116 0.175
3117 0.175
3118 0.175
3119 0.175
3120 0.2
3121 0.2125
3122 0.2125
3123 0.2125
3124 0.2125
3125 0.2125
3126 0.225
3127 0.225
3128 0.2375
3129 0.24583
3130 0.24583
3131 0.24583
3132 0.24583
3133 0.24583
3134 0.25
3135 0.25
3136 0.2625
3137 0.2625
3138 0.25
3139 0.2625
3140 0.26
3141 0.235
3142 0.235
3143 0.23214
3144 0.22798
3145 0.18214
3146 0.16964
3147 0.16964
3148 0.16875
3149 0.17083
3150 0.17083
3151 0.15833
3152 0.15833
3153 0.15833
3154 0.155
3155 0.155
3156 0.155
3157 0.16333
3158 0.16333
3159 0.15833
3160 0.15833
3161 0.13333
3162 0.1375
3163 0.15625
3164 0.15208
3165 0.15208
3166 0.15208
3167 0.15208
3168 0.15208
3169 0.15208
3170 0.16042
3171 0.16042
3172 0.16042
3173 0.16042
3174 0.16042
3175 0.16042
3176 0.15833
3177 0.16042
3178 0.16042
3179 0.19167
3180 0.19167
3181 0.19167
3182 0.18333
3183 0.18333
3184 0.18333
3185 0.1875
3186 0.1875
3187 0.1875
3188 0.1625
3189 0.1625
3190 0.1625
3191 0.175
3192 0.175
3193 0.175
3194 0.175
3195 0.15
3196 0.15
3197 0.175
3198 0.175
3199 0.175
3200 0.175
3201 0.175
3202 0.175
3203 0.175
3204 0.175
3205 0.175
3206 0.175
3207 0.175
3208 0.175
3209 0.1625
3210 0.1625
3211 0.1625
3212 0.16667
3213 0.16667
3214 0.16667
3215 0.16667
3216 0.16667
3217 0.16667
3218 0.16667
3219 0.16667
3220 0.16667
3221 0.16667
3222 0.14167
3223 0.14167
3224 0.14167
3225 0.14167
3226 0.14167
3227 0.14167
3228 0.14167
3229 0.15417
3230 0.15
3231 0.15
3232 0.15
3233 0.15417
3234 0.1625
3235 0.1625
3236 0.1625
3237 0.1625
3238 0.17083
3239 0.17083
3240 0.17083
3241 0.17083
3242 0.17083
3243 0.16458
3244 0.16458
3245 0.16458
3246 0.16458
3247 0.16458
3248 0.16458
3249 0.16458
3250 0.16667
3251 0.16667
3252 0.16667
3253 0.16667
3254 0.175
3255 0.1625
3256 0.1625
3257 0.1625
3258 0.15
3259 0.15
3260 0.15
3261 0.15
3262 0.15
3263 0.1375
3264 0.1375
3265 0.1375
3266 0.1375
3267 0.1375
3268 0.1375
3269 0.1375
3270 0.165
3271 0.175
3272 0.17917
3273 0.17917
3274 0.17917
3275 0.17917
3276 0.17917
3277 0.17917
3278 0.1875
3279 0.1875
3280 0.2
3281 0.2
3282 0.2
3283 0.2
3284 0.2
3285 0.2
3286 0.2
3287 0.2
3288 0.175
3289 0.175
3290 0.1875
3291 0.1875
3292 0.1875
3293 0.1875
3294 0.1875
3295 0.1875
3296 0.2
3297 0.175
3298 0.175
3299 0.17917
3300 0.17917
3301 0.17917
3302 0.19167
3303 0.2
3304 0.175
3305 0.175
3306 0.175
3307 0.1875
3308 0.18333
3309 0.18333
3310 0.18333
3311 0.18333
3312 0.18333
3313 0.18333
3314 0.18125
3315 0.15625
3316 0.15625
3317 0.15625
3318 0.15625
3319 0.15625
3320 0.15833
3321 0.15833
3322 0.15833
3323 0.15833
3324 0.13125
3325 0.13125
3326 0.13125
3327 0.13125
3328 0.13125
3329 0.13125
3330 0.13125
3331 0.13125
3332 0.125
3333 0.125
3334 0.125
3335 0.125
3336 0.1375
3337 0.14107
3338 0.14607
3339 0.14667
3340 0.14667
3341 0.14667
3342 0.16042
3343 0.16042
3344 0.16042
3345 0.16042
3346 0.16042
3347 0.15982
3348 0.15982
3349 0.16042
3350 0.17542
3351 0.17292
3352 0.17292
3353 0.175
3354 0.175
3355 0.19792
3356 0.19792
3357 0.19792
3358 0.19613
3359 0.1875
3360 0.18958
3361 0.19375
3362 0.205
3363 0.1925
3364 0.1925
3365 0.19167
3366 0.19167
3367 0.19167
3368 0.19167
3369 0.19167
3370 0.19167
3371 0.19167
3372 0.19167
3373 0.19167
3374 0.19167
3375 0.17917
3376 0.17917
3377 0.17917
3378 0.17917
3379 0.17917
3380 0.17917
3381 0.17917
3382 0.1875
3383 0.1875
3384 0.18833
3385 0.19167
3386 0.18333
3387 0.18333
3388 0.1875
3389 0.2
3390 0.175
3391 0.175
3392 0.2
3393 0.1875
3394 0.18333
3395 0.18333
3396 0.18333
3397 0.18333
3398 0.18333
3399 0.18333
3400 0.18333
3401 0.18333
3402 0.18333
3403 0.18333
3404 0.17083
3405 0.17083
3406 0.17083
3407 0.15833
3408 0.15833
3409 0.18333
3410 0.18125
3411 0.18333
3412 0.18333
3413 0.18333
3414 0.18333
3415 0.18333
3416 0.18333
3417 0.15833
3418 0.15
3419 0.15
3420 0.175
3421 0.175
3422 0.175
3423 0.175
3424 0.175
3425 0.175
3426 0.175
3427 0.175
3428 0.175
3429 0.175
3430 0.175
3431 0.175
3432 0.175
3433 0.175
3434 0.15
3435 0.15
3436 0.15
3437 0.15
3438 0.15
3439 0.15
3440 0.15
3441 0.15
3442 0.15
3443 0.15
3444 0.15
3445 0.125
3446 0.125
3447 0.125
3448 0.125
3449 0.125
3450 0.125
3451 0.125
3452 0.125
3453 0.125
3454 0.125
3455 0.125
3456 0.15
3457 0.15
3458 0.15
3459 0.1375
3460 0.1375
3461 0.1375
3462 0.1375
3463 0.1625
3464 0.17083
3465 0.16458
3466 0.18958
3467 0.18958
3468 0.18958
3469 0.18958
3470 0.18958
3471 0.18958
3472 0.18958
3473 0.18958
3474 0.18958
3475 0.18958
3476 0.19375
3477 0.19375
3478 0.19375
3479 0.19375
3480 0.19375
3481 0.1875
3482 0.1875
3483 0.1875
3484 0.1875
3485 0.19583
3486 0.2
3487 0.2
3488 0.175
3489 0.17083
3490 0.17083
3491 0.14583
3492 0.14583
3493 0.14583
3494 0.1625
3495 0.1625
3496 0.1625
3497 0.1625
3498 0.1625
3499 0.1625
3500 0.16667
3501 0.16667
3502 0.16667
3503 0.17917
3504 0.17917
3505 0.17917
3506 0.19167
3507 0.19167
3508 0.16667
3509 0.16667
3510 0.14167
3511 0.14167
3512 0.14167
3513 0.15
3514 0.15
3515 0.175
3516 0.175
3517 0.175
3518 0.175
3519 0.175
3520 0.18125
3521 0.18125
3522 0.18125
3523 0.18125
3524 0.18125
3525 0.15625
3526 0.15625
3527 0.18125
3528 0.18125
3529 0.18
3530 0.18
3531 0.18
3532 0.18
3533 0.18
3534 0.18
3535 0.18
3536 0.18333
3537 0.18333
3538 0.18333
3539 0.18333
3540 0.15833
3541 0.15833
3542 0.1625
3543 0.1625
3544 0.1875
3545 0.175
3546 0.175
3547 0.2
3548 0.2
3549 0.225
3550 0.225
3551 0.225
3552 0.1875
3553 0.1875
3554 0.1875
3555 0.1875
3556 0.1875
3557 0.1875
3558 0.1875
3559 0.1875
3560 0.1875
3561 0.1875
3562 0.1875
3563 0.1875
3564 0.1875
3565 0.1875
3566 0.1875
3567 0.1875
3568 0.1875
3569 0.1875
3570 0.18333
3571 0.18333
3572 0.18333
3573 0.18333
3574 0.175
3575 0.175
3576 0.175
3577 0.175
3578 0.175
3579 0.175
3580 0.175
3581 0.175
3582 0.175
3583 0.175
3584 0.175
3585 0.175
3586 0.175
3587 0.175
3588 0.175
3589 0.175
3590 0.18125
3591 0.18125
3592 0.18125
3593 0.18
3594 0.18
3595 0.19375
3596 0.19792
3597 0.19792
3598 0.19792
3599 0.17167
3600 0.15917
3601 0.15917
3602 0.15917
3603 0.155
3604 0.16458
3605 0.16458
3606 0.16458
3607 0.16458
3608 0.16667
3609 0.16667
3610 0.15833
3611 0.15833
3612 0.15833
3613 0.1625
3614 0.1625
3615 0.15833
3616 0.15833
3617 0.15833
3618 0.15833
3619 0.15833
3620 0.15833
3621 0.155
3622 0.155
3623 0.155
3624 0.15625
3625 0.15625
3626 0.16458
3627 0.16458
3628 0.1625
3629 0.1625
3630 0.16458
3631 0.16458
3632 0.16458
3633 0.16458
3634 0.16458
3635 0.21458
3636 0.21833
3637 0.21833
3638 0.21458
3639 0.23958
3640 0.21458
3641 0.21458
3642 0.21458
3643 0.21667
3644 0.21667
3645 0.21667
3646 0.23333
3647 0.23333
3648 0.23333
3649 0.23333
3650 0.23333
3651 0.225
3652 0.225
3653 0.225
3654 0.225
3655 0.225
3656 0.225
3657 0.225
3658 0.225
3659 0.225
3660 0.175
3661 0.15
3662 0.15
3663 0.15
3664 0.125
3665 0.125
3666 0.125
3667 0.125
3668 0.1375
3669 0.1375
3670 0.1375
3671 0.15
3672 0.15
3673 0.175
3674 0.175
3675 0.175
3676 0.175
3677 0.175
3678 0.175
3679 0.175
3680 0.175
3681 0.175
3682 0.18125
3683 0.19375
3684 0.19583
3685 0.19583
3686 0.2
3687 0.2
3688 0.2
3689 0.2
3690 0.19167
3691 0.2
3692 0.2
3693 0.175
3694 0.175
3695 0.175
3696 0.175
3697 0.175
3698 0.17083
3699 0.17083
3700 0.175
3701 0.175
3702 0.175
3703 0.175
3704 0.175
3705 0.175
3706 0.175
3707 0.1625
3708 0.1375
3709 0.1375
3710 0.125
3711 0.125
3712 0.125
3713 0.125
3714 0.125
3715 0.125
3716 0.125
3717 0.125
3718 0.125
3719 0.125
3720 0.125
3721 0.125
3722 0.125
3723 0.125
3724 0.125
3725 0.125
3726 0.125
3727 0.125
3728 0.125
3729 0.125
3730 0.125
3731 0.125
3732 0.125
3733 0.125
3734 0.125
3735 0.125
3736 0.125
3737 0.125
3738 0.125
3739 0.125
3740 0.125
3741 0.125
3742 0.125
3743 0.125
3744 0.125
3745 0.125
3746 0.125
3747 0.125
3748 0.125
3749 0.125
3750 0.125
3751 0.125
3752 0.125
3753 0.125
3754 0.125
3755 0.125
3756 0.125
3757 0.125
3758 0.125
3759 0.125
3760 0.125
3761 0.125
3762 0.125
3763 0.125
3764 0.125
3765 0.125
3766 0.125
3767 0.125
3768 0.125
3769 0.125
3770 0.125
3771 0.125
3772 0.125
3773 0.13333
3774 0.1375
3775 0.1375
3776 0.1375
3777 0.1375
3778 0.1375
3779 0.1375
3780 0.1375
3781 0.1375
3782 0.1375
3783 0.1375
3784 0.1375
3785 0.1375
3786 0.1375
3787 0.1375
3788 0.1375
3789 0.14375
3790 0.14375
3791 0.16875
3792 0.16875
3793 0.16875
3794 0.16875
3795 0.16875
3796 0.16875
3797 0.16875
3798 0.15625
3799 0.15625
3800 0.155
3801 0.155
3802 0.155
3803 0.155
3804 0.155
3805 0.18125
3806 0.18125
3807 0.18125
3808 0.18125
3809 0.18125
3810 0.18125
3811 0.18333
3812 0.18333
3813 0.1875
3814 0.175
3815 0.175
3816 0.15
3817 0.15
3818 0.15
3819 0.15
3820 0.15
3821 0.15
3822 0.15
3823 0.175
3824 0.175
3825 0.175
3826 0.175
3827 0.175
3828 0.175
3829 0.175
3830 0.15
3831 0.15
3832 0.15
3833 0.15
3834 0.15
3835 0.15
3836 0.15
3837 0.15
3838 0.15
3839 0.15
3840 0.15
3841 0.15
3842 0.15
3843 0.15
3844 0.15
3845 0.15
3846 0.15
3847 0.15
3848 0.125
3849 0.125
3850 0.125
3851 0.125
3852 0.125
3853 0.125
3854 0.125
3855 0.125
3856 0.1375
3857 0.1375
3858 0.1375
3859 0.14583
3860 0.14583
3861 0.14583
3862 0.14583
3863 0.14583
3864 0.14583
3865 0.1625
3866 0.1625
3867 0.1625
3868 0.2
3869 0.2
3870 0.2
3871 0.21042
3872 0.2125
3873 0.20833
3874 0.20833
3875 0.20833
3876 0.20833
3877 0.21083
3878 0.21083
3879 0.2275
3880 0.2275
3881 0.21083
3882 0.215
3883 0.215
3884 0.20625
3885 0.20625
3886 0.20625
3887 0.19375
3888 0.19375
3889 0.19375
3890 0.20417
3891 0.20417
3892 0.20417
3893 0.16667
3894 0.16667
3895 0.16667
3896 0.15
3897 0.15
3898 0.1625
3899 0.1625
3900 0.1625
3901 0.1625
3902 0.1375
3903 0.1375
3904 0.1375
3905 0.1375
3906 0.125
3907 0.125
3908 0.125
3909 0.125
3910 0.125
3911 0.125
3912 0.125
3913 0.125
3914 0.125
3915 0.125
3916 0.125
3917 0.125
3918 0.125
3919 0.125
3920 0.125
3921 0.125
3922 0.125
3923 0.125
3924 0.125
3925 0.125
3926 0.1625
3927 0.1625
3928 0.1625
3929 0.1625
3930 0.1625
3931 0.1625
3932 0.16667
3933 0.16667
3934 0.16667
3935 0.16667
3936 0.17917
3937 0.17917
3938 0.1875
3939 0.1875
3940 0.1875
3941 0.1875
3942 0.1875
3943 0.1875
3944 0.1875
3945 0.1875
3946 0.1875
3947 0.1875
3948 0.2125
3949 0.2125
3950 0.2125
3951 0.2125
3952 0.2125
3953 0.2125
3954 0.2
3955 0.2
3956 0.2
3957 0.175
3958 0.175
3959 0.175
3960 0.175
3961 0.1625
3962 0.1625
3963 0.1625
3964 0.1625
3965 0.1625
3966 0.1625
3967 0.15833
3968 0.15833
3969 0.15833
3970 0.15833
3971 0.15833
3972 0.1625
3973 0.1375
3974 0.1375
3975 0.1375
3976 0.125
3977 0.125
3978 0.125
3979 0.125
3980 0.125
3981 0.125
3982 0.125
3983 0.125
3984 0.125
3985 0.125
3986 0.125
3987 0.125
3988 0.125
3989 0.125
3990 0.125
3991 0.125
3992 0.125
3993 0.125
3994 0.125
3995 0.125
3996 0.125
3997 0.125
3998 0.125
3999 0.125
4000 0.125
4001 0.125
4002 0.125
4003 0.125
4004 0.125
4005 0.125
4006 0.125
4007 0.125
4008 0.125
4009 0.125
4010 0.125
4011 0.125
4012 0.125
4013 0.15
4014 0.15
4015 0.15
4016 0.15
4017 0.15
4018 0.15
4019 0.15
4020 0.15
4021 0.1625
4022 0.1625
4023 0.1625
4024 0.1625
4025 0.1625
4026 0.1875
4027 0.1875
4028 0.1875
4029 0.1875
4030 0.1875
4031 0.1875
4032 0.1875
4033 0.1875
4034 0.1875
4035 0.1875
4036 0.1875
4037 0.1875
4038 0.15
4039 0.15
4040 0.15
4041 0.15
4042 0.15
4043 0.15
4044 0.15
4045 0.15
4046 0.15
4047 0.15
4048 0.15
4049 0.1375
4050 0.1375
4051 0.125
4052 0.125
4053 0.125
4054 0.125
4055 0.125
4056 0.125
4057 0.125
4058 0.125
4059 0.125
4060 0.125
4061 0.125
4062 0.125
4063 0.125
4064 0.1375
4065 0.1375
4066 0.15
4067 0.15
4068 0.15
4069 0.15
4070 0.15
4071 0.15
4072 0.15
4073 0.15
4074 0.15
4075 0.15625
4076 0.15625
4077 0.15625
4078 0.15625
4079 0.15625
4080 0.15625
4081 0.15833
4082 0.1625
4083 0.1625
4084 0.1625
4085 0.1625
4086 0.1625
4087 0.1625
4088 0.1625
4089 0.15
4090 0.15
4091 0.1625
4092 0.1875
4093 0.1875
4094 0.1875
4095 0.2
4096 0.2
4097 0.2
4098 0.2
4099 0.2
4100 0.175
4101 0.175
4102 0.175
4103 0.175
4104 0.175
4105 0.175
4106 0.175
4107 0.175
4108 0.175
4109 0.175
4110 0.175
4111 0.175
4112 0.175
4113 0.175
4114 0.175
4115 0.175
4116 0.175
4117 0.15
4118 0.15
4119 0.15
4120 0.15
4121 0.15
4122 0.15
4123 0.15
4124 0.15
4125 0.15
4126 0.15
4127 0.15
4128 0.15
4129 0.15
4130 0.15
4131 0.15
4132 0.15
4133 0.15833
4134 0.15833
4135 0.15833
4136 0.1375
4137 0.1375
4138 0.1625
4139 0.175
4140 0.175
4141 0.175
4142 0.175
4143 0.175
4144 0.175
4145 0.175
4146 0.175
4147 0.175
4148 0.175
4149 0.175
4150 0.175
4151 0.175
4152 0.175
4153 0.175
4154 0.175
4155 0.1625
4156 0.16667
4157 0.16667
4158 0.15833
4159 0.15833
4160 0.15833
4161 0.15833
4162 0.15833
4163 0.13333
4164 0.13333
4165 0.1375
4166 0.1375
4167 0.15
4168 0.1625
4169 0.1625
4170 0.1625
4171 0.1625
4172 0.1625
4173 0.1625
4174 0.1625
4175 0.1625
4176 0.1625
4177 0.1625
4178 0.1625
4179 0.1625
4180 0.1625
4181 0.1625
4182 0.1625
4183 0.1625
4184 0.175
4185 0.175
4186 0.175
4187 0.175
4188 0.175
4189 0.175
4190 0.175
4191 0.175
4192 0.175
4193 0.125
4194 0.125
4195 0.125
4196 0.125
4197 0.125
4198 0.125
4199 0.125
4200 0.125
4201 0.125
4202 0.125
4203 0.125
4204 0.125
4205 0.125
4206 0.125
4207 0.125
4208 0.125
4209 0.125
4210 0.125
4211 0.125
4212 0.125
4213 0.125
4214 0.125
4215 0.125
4216 0.125
4217 0.125
4218 0.125
4219 0.125
4220 0.125
4221 0.125
4222 0.125
4223 0.125
4224 0.125
4225 0.15
4226 0.15
4227 0.15
4228 0.15
4229 0.15
4230 0.15
4231 0.15
4232 0.15
4233 0.15
4234 0.15
4235 0.15
4236 0.15
4237 0.15
4238 0.15
4239 0.15
4240 0.15
4241 0.15
4242 0.15
4243 0.15
4244 0.15
4245 0.15
4246 0.15
4247 0.15
4248 0.15
4249 0.15
4250 0.125
4251 0.125
4252 0.125
4253 0.125
4254 0.125
4255 0.125
4256 0.125
4257 0.125
4258 0.125
4259 0.125
4260 0.125
4261 0.125
4262 0.125
4263 0.125
4264 0.125
4265 0.125
4266 0.125
4267 0.125
4268 0.13
4269 0.13
4270 0.13
4271 0.13
4272 0.13
4273 0.13
4274 0.13
4275 0.155
4276 0.155
4277 0.155
4278 0.155
4279 0.155
4280 0.155
4281 0.155
4282 0.155
4283 0.155
4284 0.155
4285 0.15833
4286 0.15833
4287 0.15833
4288 0.1625
4289 0.175
4290 0.175
4291 0.175
4292 0.175
4293 0.15
4294 0.15
4295 0.15
4296 0.15
4297 0.15
4298 0.15
4299 0.15
4300 0.125
4301 0.125
4302 0.125
4303 0.125
4304 0.125
4305 0.125
4306 0.125
4307 0.125
4308 0.125
4309 0.13333
4310 0.13333
4311 0.13333
4312 0.13333
4313 0.13333
4314 0.13333
4315 0.13333
4316 0.13333
4317 0.1375
4318 0.15
4319 0.15
4320 0.15
4321 0.15
4322 0.15
4323 0.15
4324 0.15
4325 0.15
4326 0.15
4327 0.15
4328 0.15
4329 0.15
4330 0.15
4331 0.15
4332 0.15
4333 0.15
4334 0.125
4335 0.125
4336 0.125
4337 0.125
4338 0.125
4339 0.125
4340 0.125
4341 0.125
4342 0.125
4343 0.125
4344 0.125
4345 0.125
4346 0.125
4347 0.125
4348 0.125
4349 0.125
4350 0.125
4351 0.125
4352 0.125
4353 0.125
4354 0.125
4355 0.125
4356 0.125
4357 0.125
4358 0.125
4359 0.125
4360 0.125
4361 0.125
4362 0.125
4363 0.125
4364 0.125
4365 0.125
4366 0.125
4367 0.125
4368 0.125
4369 0.125
4370 0.125
4371 0.125
4372 0.125
4373 0.125
4374 0.125
4375 0.125
4376 0.125
4377 0.125
4378 0.125
4379 0.125
4380 0.125
4381 0.125
4382 0.125
4383 0.125
4384 0.125
4385 0.125
4386 0.1375
4387 0.1375
4388 0.1375
4389 0.13333
4390 0.13333
4391 0.13333
4392 0.13333
4393 0.13333
4394 0.13333
4395 0.13333
4396 0.13333
4397 0.13333
4398 0.13333
4399 0.13333
4400 0.15833
4401 0.15625
4402 0.15625
4403 0.15625
4404 0.15625
4405 0.15625
4406 0.15625
4407 0.15625
4408 0.15625
4409 0.15625
4410 0.15833
4411 0.15
4412 0.15
4413 0.15
4414 0.15
4415 0.15
4416 0.15
4417 0.15
4418 0.15
4419 0.15
4420 0.15
4421 0.15
4422 0.15
4423 0.15
4424 0.15
4425 0.125
4426 0.125
4427 0.125
4428 0.125
4429 0.125
4430 0.125
4431 0.125
4432 0.125
4433 0.125
4434 0.125
4435 0.125
4436 0.125
4437 0.125
4438 0.125
4439 0.125
4440 0.125
4441 0.125
4442 0.125
4443 0.125
4444 0.125
4445 0.125
4446 0.125
4447 0.125
4448 0.125
4449 0.125
4450 0.125
4451 0.125
4452 0.125
4453 0.125
4454 0.125
4455 0.125
4456 0.125
4457 0.125
4458 0.125
4459 0.125
4460 0.125
4461 0.125
4462 0.125
4463 0.125
4464 0.125
4465 0.125
4466 0.125
4467 0.125
4468 0.125
4469 0.125
4470 0.125
4471 0.125
4472 0.125
4473 0.1375
4474 0.1375
4475 0.15
4476 0.15833
4477 0.15833
4478 0.15833
4479 0.15833
4480 0.15625
4481 0.15625
4482 0.15625
4483 0.15625
4484 0.15625
4485 0.15625
4486 0.15625
4487 0.15625
4488 0.15625
4489 0.15625
4490 0.15625
4491 0.15625
4492 0.15625
4493 0.15625
4494 0.15625
4495 0.15833
4496 0.15833
4497 0.1625
4498 0.1375
4499 0.1375
4500 0.1375
4501 0.125
4502 0.125
4503 0.125
4504 0.125
4505 0.125
4506 0.125
4507 0.125
4508 0.125
4509 0.125
4510 0.125
4511 0.125
4512 0.125
4513 0.125
4514 0.125
4515 0.125
4516 0.125
4517 0.125
4518 0.125
4519 0.125
4520 0.125
4521 0.125
4522 0.125
4523 0.125
4524 0.125
4525 0.125
4526 0.15
4527 0.15
4528 0.15
4529 0.15
4530 0.15
4531 0.15
4532 0.15
4533 0.15
4534 0.15
4535 0.15
4536 0.15
4537 0.15
4538 0.15
4539 0.15
4540 0.15
4541 0.15
4542 0.15
4543 0.15
4544 0.15
4545 0.15
4546 0.15
4547 0.15
4548 0.15
4549 0.15
4550 0.15
4551 0.125
4552 0.125
4553 0.125
4554 0.125
4555 0.125
4556 0.125
4557 0.125
4558 0.125
4559 0.125
4560 0.125
4561 0.1375
4562 0.1375
4563 0.1375
4564 0.15
4565 0.15
4566 0.15
4567 0.15
4568 0.15
4569 0.15
4570 0.15
4571 0.15
4572 0.15
4573 0.15
4574 0.15
4575 0.15
4576 0.15
4577 0.15
4578 0.15
4579 0.15
4580 0.15
4581 0.15
4582 0.15
4583 0.15
4584 0.15
4585 0.15
4586 0.125
4587 0.125
4588 0.15
4589 0.15
4590 0.15
4591 0.1375
4592 0.1375
4593 0.1375
4594 0.1375
4595 0.1625
4596 0.1625
4597 0.1625
4598 0.1625
4599 0.1625
4600 0.1625
4601 0.1625
4602 0.1625
4603 0.1625
4604 0.1625
4605 0.1625
4606 0.1625
4607 0.1625
4608 0.1625
4609 0.1625
4610 0.1625
4611 0.1875
4612 0.1875
4613 0.175
4614 0.175
4615 0.175
4616 0.175
4617 0.175
4618 0.175
4619 0.175
4620 0.15
4621 0.15
4622 0.15
4623 0.15
4624 0.15
4625 0.15
4626 0.15
4627 0.15
4628 0.15
4629 0.15
4630 0.15
4631 0.15
4632 0.15
4633 0.15
4634 0.15
4635 0.15
4636 0.125
4637 0.125
4638 0.125
4639 0.125
4640 0.125
4641 0.125
4642 0.125
4643 0.125
4644 0.125
4645 0.1375
4646 0.1625
4647 0.1625
4648 0.1625
4649 0.1625
4650 0.1625
4651 0.1625
4652 0.1625
4653 0.1625
4654 0.1625
4655 0.1625
4656 0.1625
4657 0.1625
4658 0.1625
4659 0.1625
4660 0.1625
4661 0.1625
4662 0.1625
4663 0.1625
4664 0.1625
4665 0.1625
4666 0.1875
4667 0.1875
4668 0.1875
4669 0.1875
4670 0.175
4671 0.15
4672 0.15
4673 0.15
4674 0.15
4675 0.15
4676 0.1625
4677 0.1625
4678 0.1625
4679 0.1625
4680 0.1625
4681 0.1875
4682 0.1875
4683 0.1875
4684 0.1875
4685 0.1875
4686 0.1875
4687 0.1875
4688 0.1875
4689 0.1875
4690 0.2125
4691 0.1875
4692 0.1875
4693 0.1875
4694 0.1875
4695 0.1875
4696 0.1875
4697 0.1875
4698 0.2
4699 0.2
4700 0.2
4701 0.175
4702 0.175
4703 0.175
4704 0.175
4705 0.175
4706 0.15
4707 0.15
4708 0.1375
4709 0.1375
4710 0.1375
4711 0.1375
4712 0.1375
4713 0.1375
4714 0.1375
4715 0.125
4716 0.125
4717 0.125
4718 0.125
4719 0.125
4720 0.125
4721 0.125
4722 0.125
4723 0.125
4724 0.125
4725 0.125
4726 0.125
4727 0.125
4728 0.125
4729 0.125
4730 0.125
4731 0.15
4732 0.15
4733 0.15
4734 0.15
4735 0.15
4736 0.15
4737 0.15
4738 0.15
4739 0.15
4740 0.15
4741 0.15
4742 0.15
4743 0.15
4744 0.15
4745 0.15
4746 0.15
4747 0.15
4748 0.15
4749 0.15
4750 0.15
4751 0.15
4752 0.15
4753 0.15
4754 0.15
4755 0.15
4756 0.125
4757 0.125
4758 0.125
4759 0.125
4760 0.125
4761 0.125
4762 0.125
4763 0.125
4764 0.125
4765 0.125
4766 0.125
4767 0.125
4768 0.125
4769 0.125
4770 0.125
4771 0.125
4772 0.15
4773 0.15
4774 0.15
4775 0.15
4776 0.15
4777 0.15
4778 0.15
4779 0.15
4780 0.15
4781 0.15
4782 0.15
4783 0.15
4784 0.15
4785 0.15
4786 0.15
4787 0.15
4788 0.15
4789 0.15
4790 0.15
4791 0.15
4792 0.15
4793 0.15
4794 0.15
4795 0.15
4796 0.15
4797 0.15
4798 0.15
4799 0.15
4800 0.15
4801 0.15
4802 0.125
4803 0.125
4804 0.125
4805 0.125
4806 0.125
4807 0.125
4808 0.125
4809 0.125
4810 0.125
4811 0.125
4812 0.125
4813 0.125
4814 0.125
4815 0.125
4816 0.125
4817 0.125
4818 0.125
4819 0.125
4820 0.125
4821 0.125
4822 0.125
4823 0.125
4824 0.125
4825 0.125
4826 0.125
4827 0.125
4828 0.125
4829 0.125
4830 0.125
4831 0.125
4832 0.125
4833 0.125
4834 0.125
4835 0.125
4836 0.125
4837 0.125
4838 0.125
4839 0.125
4840 0.125
4841 0.15
4842 0.15
4843 0.15
4844 0.15
4845 0.15
4846 0.15
4847 0.15
4848 0.15
4849 0.15
4850 0.15
4851 0.15
4852 0.15
4853 0.15
4854 0.15
4855 0.15
4856 0.15
4857 0.15
4858 0.15
4859 0.15
4860 0.15
4861 0.15
4862 0.15
4863 0.15
4864 0.15
4865 0.15
4866 0.125
4867 0.125
4868 0.125
4869 0.125
4870 0.15
4871 0.15
4872 0.15
4873 0.1375
4874 0.1375
4875 0.1375
4876 0.1375
4877 0.1375
4878 0.1375
4879 0.1375
4880 0.1375
4881 0.1375
4882 0.1375
4883 0.1375
4884 0.1375
4885 0.1375
4886 0.1375
4887 0.1625
4888 0.1625
4889 0.1625
4890 0.1625
4891 0.1625
4892 0.1625
4893 0.1625
4894 0.1625
4895 0.15
4896 0.15
4897 0.15
4898 0.15
4899 0.15
4900 0.15
4901 0.15
4902 0.15
4903 0.1375
4904 0.1375
4905 0.14167
4906 0.14167
4907 0.14167
4908 0.14167
4909 0.14167
4910 0.14167
4911 0.14167
4912 0.1375
4913 0.1375
4914 0.1375
4915 0.1375
4916 0.1375
4917 0.1375
4918 0.1375
4919 0.1375
4920 0.1375
4921 0.1375
4922 0.1375
4923 0.1375
4924 0.1375
4925 0.1375
4926 0.1375
4927 0.1375
4928 0.15
4929 0.15
4930 0.125
4931 0.125
4932 0.125
4933 0.125
4934 0.125
4935 0.125
4936 0.125
4937 0.125
4938 0.125
4939 0.125
4940 0.125
4941 0.1375
4942 0.1375
4943 0.1375
4944 0.1375
4945 0.1375
4946 0.15
4947 0.15
4948 0.15
4949 0.15
4950 0.15
4951 0.15
4952 0.15
4953 0.15
4954 0.15
4955 0.15
4956 0.15
4957 0.15
4958 0.15
4959 0.15
4960 0.15
4961 0.15
4962 0.15
4963 0.1375
4964 0.1375
4965 0.1375
4966 0.125
4967 0.125
4968 0.125
4969 0.125
4970 0.125
4971 0.125
4972 0.125
4973 0.125
4974 0.125
4975 0.125
4976 0.125
4977 0.125
4978 0.125
4979 0.125
4980 0.125
4981 0.125
4982 0.125
4983 0.125
4984 0.125
4985 0.125
4986 0.125
4987 0.125
4988 0.125
4989 0.125
4990 0.125
4991 0.125
4992 0.125
4993 0.15
4994 0.15
4995 0.15
4996 0.15
4997 0.15
4998 0.15
4999 0.15
5000 0.15
5001 0.15
5002 0.15
5003 0.15
5004 0.15
5005 0.15
5006 0.15
5007 0.15
5008 0.15
5009 0.15
5010 0.15
5011 0.15
5012 0.15
5013 0.15
5014 0.15
5015 0.15
5016 0.15
5017 0.1375
5018 0.125
5019 0.125
5020 0.125
5021 0.125
5022 0.125
5023 0.125
5024 0.125
5025 0.125
5026 0.125
5027 0.125
5028 0.125
5029 0.125
5030 0.125
5031 0.125
5032 0.125
5033 0.125
5034 0.125
5035 0.125
5036 0.125
5037 0.125
5038 0.125
5039 0.125
5040 0.125
5041 0.125
5042 0.125
5043 0.125
5044 0.125
5045 0.125
5046 0.125
5047 0.125
5048 0.125
5049 0.125
5050 0.125
5051 0.125
5052 0.125
5053 0.125
5054 0.125
5055 0.15
5056 0.15
5057 0.15
5058 0.15
5059 0.15
5060 0.15
5061 0.15
5062 0.15
5063 0.15
5064 0.15
5065 0.15
5066 0.15
5067 0.15
5068 0.15
5069 0.15
5070 0.15
5071 0.15
5072 0.15
5073 0.15
5074 0.15
5075 0.15
5076 0.15
5077 0.15
5078 0.15
5079 0.15
5080 0.125
5081 0.125
5082 0.125
5083 0.125
5084 0.125
5085 0.125
5086 0.13333
5087 0.15833
5088 0.15833
5089 0.15833
5090 0.15833
5091 0.15833
5092 0.15833
5093 0.15833
5094 0.15833
5095 0.15833
5096 0.15833
5097 0.1625
5098 0.1625
5099 0.1625
5100 0.1625
5101 0.1625
5102 0.1625
5103 0.1625
5104 0.1625
5105 0.175
5106 0.175
5107 0.175
5108 0.175
5109 0.175
5110 0.175
5111 0.15
5112 0.125
5113 0.125
5114 0.125
5115 0.125
5116 0.125
5117 0.125
5118 0.125
5119 0.125
5120 0.125
5121 0.125
5122 0.125
5123 0.125
5124 0.125
5125 0.125
5126 0.125
5127 0.125
5128 0.125
5129 0.125
5130 0.125
5131 0.125
5132 0.125
5133 0.15
5134 0.15
5135 0.15
5136 0.175
5137 0.175
5138 0.175
5139 0.175
5140 0.175
5141 0.175
5142 0.175
5143 0.175
5144 0.175
5145 0.175
5146 0.175
5147 0.175
5148 0.2
5149 0.2
5150 0.2
5151 0.2
5152 0.2
5153 0.1875
5154 0.1875
5155 0.1875
5156 0.1875
5157 0.1875
5158 0.175
5159 0.175
5160 0.175
5161 0.15
5162 0.15
5163 0.15
5164 0.15
5165 0.15
5166 0.15
5167 0.15
5168 0.15
5169 0.15
5170 0.15
5171 0.15
5172 0.15
5173 0.125
5174 0.125
5175 0.125
5176 0.125
5177 0.125
5178 0.125
5179 0.125
5180 0.125
5181 0.125
5182 0.125
5183 0.125
5184 0.125
5185 0.125
5186 0.125
5187 0.125
5188 0.125
5189 0.125
5190 0.125
5191 0.125
5192 0.125
5193 0.125
5194 0.125
5195 0.125
5196 0.125
5197 0.125
5198 0.125
5199 0.125
5200 0.125
5201 0.125
5202 0.125
5203 0.125
5204 0.125
5205 0.125
5206 0.125
5207 0.125
5208 0.125
5209 0.125
5210 0.125
5211 0.125
5212 0.125
5213 0.125
5214 0.125
5215 0.125
5216 0.125
5217 0.125
5218 0.125
5219 0.125
5220 0.125
5221 0.125
5222 0.125
5223 0.125
5224 0.125
5225 0.125
5226 0.125
5227 0.125
5228 0.125
5229 0.125
5230 0.125
5231 0.125
5232 0.125
5233 0.125
5234 0.125
5235 0.125
5236 0.125
5237 0.125
5238 0.125
5239 0.125
5240 0.125
5241 0.125
5242 0.125
5243 0.125
5244 0.125
5245 0.125
5246 0.125
5247 0.125
5248 0.125
5249 0.125
5250 0.125
5251 0.125
5252 0.15
5253 0.15
5254 0.15
5255 0.15
5256 0.15
5257 0.15
5258 0.15
5259 0.15
5260 0.15
5261 0.15
5262 0.15
5263 0.175
5264 0.175
5265 0.175
5266 0.175
5267 0.175
5268 0.175
5269 0.175
5270 0.175
5271 0.175
5272 0.175
5273 0.175
5274 0.175
5275 0.175
5276 0.175
5277 0.15
5278 0.15
5279 0.15
5280 0.15
5281 0.15
5282 0.15
5283 0.15
5284 0.15
5285 0.15
5286 0.15
5287 0.15
5288 0.125
5289 0.125
5290 0.125
5291 0.125
5292 0.125
5293 0.125
5294 0.125
5295 0.125
5296 0.125
5297 0.125
5298 0.125
5299 0.125
5300 0.125
5301 0.125
5302 0.125
5303 0.125
5304 0.125
5305 0.125
5306 0.125
5307 0.125
5308 0.125
5309 0.125
5310 0.125
5311 0.125
5312 0.125
5313 0.125
5314 0.125
5315 0.125
5316 0.125
5317 0.125
5318 0.125
5319 0.125
5320 0.125
5321 0.125
5322 0.125
5323 0.125
5324 0.125
5325 0.125
5326 0.125
5327 0.125
5328 0.125
5329 0.125
5330 0.125
5331 0.125
5332 0.125
5333 0.125
5334 0.125
5335 0.125
5336 0.125
5337 0.125
5338 0.125
5339 0.125
5340 0.125
5341 0.125
5342 0.125
5343 0.125
5344 0.125
5345 0.125
5346 0.125
5347 0.125
5348 0.125
5349 0.125
5350 0.125
5351 0.125
5352 0.125
5353 0.125
5354 0.125
5355 0.125
5356 0.125
5357 0.125
5358 0.125
5359 0.125
5360 0.125
5361 0.125
5362 0.125
5363 0.125
5364 0.125
5365 0.125
5366 0.125
5367 0.125
5368 0.125
5369 0.125
5370 0.125
5371 0.125
5372 0.125
5373 0.125
5374 0.125
5375 0.125
5376 0.125
5377 0.125
5378 0.125
5379 0.125
5380 0.125
5381 0.125
5382 0.125
5383 0.125
5384 0.125
5385 0.125
5386 0.125
5387 0.125
5388 0.125
5389 0.125
5390 0.125
5391 0.125
5392 0.125
5393 0.125
5394 0.125
5395 0.125
5396 0.125
5397 0.125
5398 0.125
5399 0.125
5400 0.125
5401 0.125
5402 0.125
5403 0.125
5404 0.125
5405 0.125
5406 0.125
5407 0.125
5408 0.125
5409 0.125
5410 0.125
5411 0.125
5412 0.125
5413 0.125
5414 0.125
5415 0.125
5416 0.125
5417 0.125
5418 0.125
5419 0.125
5420 0.125
5421 0.125
5422 0.125
5423 0.125
5424 0.125
5425 0.125
5426 0.125
5427 0.125
5428 0.125
5429 0.125
5430 0.125
5431 0.15
5432 0.15
5433 0.15
5434 0.15
5435 0.15
5436 0.15
5437 0.15
5438 0.175
5439 0.175
5440 0.175
5441 0.1625
5442 0.1625
5443 0.1625
5444 0.1625
5445 0.1625
5446 0.1625
5447 0.1625
5448 0.1625
5449 0.15
5450 0.15
5451 0.15
5452 0.15
5453 0.15
5454 0.15
5455 0.15
5456 0.1375
5457 0.1375
5458 0.1375
5459 0.1375
5460 0.1375
5461 0.1375
5462 0.1375
5463 0.125
5464 0.125
5465 0.125
5466 0.125
5467 0.125
5468 0.125
5469 0.125
5470 0.125
5471 0.125
5472 0.125
5473 0.125
5474 0.125
5475 0.15
5476 0.15
5477 0.15
5478 0.15
5479 0.15
5480 0.15
5481 0.15
5482 0.15
5483 0.15
5484 0.15
5485 0.15
5486 0.15
5487 0.15
5488 0.15
5489 0.15
5490 0.15
5491 0.15
5492 0.15
5493 0.15
5494 0.15
5495 0.15
5496 0.15
5497 0.15
5498 0.15
5499 0.15
5500 0.125
5501 0.125
5502 0.125
5503 0.125
5504 0.125
5505 0.125
5506 0.125
5507 0.125
5508 0.125
5509 0.125
5510 0.125
5511 0.125
5512 0.125
5513 0.125
5514 0.125
5515 0.125
5516 0.125
5517 0.125
5518 0.125
5519 0.125
5520 0.125
5521 0.125
5522 0.125
5523 0.125
5524 0.125
5525 0.125
5526 0.125
5527 0.125
5528 0.125
5529 0.125
5530 0.125
5531 0.125
5532 0.125
5533 0.125
5534 0.125
5535 0.125
5536 0.125
5537 0.125
5538 0.125
5539 0.125
5540 0.125
5541 0.125
5542 0.125
5543 0.125
5544 0.125
5545 0.125
5546 0.125
5547 0.125
5548 0.125
5549 0.125
5550 0.125
5551 0.125
5552 0.125
5553 0.125
5554 0.125
5555 0.125
5556 0.125
5557 0.125
5558 0.125
5559 0.125
5560 0.125
5561 0.125
5562 0.125
5563 0.125
5564 0.125
5565 0.125
5566 0.125
5567 0.125
5568 0.125
5569 0.125
5570 0.125
5571 0.125
5572 0.125
5573 0.125
5574 0.125
5575 0.125
5576 0.125
5577 0.125
5578 0.125
5579 0.125
5580 0.125
5581 0.125
5582 0.125
5583 0.125
5584 0.125
5585 0.125
5586 0.125
5587 0.125
5588 0.125
5589 0.125
5590 0.125
5591 0.125
5592 0.125
5593 0.125
5594 0.125
5595 0.125
5596 0.125
5597 0.125
5598 0.125
5599 0.125
5600 0.125
5601 0.125
5602 0.125
5603 0.125
5604 0.125
5605 0.125
5606 0.125
5607 0.125
5608 0.125
5609 0.125
5610 0.125
5611 0.125
5612 0.125
5613 0.125
5614 0.125
5615 0.125
5616 0.125
5617 0.125
5618 0.125
5619 0.15
5620 0.15
5621 0.15
5622 0.15
5623 0.15
5624 0.15
5625 0.15
5626 0.15
5627 0.15
5628 0.15
5629 0.15
5630 0.15
5631 0.15
5632 0.15
5633 0.15
5634 0.15
5635 0.15
5636 0.15
5637 0.15
5638 0.15
5639 0.15
5640 0.15
5641 0.15
5642 0.15
5643 0.15
5644 0.125
5645 0.125
5646 0.125
5647 0.125
5648 0.125
5649 0.125
5650 0.125
5651 0.125
5652 0.125
5653 0.125
5654 0.15
5655 0.15
5656 0.15
5657 0.15
5658 0.15
5659 0.15
5660 0.15
5661 0.15
5662 0.15
5663 0.15
5664 0.15
5665 0.15
5666 0.15
5667 0.15
5668 0.15
5669 0.15
5670 0.15
5671 0.15
5672 0.15
5673 0.15
5674 0.15
5675 0.15
5676 0.15
5677 0.15
5678 0.15
5679 0.125
5680 0.125
5681 0.125
5682 0.125
5683 0.125
5684 0.125
5685 0.125
5686 0.125
5687 0.125
5688 0.125
5689 0.125
5690 0.125
5691 0.125
5692 0.125
5693 0.125
5694 0.125
5695 0.125
5696 0.125
5697 0.125
5698 0.125
5699 0.125
5700 0.125
5701 0.125
5702 0.125
5703 0.125
5704 0.125
5705 0.125
5706 0.125
5707 0.125
5708 0.125
5709 0.125
5710 0.125
5711 0.125
5712 0.125
5713 0.125
5714 0.125
5715 0.125
5716 0.125
5717 0.125
5718 0.125
5719 0.125
5720 0.125
5721 0.125
5722 0.125
5723 0.125
5724 0.125
5725 0.125
5726 0.125
5727 0.125
5728 0.125
5729 0.125
5730 0.125
5731 0.125
5732 0.125
5733 0.125
5734 0.125
5735 0.125
5736 0.125
5737 0.125
5738 0.125
5739 0.125
5740 0.125
5741 0.125
5742 0.125
5743 0.125
5744 0.125
5745 0.125
5746 0.125
5747 0.125
5748 0.125
5749 0.125
5750 0.125
5751 0.125
5752 0.125
5753 0.125
5754 0.125
5755 0.125
5756 0.125
5757 0.125
5758 0.15
5759 0.15
5760 0.15
5761 0.15
5762 0.15
5763 0.15
5764 0.15
5765 0.15
5766 0.15
5767 0.15
5768 0.15
5769 0.15
5770 0.15
5771 0.15
5772 0.15
5773 0.15
5774 0.15
5775 0.15
5776 0.15
5777 0.15
5778 0.15
5779 0.15
5780 0.15
5781 0.15
5782 0.15
5783 0.125
5784 0.125
5785 0.125
5786 0.125
5787 0.125
5788 0.125
5789 0.125
5790 0.125
5791 0.125
5792 0.125
5793 0.125
5794 0.125
5795 0.125
5796 0.125
5797 0.125
5798 0.125
5799 0.125
5800 0.125
5801 0.125
5802 0.125
5803 0.125
5804 0.125
5805 0.125
5806 0.125
5807 0.125
5808 0.125
5809 0.125
5810 0.125
5811 0.125
5812 0.125
5813 0.125
5814 0.125
5815 0.125
5816 0.125
5817 0.125
5818 0.125
5819 0.125
5820 0.125
5821 0.125
5822 0.125
5823 0.125
5824 0.125
5825 0.125
5826 0.125
5827 0.125
5828 0.125
5829 0.125
5830 0.125
5831 0.125
5832 0.125
5833 0.125
5834 0.125
5835 0.125
5836 0.125
5837 0.125
5838 0.125
5839 0.125
5840 0.125
5841 0.125
5842 0.125
5843 0.125
5844 0.125
5845 0.125
5846 0.125
5847 0.125
5848 0.125
5849 0.125
5850 0.125
5851 0.125
5852 0.125
5853 0.125
5854 0.125
5855 0.125
5856 0.125
5857 0.125
5858 0.125
5859 0.125
5860 0.125
5861 0.125
5862 0.125
5863 0.125
5864 0.125
5865 0.125
5866 0.125
5867 0.125
5868 0.125
5869 0.125
5870 0.125
5871 0.125
5872 0.125
5873 0.125
5874 0.125
5875 0.125
5876 0.125
5877 0.125
5878 0.125
5879 0.125
5880 0.125
5881 0.125
5882 0.125
5883 0.125
5884 0.125
5885 0.125
5886 0.125
5887 0.125
5888 0.125
5889 0.125
5890 0.125
5891 0.125
5892 0.125
5893 0.125
5894 0.125
5895 0.125
5896 0.125
5897 0.125
5898 0.125
5899 0.125
5900 0.125
5901 0.125
5902 0.125
5903 0.125
5904 0.125
5905 0.125
5906 0.125
5907 0.125
5908 0.125
5909 0.125
5910 0.125
5911 0.125
5912 0.125
5913 0.125
5914 0.125
5915 0.125
5916 0.125
5917 0.125
5918 0.125
5919 0.125
5920 0.125
5921 0.125
5922 0.125
5923 0.125
5924 0.125
5925 0.125
5926 0.125
5927 0.125
5928 0.125
5929 0.125
5930 0.125
5931 0.125
5932 0.125
5933 0.125
5934 0.125
5935 0.125
5936 0.125
5937 0.125
5938 0.125
5939 0.125
5940 0.125
5941 0.125
5942 0.125
5943 0.125
5944 0.125
5945 0.125
5946 0.125
5947 0.125
5948 0.125
5949 0.125
5950 0.125
5951 0.125
5952 0.125
5953 0.125
5954 0.125
5955 0.125
5956 0.125
5957 0.125
5958 0.125
5959 0.125
5960 0.125
5961 0.125
5962 0.125
5963 0.125
5964 0.125
5965 0.125
5966 0.125
5967 0.125
5968 0.125
5969 0.125
5970 0.125
5971 0.125
5972 0.125
5973 0.125
5974 0.125
5975 0.125
5976 0.125
5977 0.125
5978 0.125
5979 0.125
5980 0.125
5981 0.125
5982 0.125
5983 0.125
5984 0.125
5985 0.125
5986 0.125
5987 0.125
5988 0.125
5989 0.125
5990 0.125
5991 0.125
5992 0.125
5993 0.125
5994 0.125
5995 0.125
5996 0.125
5997 0.125
5998 0.125
5999 0.125
