#iterations probabilites
0 0.275
1 0.27292
2 0.23396
3 0.24595
4 0.21036
5 0.19265
6 0.18529
7 0.17848
8 0.17275
9 0.17361
10 0.16921
11 0.16927
12 0.17018
13 0.1694
14 0.1664
15 0.16693
16 0.16643
17 0.16541
18 0.16402
19 0.16253
20 0.16069
21 0.1601
22 0.15918
23 0.15891
24 0.15902
25 0.15668
26 0.15652
27 0.15701
28 0.15481
29 0.15549
30 0.15412
31 0.15567
32 0.15615
33 0.15612
34 0.15451
35 0.15479
36 0.15367
37 0.15426
38 0.15559
39 0.15553
40 0.1541
41 0.15213
42 0.15164
43 0.15339
44 0.15352
45 0.15406
46 0.15364
47 0.154
48 0.15406
49 0.15353
50 0.15415
51 0.15359
52 0.15186
53 0.15367
54 0.15346
55 0.15404
56 0.15258
57 0.15296
58 0.15359
59 0.15667
60 0.1557
61 0.15695
62 0.1557
63 0.15477
64 0.15469
65 0.15546
66 0.15566
67 0.15559
68 0.15442
69 0.1546
70 0.15366
71 0.1544
72 0.15413
73 0.1544
74 0.15369
75 0.15475
76 0.15498
77 0.15494
78 0.1529
79 0.15175
80 0.15191
81 0.15273
82 0.1519
83 0.15337
84 0.15208
85 0.15252
86 0.15163
87 0.15274
88 0.15411
89 0.15312
90 0.15207
91 0.15403
92 0.15653
93 0.15575
94 0.15689
95 0.15779
96 0.15882
97 0.15912
98 0.15817
99 0.15932
100 0.15786
101 0.15772
102 0.1594
103 0.15878
104 0.15948
105 0.15869
106 0.15683
107 0.15712
108 0.15578
109 0.1544
110 0.15465
111 0.15357
112 0.15343
113 0.15203
114 0.15356
115 0.15491
116 0.1535
117 0.15273
118 0.15344
119 0.15234
120 0.15301
121 0.15143
122 0.15099
123 0.15089
124 0.14986
125 0.15001
126 0.14933
127 0.14813
128 0.14799
129 0.14903
130 0.1507
131 0.15161
132 0.15238
133 0.15278
134 0.15305
135 0.15228
136 0.15373
137 0.15309
138 0.15345
139 0.15207
140 0.15097
141 0.15078
142 0.14977
143 0.15021
144 0.15174
145 0.15118
146 0.15054
147 0.15101
148 0.15336
149 0.15491
150 0.15488
151 0.15461
152 0.15429
153 0.15489
154 0.15301
155 0.15257
156 0.1535
157 0.15467
158 0.154
159 0.1557
160 0.15665
161 0.15533
162 0.15457
163 0.15497
164 0.1553
165 0.15457
166 0.15455
167 0.15343
168 0.15316
169 0.15173
170 0.15244
171 0.1519
172 0.15331
173 0.1519
174 0.15138
175 0.1512
176 0.15186
177 0.15113
178 0.1507
179 0.15298
180 0.15268
181 0.15316
182 0.152
183 0.15158
184 0.14989
185 0.14976
186 0.15096
187 0.15103
188 0.14952
189 0.14932
190 0.15094
191 0.15055
192 0.15031
193 0.14979
194 0.14932
195 0.14941
196 0.14923
197 0.14873
198 0.14825
199 0.14907
200 0.14989
201 0.15065
202 0.15325
203 0.153
204 0.15106
205 0.15349
206 0.15322
207 0.1533
208 0.15547
209 0.15417
210 0.15599
211 0.1566
212 0.15627
213 0.15618
214 0.1582
215 0.15696
216 0.15778
217 0.15873
218 0.15999
219 0.16105
220 0.1648
221 0.16835
222 0.16852
223 0.16824
224 0.16613
225 0.16784
226 0.16716
227 0.16702
228 0.16884
229 0.17027
230 0.16865
231 0.16909
232 0.16873
233 0.16889
234 0.17291
235 0.17237
236 0.17255
237 0.17398
238 0.17592
239 0.1754
240 0.17736
241 0.17879
242 0.17683
243 0.17614
244 0.17673
245 0.17324
246 0.1702
247 0.1697
248 0.16882
249 0.17055
250 0.16891
251 0.16721
252 0.1672
253 0.16918
254 0.16914
255 0.16969
256 0.16754
257 0.16655
258 0.16512
259 0.16097
260 0.16136
261 0.1605
262 0.15941
263 0.16088
264 0.15918
265 0.1572
266 0.15888
267 0.15982
268 0.16011
269 0.15843
270 0.15822
271 0.16121
272 0.16079
273 0.1611
274 0.16182
275 0.16148
276 0.16332
277 0.16369
278 0.16191
279 0.1611
280 0.15988
281 0.16096
282 0.16281
283 0.16438
284 0.16374
285 0.16187
286 0.16271
287 0.16425
288 0.16299
289 0.16322
290 0.16491
291 0.16076
292 0.16083
293 0.16074
294 0.16252
295 0.16196
296 0.1603
297 0.1599
298 0.16119
299 0.16136
300 0.16279
301 0.16251
302 0.16316
303 0.16233
304 0.16149
305 0.16129
306 0.1607
307 0.15951
308 0.16529
309 0.16921
310 0.16885
311 0.16865
312 0.16782
313 0.16718
314 0.16812
315 0.16856
316 0.17003
317 0.17069
318 0.17046
319 0.16896
320 0.1739
321 0.17505
322 0.17322
323 0.17435
324 0.1711
325 0.16786
326 0.16954
327 0.16751
328 0.16612
329 0.167
330 0.16594
331 0.16719
332 0.16874
333 0.16187
334 0.15952
335 0.16229
336 0.16109
337 0.16166
338 0.16369
339 0.16384
340 0.16313
341 0.16463
342 0.16577
343 0.16733
344 0.16704
345 0.16594
346 0.16322
347 0.16724
348 0.16467
349 0.16658
350 0.16924
351 0.16765
352 0.16941
353 0.17206
354 0.17449
355 0.17477
356 0.17489
357 0.17525
358 0.17655
359 0.18166
360 0.18424
361 0.18591
362 0.18819
363 0.19057
364 0.18792
365 0.19054
366 0.18982
367 0.18696
368 0.18682
369 0.18792
370 0.1862
371 0.18896
372 0.18361
373 0.18702
374 0.18612
375 0.18817
376 0.18831
377 0.18846
378 0.18829
379 0.18405
380 0.1822
381 0.18173
382 0.18
383 0.17949
384 0.17812
385 0.17567
386 0.17416
387 0.17807
388 0.17639
389 0.17702
390 0.17391
391 0.17566
392 0.17556
393 0.17331
394 0.1752
395 0.17692
396 0.17323
397 0.17466
398 0.17561
399 0.17414
400 0.17648
401 0.17801
402 0.1769
403 0.17729
404 0.18045
405 0.18385
406 0.18447
407 0.18573
408 0.18646
409 0.17883
410 0.18073
411 0.18091
412 0.18028
413 0.18134
414 0.18454
415 0.18356
416 0.18382
417 0.18684
418 0.18448
419 0.18498
420 0.18311
421 0.18335
422 0.18764
423 0.18521
424 0.18715
425 0.1848
426 0.185
427 0.1844
428 0.18254
429 0.1762
430 0.17517
431 0.17262
432 0.17323
433 0.17797
434 0.18087
435 0.1797
436 0.18511
437 0.18386
438 0.18222
439 0.17954
440 0.17835
441 0.18375
442 0.18195
443 0.18794
444 0.19002
445 0.19352
446 0.19523
447 0.18643
448 0.18704
449 0.18646
450 0.18659
451 0.18672
452 0.1888
453 0.18764
454 0.18819
455 0.18633
456 0.18625
457 0.18427
458 0.18046
459 0.17874
460 0.17632
461 0.17363
462 0.17268
463 0.17023
464 0.173
465 0.17289
466 0.17108
467 0.16993
468 0.16661
469 0.16862
470 0.16892
471 0.16897
472 0.16902
473 0.16763
474 0.16765
475 0.16641
476 0.16519
477 0.16368
478 0.16692
479 0.16552
480 0.16569
481 0.16859
482 0.1724
483 0.17133
484 0.17226
485 0.1739
486 0.17629
487 0.17499
488 0.17861
489 0.17428
490 0.17828
491 0.17656
492 0.1789
493 0.17556
494 0.17648
495 0.17986
496 0.17994
497 0.18049
498 0.18357
499 0.18388
500 0.18148
501 0.18545
502 0.18782
503 0.18825
504 0.1875
505 0.18848
506 0.18916
507 0.18987
508 0.19232
509 0.19271
510 0.18758
511 0.18461
512 0.18729
513 0.19023
514 0.19023
515 0.18444
516 0.1872
517 0.18241
518 0.1852
519 0.18666
520 0.18513
521 0.19044
522 0.19473
523 0.19083
524 0.18783
525 0.1918
526 0.18898
527 0.19886
528 0.19418
529 0.20004
530 0.20271
531 0.20391
532 0.20552
533 0.20584
534 0.20257
535 0.20661
536 0.21546
537 0.21431
538 0.21134
539 0.21257
540 0.21399
541 0.2077
542 0.21294
543 0.20304
544 0.20152
545 0.20822
546 0.20794
547 0.20375
548 0.20817
549 0.21191
550 0.21028
551 0.20743
552 0.20378
553 0.2065
554 0.20045
555 0.19857
556 0.20354
557 0.20186
558 0.19882
559 0.20016
560 0.20814
561 0.20353
562 0.20591
563 0.20337
564 0.20571
565 0.20688
566 0.2091
567 0.20913
568 0.21734
569 0.21577
570 0.20922
571 0.21134
572 0.20618
573 0.20681
574 0.20173
575 0.20073
576 0.20032
577 0.1942
578 0.19536
579 0.19541
580 0.19221
581 0.18458
582 0.18462
583 0.18126
584 0.18346
585 0.18467
586 0.18396
587 0.18243
588 0.18343
589 0.18195
590 0.18745
591 0.19024
592 0.18796
593 0.18645
594 0.18559
595 0.18724
596 0.18491
597 0.18644
598 0.18623
599 0.19038
600 0.19356
601 0.18908
602 0.19209
603 0.19266
604 0.19598
605 0.19857
606 0.19878
607 0.20233
608 0.20777
609 0.20231
610 0.20829
611 0.21575
612 0.21822
613 0.21916
614 0.2213
615 0.21059
616 0.20961
617 0.20863
618 0.20066
619 0.20108
620 0.20442
621 0.20402
622 0.2071
623 0.20595
624 0.20545
625 0.19717
626 0.20507
627 0.2124
628 0.21532
629 0.21258
630 0.20876
631 0.21297
632 0.20979
633 0.21493
634 0.21455
635 0.20794
636 0.20907
637 0.20058
638 0.20279
639 0.20835
640 0.20592
641 0.20488
642 0.20848
643 0.20696
644 0.20469
645 0.20556
646 0.21577
647 0.2207
648 0.22421
649 0.22145
650 0.21915
651 0.21761
652 0.213
653 0.20978
654 0.20958
655 0.20988
656 0.21086
657 0.20975
658 0.21061
659 0.21306
660 0.21723
661 0.22004
662 0.22078
663 0.22466
664 0.22684
665 0.22732
666 0.22832
667 0.23341
668 0.24582
669 0.24972
670 0.25029
671 0.24647
672 0.25198
673 0.24711
674 0.24828
675 0.25255
676 0.25294
677 0.25192
678 0.25903
679 0.25076
680 0.25444
681 0.25742
682 0.24968
683 0.2442
684 0.25068
685 0.24523
686 0.24162
687 0.24619
688 0.24877
689 0.25872
690 0.25471
691 0.24484
692 0.2393
693 0.23958
694 0.23871
695 0.23691
696 0.24293
697 0.23469
698 0.23676
699 0.24115
700 0.2395
701 0.23743
702 0.2418
703 0.24303
704 0.24733
705 0.24971
706 0.24732
707 0.25539
708 0.26172
709 0.25712
710 0.25816
711 0.25199
712 0.25244
713 0.24891
714 0.2421
715 0.2442
716 0.24918
717 0.24828
718 0.25071
719 0.25898
720 0.25289
721 0.24878
722 0.24659
723 0.25556
724 0.25578
725 0.25451
726 0.25472
727 0.25475
728 0.25262
729 0.25441
730 0.24688
731 0.25015
732 0.24549
733 0.25143
734 0.2497
735 0.24995
736 0.24461
737 0.24497
738 0.24705
739 0.24117
740 0.24342
741 0.24677
742 0.24998
743 0.24442
744 0.24463
745 0.24543
746 0.24827
747 0.2541
748 0.24986
749 0.24842
750 0.24968
751 0.25321
752 0.25816
753 0.25558
754 0.25198
755 0.24481
756 0.24173
757 0.24038
758 0.22859
759 0.22707
760 0.22972
761 0.23405
762 0.23355
763 0.23133
764 0.24242
765 0.24038
766 0.23399
767 0.23378
768 0.23524
769 0.2287
770 0.22947
771 0.22507
772 0.22453
773 0.22605
774 0.23048
775 0.23545
776 0.22766
777 0.22365
778 0.22534
779 0.23845
780 0.24581
781 0.25249
782 0.25204
783 0.25617
784 0.25831
785 0.25964
786 0.26009
787 0.25914
788 0.26104
789 0.25413
790 0.25527
791 0.25598
792 0.25043
793 0.25034
794 0.2551
795 0.25255
796 0.25448
797 0.25163
798 0.24794
799 0.25025
800 0.24779
801 0.25205
802 0.2505
803 0.23896
804 0.24193
805 0.24325
806 0.24029
807 0.24589
808 0.23817
809 0.23756
810 0.23722
811 0.23124
812 0.23126
813 0.22955
814 0.23516
815 0.23443
816 0.22899
817 0.23335
818 0.23681
819 0.23886
820 0.23875
821 0.23731
822 0.23864
823 0.24008
824 0.23935
825 0.24477
826 0.24264
827 0.2555
828 0.24966
829 0.23893
830 0.2374
831 0.23839
832 0.23219
833 0.23483
834 0.23142
835 0.22971
836 0.23566
837 0.22795
838 0.23519
839 0.2353
840 0.24102
841 0.24163
842 0.23906
843 0.23291
844 0.22569
845 0.23085
846 0.23901
847 0.23466
848 0.24035
849 0.25022
850 0.23682
851 0.23889
852 0.23062
853 0.2392
854 0.24615
855 0.25587
856 0.27031
857 0.2715
858 0.27097
859 0.2803
860 0.28232
861 0.27872
862 0.28627
863 0.2848
864 0.2861
865 0.28957
866 0.29005
867 0.29203
868 0.29607
869 0.29694
870 0.30163
871 0.29795
872 0.29673
873 0.28914
874 0.27664
875 0.28016
876 0.27421
877 0.28041
878 0.27597
879 0.27774
880 0.28012
881 0.27126
882 0.26933
883 0.27139
884 0.26913
885 0.27469
886 0.26602
887 0.25443
888 0.24942
889 0.24821
890 0.24503
891 0.24653
892 0.24763
893 0.24109
894 0.24514
895 0.23672
896 0.23385
897 0.23465
898 0.23711
899 0.23837
900 0.22967
901 0.24141
902 0.23994
903 0.24208
904 0.2347
905 0.22892
906 0.23581
907 0.23648
908 0.23759
909 0.24474
910 0.23901
911 0.25654
912 0.25759
913 0.26241
914 0.26104
915 0.26623
916 0.26069
917 0.25847
918 0.26193
919 0.2567
920 0.25193
921 0.25286
922 0.25342
923 0.25417
924 0.25246
925 0.25767
926 0.25529
927 0.24736
928 0.24959
929 0.25062
930 0.25587
931 0.25392
932 0.25719
933 0.24566
934 0.2443
935 0.2513
936 0.25951
937 0.25731
938 0.25846
939 0.25879
940 0.25681
941 0.25363
942 0.25175
943 0.25456
944 0.25192
945 0.25749
946 0.26022
947 0.24489
948 0.24524
949 0.2441
950 0.24886
951 0.2555
952 0.26325
953 0.25237
954 0.25296
955 0.25328
956 0.2506
957 0.25692
958 0.27423
959 0.26886
960 0.26686
961 0.25868
962 0.25797
963 0.2614
964 0.27184
965 0.27091
966 0.27365
967 0.27251
968 0.26404
969 0.2651
970 0.26257
971 0.26519
972 0.27906
973 0.284
974 0.28048
975 0.27951
976 0.27951
977 0.27259
978 0.27426
979 0.26566
980 0.26378
981 0.27009
982 0.26438
983 0.2621
984 0.26625
985 0.26527
986 0.26721
987 0.2638
988 0.25964
989 0.26174
990 0.26914
991 0.27407
992 0.27385
993 0.28964
994 0.29446
995 0.29993
996 0.29838
997 0.30023
998 0.29972
999 0.30286
1000 0.30449
1001 0.30516
1002 0.30321
1003 0.30943
1004 0.30923
1005 0.31027
1006 0.31549
1007 0.31621
1008 0.31639
1009 0.32297
1010 0.32902
1011 0.32904
1012 0.3293
1013 0.32373
1014 0.31822
1015 0.32024
1016 0.31894
1017 0.32564
1018 0.31478
1019 0.31111
1020 0.31062
1021 0.31475
1022 0.30566
1023 0.30861
1024 0.31249
1025 0.31631
1026 0.31542
1027 0.31411
1028 0.30374
1029 0.30548
1030 0.29442
1031 0.27665
1032 0.2727
1033 0.28528
1034 0.28118
1035 0.2835
1036 0.27448
1037 0.26974
1038 0.274
1039 0.26911
1040 0.26327
1041 0.2589
1042 0.2553
1043 0.25618
1044 0.25629
1045 0.25084
1046 0.25821
1047 0.25868
1048 0.24886
1049 0.24839
1050 0.2539
1051 0.24963
1052 0.26096
1053 0.26739
1054 0.2665
1055 0.26578
1056 0.26984
1057 0.27845
1058 0.27672
1059 0.27042
1060 0.27514
1061 0.2762
1062 0.27395
1063 0.26652
1064 0.27563
1065 0.27878
1066 0.28288
1067 0.27956
1068 0.2806
1069 0.28546
1070 0.29067
1071 0.2853
1072 0.27983
1073 0.29127
1074 0.29706
1075 0.30086
1076 0.31006
1077 0.30458
1078 0.30526
1079 0.29755
1080 0.29632
1081 0.30439
1082 0.30485
1083 0.30586
1084 0.30863
1085 0.31859
1086 0.31424
1087 0.31391
1088 0.31248
1089 0.31323
1090 0.31682
1091 0.31272
1092 0.31535
1093 0.31174
1094 0.30963
1095 0.30581
1096 0.31124
1097 0.30768
1098 0.29363
1099 0.28513
1100 0.28386
1101 0.28835
1102 0.28481
1103 0.28202
1104 0.28917
1105 0.29069
1106 0.29986
1107 0.29056
1108 0.29114
1109 0.28468
1110 0.27909
1111 0.29602
1112 0.29326
1113 0.29376
1114 0.29825
1115 0.29638
1116 0.30127
1117 0.29934
1118 0.30437
1119 0.30544
1120 0.29871
1121 0.2647
1122 0.27722
1123 0.28218
1124 0.28657
1125 0.29056
1126 0.29057
1127 0.28546
1128 0.28621
1129 0.28898
1130 0.29569
1131 0.28359
1132 0.28585
1133 0.28529
1134 0.2835
1135 0.28454
1136 0.29818
1137 0.31149
1138 0.31343
1139 0.30898
1140 0.32125
1141 0.31505
1142 0.3138
1143 0.31132
1144 0.30168
1145 0.30211
1146 0.31379
1147 0.30618
1148 0.30269
1149 0.29568
1150 0.28786
1151 0.29997
1152 0.30637
1153 0.3023
1154 0.29981
1155 0.29613
1156 0.31122
1157 0.31375
1158 0.33597
1159 0.34169
1160 0.32178
1161 0.31979
1162 0.31502
1163 0.31624
1164 0.32084
1165 0.3075
1166 0.3128
1167 0.31794
1168 0.31726
1169 0.33083
1170 0.33594
1171 0.33139
1172 0.33073
1173 0.33535
1174 0.33882
1175 0.34412
1176 0.33899
1177 0.33904
1178 0.34024
1179 0.34086
1180 0.34611
1181 0.33562
1182 0.33686
1183 0.32905
1184 0.33274
1185 0.33529
1186 0.32478
1187 0.31805
1188 0.3125
1189 0.31562
1190 0.32315
1191 0.32539
1192 0.33299
1193 0.34511
1194 0.34131
1195 0.34379
1196 0.34039
1197 0.34654
1198 0.35196
1199 0.3491
1200 0.3491
1201 0.34014
1202 0.33832
1203 0.33983
1204 0.33988
1205 0.33492
1206 0.33778
1207 0.32988
1208 0.34156
1209 0.33957
1210 0.32325
1211 0.32502
1212 0.32368
1213 0.32229
1214 0.32438
1215 0.31708
1216 0.32651
1217 0.32031
1218 0.30986
1219 0.31603
1220 0.31598
1221 0.30929
1222 0.30911
1223 0.32087
1224 0.32941
1225 0.32787
1226 0.34234
1227 0.33606
1228 0.33267
1229 0.33224
1230 0.32738
1231 0.33304
1232 0.33591
1233 0.3161
1234 0.31496
1235 0.32455
1236 0.32463
1237 0.31999
1238 0.32284
1239 0.3314
1240 0.33086
1241 0.33239
1242 0.33497
1243 0.3384
1244 0.33421
1245 0.33721
1246 0.33544
1247 0.33185
1248 0.33094
1249 0.32749
1250 0.32822
1251 0.3307
1252 0.3321
1253 0.33758
1254 0.33468
1255 0.33711
1256 0.33935
1257 0.33608
1258 0.34375
1259 0.34184
1260 0.33902
1261 0.33658
1262 0.33277
1263 0.33424
1264 0.33319
1265 0.32849
1266 0.32845
1267 0.32378
1268 0.32336
1269 0.3322
1270 0.31152
1271 0.31727
1272 0.31815
1273 0.31851
1274 0.3167
1275 0.3111
1276 0.31058
1277 0.30824
1278 0.30562
1279 0.29577
1280 0.30566
1281 0.301
1282 0.31557
1283 0.31626
1284 0.32201
1285 0.31703
1286 0.32027
1287 0.3224
1288 0.31819
1289 0.31923
1290 0.32288
1291 0.31939
1292 0.32084
1293 0.30945
1294 0.29767
1295 0.30159
1296 0.30984
1297 0.31011
1298 0.30196
1299 0.30033
1300 0.30287
1301 0.30235
1302 0.30889
1303 0.30416
1304 0.31458
1305 0.31144
1306 0.31604
1307 0.3114
1308 0.30648
1309 0.29805
1310 0.29277
1311 0.28291
1312 0.29251
1313 0.30696
1314 0.30963
1315 0.30432
1316 0.30238
1317 0.30203
1318 0.30447
1319 0.3132
1320 0.31068
1321 0.30722
1322 0.31481
1323 0.31744
1324 0.31574
1325 0.3166
1326 0.32252
1327 0.314
1328 0.33342
1329 0.33077
1330 0.32943
1331 0.32674
1332 0.33017
1333 0.32787
1334 0.33158
1335 0.32567
1336 0.32797
1337 0.32372
1338 0.31254
1339 0.31119
1340 0.31077
1341 0.30849
1342 0.31884
1343 0.32134
1344 0.31793
1345 0.32464
1346 0.32998
1347 0.33411
1348 0.33613
1349 0.34221
1350 0.35029
1351 0.35024
1352 0.35427
1353 0.33473
1354 0.33066
1355 0.32453
1356 0.32306
1357 0.32376
1358 0.3247
1359 0.32739
1360 0.33308
1361 0.33341
1362 0.3455
1363 0.35757
1364 0.35931
1365 0.34911
1366 0.35169
1367 0.33786
1368 0.3408
1369 0.33996
1370 0.32278
1371 0.3164
1372 0.30885
1373 0.30983
1374 0.3069
1375 0.30903
1376 0.30743
1377 0.3043
1378 0.29789
1379 0.29372
1380 0.29332
1381 0.29866
1382 0.29538
1383 0.30126
1384 0.30767
1385 0.29875
1386 0.29082
1387 0.28946
1388 0.27844
1389 0.27811
1390 0.27213
1391 0.26717
1392 0.26748
1393 0.26673
1394 0.26812
1395 0.27625
1396 0.28195
1397 0.28061
1398 0.27981
1399 0.2791
1400 0.28389
1401 0.28286
1402 0.28146
1403 0.28708
1404 0.29882
1405 0.29206
1406 0.28354
1407 0.28296
1408 0.28254
1409 0.28484
1410 0.28789
1411 0.2852
1412 0.31831
1413 0.32657
1414 0.34401
1415 0.33713
1416 0.33929
1417 0.32904
1418 0.33529
1419 0.33307
1420 0.33348
1421 0.32557
1422 0.32426
1423 0.32718
1424 0.33247
1425 0.33094
1426 0.34144
1427 0.33856
1428 0.33622
1429 0.34065
1430 0.34762
1431 0.35642
1432 0.34649
1433 0.34289
1434 0.33277
1435 0.35607
1436 0.35558
1437 0.35511
1438 0.34962
1439 0.30994
1440 0.32279
1441 0.32087
1442 0.33211
1443 0.3342
1444 0.33285
1445 0.3329
1446 0.33628
1447 0.3252
1448 0.3297
1449 0.3209
1450 0.31346
1451 0.31546
1452 0.31301
1453 0.31019
1454 0.3083
1455 0.30264
1456 0.30003
1457 0.30659
1458 0.30502
1459 0.31235
1460 0.30056
1461 0.29158
1462 0.29556
1463 0.29639
1464 0.2966
1465 0.28931
1466 0.29722
1467 0.2926
1468 0.29085
1469 0.29309
1470 0.28626
1471 0.28184
1472 0.28371
1473 0.27648
1474 0.27699
1475 0.2764
1476 0.28228
1477 0.27891
1478 0.27318
1479 0.26831
1480 0.26718
1481 0.27716
1482 0.27417
1483 0.30019
1484 0.29902
1485 0.30061
1486 0.29435
1487 0.30027
1488 0.30183
1489 0.30393
1490 0.30997
1491 0.30568
1492 0.31143
1493 0.30686
1494 0.30295
1495 0.3054
1496 0.29921
1497 0.30372
1498 0.30771
1499 0.31735
1500 0.31341
1501 0.30798
1502 0.31105
1503 0.31028
1504 0.30709
1505 0.29944
1506 0.29171
1507 0.30295
1508 0.28839
1509 0.28345
1510 0.29271
1511 0.28455
1512 0.28379
1513 0.27537
1514 0.2697
1515 0.27793
1516 0.2818
1517 0.27971
1518 0.27792
1519 0.27824
1520 0.27901
1521 0.28169
1522 0.28398
1523 0.28251
1524 0.27617
1525 0.27858
1526 0.28407
1527 0.2873
1528 0.28231
1529 0.28862
1530 0.29585
1531 0.29528
1532 0.29495
1533 0.30494
1534 0.30494
1535 0.29747
1536 0.30201
1537 0.30629
1538 0.30889
1539 0.30151
1540 0.29526
1541 0.29942
1542 0.30523
1543 0.30056
1544 0.28744
1545 0.28262
1546 0.28509
1547 0.28949
1548 0.30199
1549 0.30139
1550 0.30681
1551 0.30351
1552 0.29935
1553 0.30173
1554 0.2983
1555 0.31327
1556 0.30774
1557 0.30622
1558 0.29794
1559 0.29794
1560 0.29481
1561 0.30247
1562 0.30384
1563 0.29703
1564 0.29128
1565 0.30333
1566 0.29372
1567 0.30572
1568 0.31034
1569 0.31477
1570 0.30882
1571 0.30917
1572 0.3081
1573 0.28971
1574 0.29453
1575 0.29144
1576 0.29356
1577 0.28959
1578 0.31176
1579 0.30863
1580 0.30506
1581 0.31194
1582 0.31319
1583 0.31248
1584 0.32019
1585 0.31232
1586 0.31679
1587 0.3127
1588 0.32345
1589 0.32821
1590 0.32756
1591 0.31679
1592 0.31438
1593 0.31333
1594 0.33497
1595 0.33248
1596 0.32794
1597 0.32433
1598 0.32815
1599 0.32604
1600 0.33057
1601 0.33497
1602 0.34021
1603 0.33961
1604 0.34533
1605 0.34783
1606 0.35958
1607 0.35426
1608 0.34495
1609 0.33781
1610 0.33607
1611 0.33077
1612 0.33413
1613 0.33223
1614 0.32893
1615 0.34304
1616 0.35741
1617 0.3586
1618 0.3634
1619 0.35631
1620 0.36732
1621 0.37208
1622 0.37595
1623 0.35595
1624 0.35952
1625 0.35816
1626 0.37023
1627 0.37658
1628 0.37545
1629 0.37273
1630 0.3732
1631 0.36983
1632 0.36858
1633 0.36843
1634 0.37381
1635 0.37256
1636 0.38035
1637 0.38013
1638 0.38316
1639 0.40005
1640 0.3822
1641 0.38375
1642 0.38682
1643 0.3721
1644 0.36491
1645 0.35896
1646 0.35271
1647 0.34706
1648 0.36164
1649 0.36277
1650 0.36797
1651 0.36173
1652 0.34022
1653 0.35147
1654 0.35369
1655 0.36012
1656 0.3579
1657 0.35717
1658 0.35387
1659 0.35402
1660 0.35971
1661 0.37394
1662 0.35516
1663 0.34752
1664 0.34675
1665 0.36293
1666 0.36317
1667 0.36033
1668 0.36698
1669 0.36489
1670 0.36046
1671 0.35685
1672 0.35336
1673 0.35334
1674 0.33699
1675 0.34515
1676 0.3411
1677 0.34707
1678 0.33693
1679 0.34024
1680 0.33774
1681 0.34006
1682 0.33738
1683 0.33708
1684 0.3356
1685 0.32946
1686 0.33929
1687 0.34018
1688 0.34643
1689 0.33643
1690 0.32679
1691 0.3271
1692 0.31998
1693 0.30993
1694 0.33431
1695 0.32868
1696 0.32382
1697 0.32239
1698 0.31913
1699 0.30891
1700 0.30868
1701 0.2932
1702 0.28404
1703 0.28286
1704 0.27306
1705 0.27293
1706 0.26703
1707 0.26203
1708 0.26789
1709 0.26961
1710 0.26514
1711 0.26395
1712 0.25871
1713 0.2444
1714 0.24738
1715 0.27369
1716 0.26685
1717 0.28744
1718 0.29423
1719 0.27304
1720 0.27843
1721 0.26911
1722 0.27542
1723 0.27825
1724 0.28229
1725 0.26771
1726 0.28563
1727 0.29146
1728 0.29095
1729 0.29179
1730 0.29446
1731 0.32185
1732 0.32705
1733 0.33157
1734 0.3336
1735 0.33395
1736 0.32532
1737 0.32842
1738 0.32937
1739 0.31448
1740 0.31181
1741 0.31068
1742 0.31034
1743 0.30696
1744 0.31446
1745 0.31738
1746 0.33542
1747 0.34125
1748 0.34374
1749 0.34791
1750 0.34458
1751 0.35042
1752 0.35292
1753 0.35284
1754 0.34659
1755 0.34326
1756 0.34492
1757 0.35125
1758 0.35736
1759 0.36313
1760 0.36813
1761 0.37426
1762 0.38681
1763 0.38622
1764 0.38462
1765 0.38176
1766 0.38301
1767 0.39437
1768 0.39853
1769 0.39492
1770 0.3973
1771 0.39841
1772 0.40491
1773 0.39729
1774 0.40384
1775 0.40402
1776 0.38806
1777 0.39264
1778 0.39067
1779 0.38845
1780 0.38654
1781 0.38196
1782 0.38702
1783 0.38785
1784 0.39134
1785 0.38578
1786 0.37294
1787 0.37585
1788 0.36993
1789 0.36042
1790 0.36146
1791 0.37482
1792 0.37675
1793 0.36559
1794 0.36113
1795 0.36113
1796 0.37163
1797 0.36679
1798 0.36705
1799 0.35896
1800 0.3609
1801 0.35709
1802 0.36771
1803 0.37527
1804 0.37313
1805 0.36988
1806 0.36491
1807 0.36958
1808 0.38412
1809 0.37995
1810 0.38519
1811 0.38058
1812 0.3823
1813 0.38584
1814 0.37741
1815 0.36463
1816 0.35172
1817 0.33164
1818 0.33113
1819 0.32685
1820 0.32173
1821 0.31518
1822 0.31357
1823 0.30357
1824 0.30357
1825 0.29851
1826 0.29851
1827 0.30214
1828 0.30222
1829 0.31264
1830 0.29347
1831 0.30597
1832 0.29347
1833 0.31196
1834 0.31946
1835 0.32208
1836 0.31167
1837 0.32917
1838 0.32881
1839 0.33089
1840 0.32667
1841 0.31833
1842 0.32375
1843 0.32792
1844 0.32815
1845 0.32524
1846 0.33774
1847 0.33649
1848 0.33292
1849 0.33417
1850 0.345
1851 0.34375
1852 0.3325
1853 0.32464
1854 0.32839
1855 0.31443
1856 0.31443
1857 0.32574
1858 0.30699
1859 0.30438
1860 0.31097
1861 0.31514
1862 0.31431
1863 0.31056
1864 0.32972
1865 0.33431
1866 0.34528
1867 0.33035
1868 0.32201
1869 0.34065
1870 0.33982
1871 0.33839
1872 0.36774
1873 0.33708
1874 0.33708
1875 0.34438
1876 0.34729
1877 0.3461
1878 0.32693
1879 0.32902
1880 0.33021
1881 0.32919
1882 0.32667
1883 0.32354
1884 0.32271
1885 0.32687
1886 0.32403
1887 0.3288
1888 0.3263
1889 0.32283
1890 0.32304
1891 0.32929
1892 0.32908
1893 0.34036
1894 0.35077
1895 0.35973
1896 0.37813
1897 0.38393
1898 0.39039
1899 0.38948
1900 0.38226
1901 0.38194
1902 0.38194
1903 0.39653
1904 0.39826
1905 0.39229
1906 0.38813
1907 0.37993
1908 0.39563
1909 0.39208
1910 0.3975
1911 0.3975
1912 0.395
1913 0.395
1914 0.39583
1915 0.38958
1916 0.38458
1917 0.38091
1918 0.36841
1919 0.37373
1920 0.36548
1921 0.36548
1922 0.37548
1923 0.37512
1924 0.37333
1925 0.39729
1926 0.39714
1927 0.39917
1928 0.39363
1929 0.39646
1930 0.36759
1931 0.37092
1932 0.36217
1933 0.36217
1934 0.35646
1935 0.36646
1936 0.36479
1937 0.36622
1938 0.36318
1939 0.3547
1940 0.3597
1941 0.36923
1942 0.35137
1943 0.35506
1944 0.34256
1945 0.34048
1946 0.3375
1947 0.3525
1948 0.35071
1949 0.35071
1950 0.33262
1951 0.32429
1952 0.31929
1953 0.31363
1954 0.30705
1955 0.31497
1956 0.31357
1957 0.31006
1958 0.31452
1959 0.32405
1960 0.32938
1961 0.36188
1962 0.37089
1963 0.36714
1964 0.37042
1965 0.37464
1966 0.37381
1967 0.37839
1968 0.38214
1969 0.38554
1970 0.39179
1971 0.4044
1972 0.39574
1973 0.38324
1974 0.38146
1975 0.39238
1976 0.39357
1977 0.3875
1978 0.40174
1979 0.40319
1980 0.40292
1981 0.41542
1982 0.40667
1983 0.40042
1984 0.41069
1985 0.40986
1986 0.40083
1987 0.39458
1988 0.38958
1989 0.39702
1990 0.39758
1991 0.39292
1992 0.39232
1993 0.38065
1994 0.36339
1995 0.37089
1996 0.37649
1997 0.37173
1998 0.39298
1999 0.40778
2000 0.4061
2001 0.41218
2002 0.4206
2003 0.42179
2004 0.41833
2005 0.40923
2006 0.41823
2007 0.42175
2008 0.42657
2009 0.43032
2010 0.42152
2011 0.41652
2012 0.41652
2013 0.41704
2014 0.42732
2015 0.4236
2016 0.43935
2017 0.44935
2018 0.44935
2019 0.45351
2020 0.44685
2021 0.44101
2022 0.43851
2023 0.44226
2024 0.44205
2025 0.45036
2026 0.44286
2027 0.4371
2028 0.4356
2029 0.4331
2030 0.4509
2031 0.4684
2032 0.46514
2033 0.47528
2034 0.47528
2035 0.46785
2036 0.46278
2037 0.46278
2038 0.46753
2039 0.46181
2040 0.42847
2041 0.42222
2042 0.45583
2043 0.45208
2044 0.44337
2045 0.44034
2046 0.45848
2047 0.46265
2048 0.4726
2049 0.46051
2050 0.45824
2051 0.46152
2052 0.465
2053 0.46292
2054 0.47667
2055 0.47708
2056 0.50167
2057 0.50083
2058 0.48139
2059 0.47951
2060 0.47594
2061 0.48219
2062 0.47935
2063 0.47893
2064 0.47845
2065 0.48637
2066 0.48738
2067 0.44411
2068 0.43429
2069 0.4478
2070 0.45238
2071 0.4456
2072 0.44282
2073 0.43907
2074 0.43532
2075 0.43539
2076 0.43887
2077 0.43554
2078 0.43604
2079 0.42423
2080 0.41784
2081 0.4151
2082 0.41552
2083 0.40839
2084 0.40589
2085 0.40589
2086 0.39869
2087 0.39512
2088 0.38929
2089 0.38804
2090 0.3869
2091 0.38732
2092 0.35345
2093 0.36167
2094 0.34708
2095 0.35419
2096 0.35419
2097 0.35351
2098 0.3556
2099 0.36185
2100 0.36815
2101 0.35732
2102 0.35565
2103 0.35161
2104 0.33286
2105 0.33702
2106 0.33369
2107 0.33161
2108 0.35333
2109 0.35375
2110 0.355
2111 0.35792
2112 0.36708
2113 0.36613
2114 0.36042
2115 0.36125
2116 0.36375
2117 0.36417
2118 0.3625
2119 0.3625
2120 0.35
2121 0.34405
2122 0.35321
2123 0.34863
2124 0.36113
2125 0.35321
2126 0.34613
2127 0.3578
2128 0.3628
2129 0.35768
2130 0.36631
2131 0.37259
2132 0.36938
2133 0.38188
2134 0.38327
2135 0.38577
2136 0.38176
2137 0.39217
2138 0.38134
2139 0.38646
2140 0.38479
2141 0.38583
2142 0.37655
2143 0.37093
2144 0.37927
2145 0.38315
2146 0.40149
2147 0.40381
2148 0.39935
2149 0.42149
2150 0.42774
2151 0.42567
2152 0.39442
2153 0.38942
2154 0.39327
2155 0.38563
2156 0.40537
2157 0.40953
2158 0.41217
2159 0.41967
2160 0.41688
2161 0.42754
2162 0.40851
2163 0.40664
2164 0.4039
2165 0.41818
2166 0.41693
2167 0.41009
2168 0.42676
2169 0.43342
2170 0.43813
2171 0.4381
2172 0.44018
2173 0.44726
2174 0.445
2175 0.43889
2176 0.43229
2177 0.43893
2178 0.43685
2179 0.42143
2180 0.42262
2181 0.41827
2182 0.41563
2183 0.42896
2184 0.4253
2185 0.42768
2186 0.41458
2187 0.4225
2188 0.43292
2189 0.48
2190 0.48375
2191 0.45696
2192 0.45399
2193 0.4494
2194 0.44423
2195 0.44631
2196 0.44631
2197 0.43369
2198 0.43
2199 0.41345
2200 0.41741
2201 0.44375
2202 0.44315
2203 0.45357
2204 0.45774
2205 0.46315
2206 0.45804
2207 0.45012
2208 0.45417
2209 0.45994
2210 0.45042
2211 0.4525
2212 0.45167
2213 0.44333
2214 0.3997
2215 0.39345
2216 0.39732
2217 0.39815
2218 0.38815
2219 0.37512
2220 0.37429
2221 0.38143
2222 0.38137
2223 0.38256
2224 0.37452
2225 0.38536
2226 0.38077
2227 0.37452
2228 0.3725
2229 0.39988
2230 0.40613
2231 0.40613
2232 0.40738
2233 0.39155
2234 0.36863
2235 0.38601
2236 0.41494
2237 0.41702
2238 0.41702
2239 0.42381
2240 0.43685
2241 0.43988
2242 0.44238
2243 0.44863
2244 0.4472
2245 0.44804
2246 0.44887
2247 0.45304
2248 0.45304
2249 0.46345
2250 0.45792
2251 0.45792
2252 0.45417
2253 0.4525
2254 0.44833
2255 0.43958
2256 0.43958
2257 0.44375
2258 0.44167
2259 0.44167
2260 0.425
2261 0.4325
2262 0.42
2263 0.42833
2264 0.4325
2265 0.44167
2266 0.47
2267 0.47
2268 0.445
2269 0.40875
2270 0.40875
2271 0.40292
2272 0.39708
2273 0.41583
2274 0.41583
2275 0.41583
2276 0.41167
2277 0.41667
2278 0.42292
2279 0.43125
2280 0.44083
2281 0.44083
2282 0.44226
2283 0.44351
2284 0.44976
2285 0.44458
2286 0.44458
2287 0.44458
2288 0.44208
2289 0.44083
2290 0.41583
2291 0.41958
2292 0.41875
2293 0.42
2294 0.41958
2295 0.44333
2296 0.46375
2297 0.48875
2298 0.46354
2299 0.46563
2300 0.46667
2301 0.46646
2302 0.46929
2303 0.47345
2304 0.46095
2305 0.45262
2306 0.45262
2307 0.45262
2308 0.42262
2309 0.42262
2310 0.41929
2311 0.44262
2312 0.44833
2313 0.44583
2314 0.44083
2315 0.4325
2316 0.42667
2317 0.42667
2318 0.42958
2319 0.41625
2320 0.41375
2321 0.4131
2322 0.41375
2323 0.40208
2324 0.40417
2325 0.39595
2326 0.40012
2327 0.41054
2328 0.41917
2329 0.4132
2330 0.40931
2331 0.41389
2332 0.40722
2333 0.40931
2334 0.40931
2335 0.40972
2336 0.40833
2337 0.40833
2338 0.42118
2339 0.42833
2340 0.4325
2341 0.42479
2342 0.42354
2343 0.4225
2344 0.40542
2345 0.41917
2346 0.41729
2347 0.42688
2348 0.42688
2349 0.42688
2350 0.41479
2351 0.42146
2352 0.42589
2353 0.42202
2354 0.43524
2355 0.44077
2356 0.43375
2357 0.42792
2358 0.42792
2359 0.42383
2360 0.42549
2361 0.42133
2362 0.43167
2363 0.43083
2364 0.41869
2365 0.41565
2366 0.41744
2367 0.41744
2368 0.45036
2369 0.44577
2370 0.43827
2371 0.40104
2372 0.40229
2373 0.40479
2374 0.39646
2375 0.3897
2376 0.4047
2377 0.38208
2378 0.38208
2379 0.38417
2380 0.38054
2381 0.385
2382 0.38125
2383 0.39583
2384 0.405
2385 0.39208
2386 0.39792
2387 0.40958
2388 0.41208
2389 0.42875
2390 0.45333
2391 0.47833
2392 0.47833
2393 0.47
2394 0.47417
2395 0.46708
2396 0.47667
2397 0.45387
2398 0.44583
2399 0.45208
2400 0.45506
2401 0.45298
2402 0.45089
2403 0.44935
2404 0.43726
2405 0.41893
2406 0.41726
2407 0.41351
2408 0.4156
2409 0.4156
2410 0.43167
2411 0.43333
2412 0.40762
2413 0.41595
2414 0.41
2415 0.39188
2416 0.38396
2417 0.39229
2418 0.3875
2419 0.36458
2420 0.35
2421 0.35167
2422 0.36482
2423 0.36607
2424 0.36607
2425 0.35357
2426 0.36607
2427 0.3594
2428 0.37917
2429 0.37917
2430 0.36083
2431 0.36708
2432 0.35958
2433 0.35958
2434 0.36333
2435 0.36375
2436 0.345
2437 0.345
2438 0.33988
2439 0.34405
2440 0.34405
2441 0.34821
2442 0.35655
2443 0.35714
2444 0.37798
2445 0.35893
2446 0.36726
2447 0.36726
2448 0.36851
2449 0.36851
2450 0.3656
2451 0.3531
2452 0.3606
2453 0.33083
2454 0.3225
2455 0.33071
2456 0.31679
2457 0.34
2458 0.33
2459 0.33321
2460 0.32125
2461 0.33333
2462 0.33417
2463 0.33708
2464 0.34125
2465 0.34125
2466 0.33708
2467 0.36208
2468 0.38708
2469 0.39292
2470 0.39411
2471 0.38869
2472 0.3875
2473 0.38208
2474 0.38208
2475 0.385
2476 0.38375
2477 0.40208
2478 0.40958
2479 0.4325
2480 0.4325
2481 0.4325
2482 0.42917
2483 0.44375
2484 0.43958
2485 0.44375
2486 0.44792
2487 0.44167
2488 0.44167
2489 0.44167
2490 0.45179
2491 0.45625
2492 0.45
2493 0.43458
2494 0.43458
2495 0.43792
2496 0.44667
2497 0.44542
2498 0.42875
2499 0.41208
2500 0.40833
2501 0.40958
2502 0.41792
2503 0.35958
2504 0.35333
2505 0.37
2506 0.37
2507 0.37
2508 0.36851
2509 0.3631
2510 0.3631
2511 0.35893
2512 0.35643
2513 0.35893
2514 0.35476
2515 0.34768
2516 0.34643
2517 0.38185
2518 0.39792
2519 0.39708
2520 0.39792
2521 0.3875
2522 0.39167
2523 0.4
2524 0.39167
2525 0.36167
2526 0.35625
2527 0.35625
2528 0.34792
2529 0.34792
2530 0.39583
2531 0.39792
2532 0.39417
2533 0.37958
2534 0.37958
2535 0.37958
2536 0.38167
2537 0.40875
2538 0.39625
2539 0.39708
2540 0.39708
2541 0.39792
2542 0.39792
2543 0.39708
2544 0.39708
2545 0.39583
2546 0.39458
2547 0.39333
2548 0.39333
2549 0.39333
2550 0.41125
2551 0.415
2552 0.41833
2553 0.41833
2554 0.41208
2555 0.41708
2556 0.38375
2557 0.38375
2558 0.38375
2559 0.38375
2560 0.38375
2561 0.38429
2562 0.38792
2563 0.39125
2564 0.39083
2565 0.39083
2566 0.37
2567 0.37
2568 0.37667
2569 0.37542
2570 0.39125
2571 0.39
2572 0.38792
2573 0.40042
2574 0.39625
2575 0.37125
2576 0.37083
2577 0.37452
2578 0.37452
2579 0.37827
2580 0.34494
2581 0.35327
2582 0.35327
2583 0.35625
2584 0.38125
2585 0.38542
2586 0.40625
2587 0.40417
2588 0.40417
2589 0.40417
2590 0.40417
2591 0.41167
2592 0.41167
2593 0.43333
2594 0.40208
2595 0.42542
2596 0.43167
2597 0.45667
2598 0.45042
2599 0.45042
2600 0.46417
2601 0.46
2602 0.4475
2603 0.44833
2604 0.44583
2605 0.46083
2606 0.46083
2607 0.44
2608 0.44
2609 0.40667
2610 0.40583
2611 0.40583
2612 0.40583
2613 0.40583
2614 0.41167
2615 0.41583
2616 0.41083
2617 0.41
2618 0.40583
2619 0.41
2620 0.42
2621 0.39375
2622 0.37875
2623 0.37292
2624 0.37292
2625 0.36815
2626 0.36815
2627 0.36815
2628 0.35982
2629 0.37357
2630 0.37417
2631 0.37083
2632 0.34583
2633 0.32649
2634 0.33208
2635 0.33625
2636 0.36458
2637 0.37292
2638 0.36875
2639 0.36708
2640 0.35744
2641 0.34077
2642 0.33958
2643 0.33958
2644 0.34182
2645 0.34182
2646 0.34182
2647 0.32813
2648 0.33083
2649 0.33083
2650 0.34625
2651 0.35875
2652 0.35542
2653 0.35958
2654 0.34202
2655 0.34619
2656 0.36833
2657 0.36167
2658 0.36292
2659 0.35833
2660 0.36125
2661 0.36125
2662 0.37375
2663 0.38417
2664 0.38
2665 0.38792
2666 0.40042
2667 0.40875
2668 0.41292
2669 0.43583
2670 0.44417
2671 0.45667
2672 0.46917
2673 0.46917
2674 0.46917
2675 0.48667
2676 0.47625
2677 0.47625
2678 0.46905
2679 0.47083
2680 0.47333
2681 0.47333
2682 0.4825
2683 0.4825
2684 0.485
2685 0.4825
2686 0.47917
2687 0.48125
2688 0.48125
2689 0.48458
2690 0.45958
2691 0.43458
2692 0.43333
2693 0.40655
2694 0.43333
2695 0.43333
2696 0.43083
2697 0.43083
2698 0.42619
2699 0.43125
2700 0.41536
2701 0.39167
2702 0.39583
2703 0.39167
2704 0.39167
2705 0.39167
2706 0.39286
2707 0.39702
2708 0.39833
2709 0.39583
2710 0.40208
2711 0.40417
2712 0.37917
2713 0.40417
2714 0.39583
2715 0.37542
2716 0.37542
2717 0.37333
2718 0.37208
2719 0.39708
2720 0.39708
2721 0.39708
2722 0.39708
2723 0.40708
2724 0.38
2725 0.37167
2726 0.36958
2727 0.36958
2728 0.37167
2729 0.38833
2730 0.39875
2731 0.40208
2732 0.39375
2733 0.3925
2734 0.39667
2735 0.40917
2736 0.40917
2737 0.39345
2738 0.40479
2739 0.40771
2740 0.40583
2741 0.40583
2742 0.40628
2743 0.40688
2744 0.39229
2745 0.38021
2746 0.38229
2747 0.38229
2748 0.39479
2749 0.37604
2750 0.37173
2751 0.37083
2752 0.36208
2753 0.34125
2754 0.34333
2755 0.31208
2756 0.30833
2757 0.30833
2758 0.30833
2759 0.29833
2760 0.29583
2761 0.29583
2762 0.3125
2763 0.27917
2764 0.27917
2765 0.29792
2766 0.28958
2767 0.2875
2768 0.29542
2769 0.31833
2770 0.31833
2771 0.31833
2772 0.31458
2773 0.31042
2774 0.32292
2775 0.32292
2776 0.33125
2777 0.35417
2778 0.3875
2779 0.39167
2780 0.39167
2781 0.39167
2782 0.39375
2783 0.39375
2784 0.39583
2785 0.4
2786 0.40655
2787 0.40571
2788 0.40214
2789 0.39548
2790 0.39339
2791 0.39339
2792 0.39018
2793 0.38768
2794 0.35
2795 0.35125
2796 0.35125
2797 0.35458
2798 0.3575
2799 0.36042
2800 0.35958
2801 0.34917
2802 0.34917
2803 0.33542
2804 0.33625
2805 0.33625
2806 0.32958
2807 0.32875
2808 0.31875
2809 0.32125
2810 0.30875
2811 0.30375
2812 0.285
2813 0.28708
2814 0.29708
2815 0.30792
2816 0.30625
2817 0.30387
2818 0.29137
2819 0.32929
2820 0.32929
2821 0.33229
2822 0.33021
2823 0.32854
2824 0.32687
2825 0.36646
2826 0.39771
2827 0.37306
2828 0.40222
2829 0.39972
2830 0.39556
2831 0.39979
2832 0.38179
2833 0.38512
2834 0.37054
2835 0.37887
2836 0.40387
2837 0.40012
2838 0.40012
2839 0.39804
2840 0.40042
2841 0.39583
2842 0.4
2843 0.4
2844 0.39792
2845 0.40625
2846 0.38542
2847 0.41458
2848 0.42
2849 0.41583
2850 0.42
2851 0.4075
2852 0.39792
2853 0.43333
2854 0.43333
2855 0.43333
2856 0.42083
2857 0.42083
2858 0.41833
2859 0.39988
2860 0.3975
2861 0.41
2862 0.41833
2863 0.44333
2864 0.44333
2865 0.41458
2866 0.41458
2867 0.41458
2868 0.41101
2869 0.41101
2870 0.41101
2871 0.42476
2872 0.44833
2873 0.44708
2874 0.44708
2875 0.47208
2876 0.46851
2877 0.46018
2878 0.46018
2879 0.42729
2880 0.44688
2881 0.44479
2882 0.44479
2883 0.44688
2884 0.44688
2885 0.44097
2886 0.42438
2887 0.42264
2888 0.42264
2889 0.39063
2890 0.39063
2891 0.38601
2892 0.36667
2893 0.37083
2894 0.37208
2895 0.36708
2896 0.37
2897 0.36042
2898 0.35917
2899 0.36042
2900 0.34458
2901 0.35083
2902 0.34583
2903 0.34083
2904 0.34083
2905 0.33042
2906 0.33042
2907 0.32917
2908 0.34792
2909 0.34792
2910 0.34792
2911 0.34792
2912 0.35292
2913 0.34667
2914 0.34667
2915 0.35917
2916 0.35917
2917 0.36542
2918 0.3675
2919 0.33
2920 0.33
2921 0.34792
2922 0.36042
2923 0.36042
2924 0.36042
2925 0.3631
2926 0.35048
2927 0.35048
2928 0.34125
2929 0.31625
2930 0.31417
2931 0.34393
2932 0.34393
2933 0.3475
2934 0.37375
2935 0.37375
2936 0.37375
2937 0.36435
2938 0.36435
2939 0.35917
2940 0.33
2941 0.3425
2942 0.3425
2943 0.33417
2944 0.34125
2945 0.35375
2946 0.34958
2947 0.34958
2948 0.34375
2949 0.34375
2950 0.35042
2951 0.36292
2952 0.36042
2953 0.36875
2954 0.37292
2955 0.37292
2956 0.38958
2957 0.41042
2958 0.39583
2959 0.3925
2960 0.39458
2961 0.40083
2962 0.38375
2963 0.38375
2964 0.38625
2965 0.36625
2966 0.36625
2967 0.36208
2968 0.36833
2969 0.36667
2970 0.34167
2971 0.33125
2972 0.33125
2973 0.32304
2974 0.32679
2975 0.32679
2976 0.33095
2977 0.33095
2978 0.35179
2979 0.34929
2980 0.34929
2981 0.34929
2982 0.3475
2983 0.35208
2984 0.37708
2985 0.40417
2986 0.39583
2987 0.39417
2988 0.39417
2989 0.41917
2990 0.40667
2991 0.4025
2992 0.40667
2993 0.40667
2994 0.40833
2995 0.41083
2996 0.42083
2997 0.42333
2998 0.4275
2999 0.4275
3000 0.44375
3001 0.41458
3002 0.41458
3003 0.42292
3004 0.41935
3005 0.41935
3006 0.41518
3007 0.42768
3008 0.4506
3009 0.44851
3010 0.44375
3011 0.44375
3012 0.44292
3013 0.43042
3014 0.43042
3015 0.43042
3016 0.44083
3017 0.43958
3018 0.41458
3019 0.44792
3020 0.45625
3021 0.45625
3022 0.43125
3023 0.43125
3024 0.45625
3025 0.45417
3026 0.45417
3027 0.45417
3028 0.44167
3029 0.50417
3030 0.52917
3031 0.52917
3032 0.52083
3033 0.49167
3034 0.46667
3035 0.46667
3036 0.46667
3037 0.49583
3038 0.45417
3039 0.44917
3040 0.42417
3041 0.42417
3042 0.43792
3043 0.43792
3044 0.42542
3045 0.41292
3046 0.41042
3047 0.40625
3048 0.41042
3049 0.40792
3050 0.39542
3051 0.39542
3052 0.39167
3053 0.39167
3054 0.36667
3055 0.36667
3056 0.36458
3057 0.34167
3058 0.34167
3059 0.34167
3060 0.34167
3061 0.34167
3062 0.31667
3063 0.31667
3064 0.3
3065 0.3
3066 0.3
3067 0.3
3068 0.275
3069 0.275
3070 0.275
3071 0.25
3072 0.225
3073 0.225
3074 0.25
3075 0.2375
3076 0.25
3077 0.21667
3078 0.21667
3079 0.24167
3080 0.24167
3081 0.2375
3082 0.2375
3083 0.24583
3084 0.24583
3085 0.24583
3086 0.24583
3087 0.24583
3088 0.25
3089 0.25
3090 0.275
3091 0.275
3092 0.275
3093 0.2625
3094 0.2625
3095 0.2875
3096 0.2875
3097 0.29167
3098 0.295
3099 0.2825
3100 0.2825
3101 0.28125
3102 0.29375
3103 0.29375
3104 0.29375
3105 0.29375
3106 0.27917
3107 0.27917
3108 0.27917
3109 0.27917
3110 0.30417
3111 0.30417
3112 0.30417
3113 0.30417
3114 0.30417
3115 0.31667
3116 0.34167
3117 0.34167
3118 0.34375
3119 0.34375
3120 0.34375
3121 0.33125
3122 0.33125
3123 0.33125
3124 0.38125
3125 0.38125
3126 0.375
3127 0.375
3128 0.3625
3129 0.35417
3130 0.35417
3131 0.32917
3132 0.32917
3133 0.32917
3134 0.325
3135 0.325
3136 0.32083
3137 0.35
3138 0.3625
3139 0.35
3140 0.3525
3141 0.3525
3142 0.3525
3143 0.33036
3144 0.33452
3145 0.36786
3146 0.38036
3147 0.38036
3148 0.38125
3149 0.38333
3150 0.38333
3151 0.35833
3152 0.35833
3153 0.35833
3154 0.36167
3155 0.37
3156 0.345
3157 0.33667
3158 0.33667
3159 0.34167
3160 0.34167
3161 0.34167
3162 0.3375
3163 0.3375
3164 0.34167
3165 0.34167
3166 0.34167
3167 0.34167
3168 0.34167
3169 0.34167
3170 0.35833
3171 0.35833
3172 0.34583
3173 0.34583
3174 0.33333
3175 0.33333
3176 0.33542
3177 0.30833
3178 0.30833
3179 0.30833
3180 0.34583
3181 0.34583
3182 0.35417
3183 0.35417
3184 0.35417
3185 0.35
3186 0.3125
3187 0.3125
3188 0.3125
3189 0.3125
3190 0.3125
3191 0.3
3192 0.3
3193 0.3
3194 0.30625
3195 0.30625
3196 0.33125
3197 0.33125
3198 0.33125
3199 0.31875
3200 0.33125
3201 0.33125
3202 0.35625
3203 0.35625
3204 0.35625
3205 0.31667
3206 0.31667
3207 0.31667
3208 0.31667
3209 0.31042
3210 0.31042
3211 0.32
3212 0.32
3213 0.32
3214 0.32
3215 0.32
3216 0.32
3217 0.32
3218 0.3325
3219 0.33125
3220 0.32708
3221 0.30208
3222 0.30208
3223 0.30208
3224 0.27396
3225 0.27396
3226 0.24521
3227 0.24896
3228 0.2756
3229 0.2756
3230 0.2756
3231 0.275
3232 0.275
3233 0.2756
3234 0.27976
3235 0.30476
3236 0.29226
3237 0.29306
3238 0.29306
3239 0.29271
3240 0.29167
3241 0.28958
3242 0.28958
3243 0.27708
3244 0.27708
3245 0.27708
3246 0.27708
3247 0.27708
3248 0.27708
3249 0.2875
3250 0.2875
3251 0.30625
3252 0.29375
3253 0.29375
3254 0.29375
3255 0.30625
3256 0.33125
3257 0.34
3258 0.35
3259 0.35
3260 0.325
3261 0.3275
3262 0.32083
3263 0.30833
3264 0.29583
3265 0.29583
3266 0.30208
3267 0.30208
3268 0.35208
3269 0.35208
3270 0.375
3271 0.375
3272 0.375
3273 0.38125
3274 0.36375
3275 0.36375
3276 0.36625
3277 0.35667
3278 0.3775
3279 0.3775
3280 0.38542
3281 0.38333
3282 0.38042
3283 0.38042
3284 0.38042
3285 0.38042
3286 0.375
3287 0.375
3288 0.375
3289 0.35625
3290 0.34375
3291 0.33125
3292 0.3
3293 0.275
3294 0.26375
3295 0.3125
3296 0.3
3297 0.295
3298 0.29167
3299 0.3125
3300 0.31667
3301 0.31667
3302 0.3125
3303 0.30417
3304 0.30417
3305 0.30417
3306 0.30625
3307 0.30625
3308 0.31458
3309 0.31042
3310 0.31042
3311 0.31042
3312 0.28542
3313 0.28542
3314 0.28958
3315 0.28958
3316 0.29583
3317 0.29583
3318 0.29583
3319 0.3125
3320 0.29167
3321 0.29167
3322 0.29167
3323 0.29167
3324 0.2875
3325 0.2875
3326 0.3
3327 0.325
3328 0.325
3329 0.325
3330 0.325
3331 0.325
3332 0.32917
3333 0.33333
3334 0.37083
3335 0.33833
3336 0.325
3337 0.3244
3338 0.3194
3339 0.31583
3340 0.31583
3341 0.29083
3342 0.30208
3343 0.32708
3344 0.30208
3345 0.30833
3346 0.30833
3347 0.3119
3348 0.3119
3349 0.3125
3350 0.2975
3351 0.30375
3352 0.30375
3353 0.29958
3354 0.2975
3355 0.29958
3356 0.29958
3357 0.31208
3358 0.2847
3359 0.29333
3360 0.29542
3361 0.29958
3362 0.31333
3363 0.32583
3364 0.3325
3365 0.33333
3366 0.3375
3367 0.3625
3368 0.3625
3369 0.3625
3370 0.3625
3371 0.3625
3372 0.3625
3373 0.3625
3374 0.32083
3375 0.32917
3376 0.29167
3377 0.29167
3378 0.31667
3379 0.31667
3380 0.31667
3381 0.31667
3382 0.30833
3383 0.29583
3384 0.295
3385 0.29167
3386 0.3
3387 0.30417
3388 0.3
3389 0.2875
3390 0.2625
3391 0.275
3392 0.3
3393 0.3125
3394 0.32083
3395 0.32083
3396 0.32083
3397 0.32083
3398 0.29583
3399 0.29583
3400 0.29583
3401 0.32083
3402 0.34583
3403 0.34583
3404 0.32917
3405 0.32917
3406 0.32917
3407 0.32917
3408 0.32917
3409 0.32917
3410 0.32708
3411 0.32917
3412 0.33333
3413 0.33333
3414 0.3325
3415 0.3325
3416 0.32
3417 0.31583
3418 0.32
3419 0.3075
3420 0.3075
3421 0.32
3422 0.32833
3423 0.30333
3424 0.30417
3425 0.30417
3426 0.25417
3427 0.25208
3428 0.26458
3429 0.31875
3430 0.34792
3431 0.34792
3432 0.36042
3433 0.34792
3434 0.34792
3435 0.36042
3436 0.36667
3437 0.36667
3438 0.36458
3439 0.37292
3440 0.37292
3441 0.37292
3442 0.38542
3443 0.38542
3444 0.39375
3445 0.39375
3446 0.34375
3447 0.34375
3448 0.34375
3449 0.34375
3450 0.34375
3451 0.345
3452 0.345
3453 0.32
3454 0.3325
3455 0.25625
3456 0.26875
3457 0.26875
3458 0.3
3459 0.3125
3460 0.3125
3461 0.3125
3462 0.3125
3463 0.3125
3464 0.32917
3465 0.33542
3466 0.33542
3467 0.33542
3468 0.36042
3469 0.36042
3470 0.36042
3471 0.36042
3472 0.36042
3473 0.36042
3474 0.36042
3475 0.36042
3476 0.34792
3477 0.34792
3478 0.32292
3479 0.3125
3480 0.3125
3481 0.31042
3482 0.31458
3483 0.34167
3484 0.34167
3485 0.33333
3486 0.32708
3487 0.32708
3488 0.325
3489 0.325
3490 0.3
3491 0.3
3492 0.325
3493 0.325
3494 0.30833
3495 0.30833
3496 0.30833
3497 0.30833
3498 0.32917
3499 0.32917
3500 0.35
3501 0.4125
3502 0.4125
3503 0.4125
3504 0.39583
3505 0.39583
3506 0.39583
3507 0.37083
3508 0.34583
3509 0.34583
3510 0.34583
3511 0.36667
3512 0.36667
3513 0.35833
3514 0.37143
3515 0.35893
3516 0.3631
3517 0.3381
3518 0.3631
3519 0.3631
3520 0.38185
3521 0.39435
3522 0.39435
3523 0.39435
3524 0.39435
3525 0.39792
3526 0.37083
3527 0.37292
3528 0.34167
3529 0.31375
3530 0.31375
3531 0.31375
3532 0.3075
3533 0.31375
3534 0.315
3535 0.34
3536 0.34917
3537 0.34917
3538 0.34917
3539 0.32417
3540 0.345
3541 0.345
3542 0.32417
3543 0.31583
3544 0.31458
3545 0.30208
3546 0.30208
3547 0.30208
3548 0.30208
3549 0.30208
3550 0.27708
3551 0.275
3552 0.3125
3553 0.30833
3554 0.32083
3555 0.325
3556 0.31875
3557 0.33125
3558 0.32917
3559 0.325
3560 0.3625
3561 0.3625
3562 0.37083
3563 0.37083
3564 0.37083
3565 0.37083
3566 0.37083
3567 0.3875
3568 0.3875
3569 0.3875
3570 0.38333
3571 0.3875
3572 0.3875
3573 0.38333
3574 0.385
3575 0.3975
3576 0.385
3577 0.3475
3578 0.3475
3579 0.3875
3580 0.38333
3581 0.38333
3582 0.38333
3583 0.35
3584 0.325
3585 0.325
3586 0.3375
3587 0.3625
3588 0.3375
3589 0.3375
3590 0.33333
3591 0.33333
3592 0.33333
3593 0.36083
3594 0.365
3595 0.35625
3596 0.34375
3597 0.35208
3598 0.35208
3599 0.35333
3600 0.31048
3601 0.31048
3602 0.31048
3603 0.31048
3604 0.30089
3605 0.30089
3606 0.29256
3607 0.29256
3608 0.29048
3609 0.29256
3610 0.29464
3611 0.26964
3612 0.26964
3613 0.26548
3614 0.2625
3615 0.26667
3616 0.27917
3617 0.28036
3618 0.2875
3619 0.25833
3620 0.26
3621 0.26583
3622 0.30333
3623 0.30167
3624 0.27542
3625 0.25458
3626 0.27958
3627 0.27958
3628 0.29208
3629 0.29625
3630 0.29625
3631 0.3
3632 0.3
3633 0.3025
3634 0.30875
3635 0.31708
3636 0.31333
3637 0.31333
3638 0.34208
3639 0.37083
3640 0.37083
3641 0.36875
3642 0.36875
3643 0.36667
3644 0.375
3645 0.375
3646 0.35833
3647 0.35833
3648 0.35833
3649 0.35833
3650 0.35833
3651 0.3625
3652 0.3625
3653 0.375
3654 0.375
3655 0.375
3656 0.375
3657 0.375
3658 0.35
3659 0.35
3660 0.325
3661 0.35
3662 0.35
3663 0.375
3664 0.375
3665 0.375
3666 0.375
3667 0.375
3668 0.3625
3669 0.3875
3670 0.3875
3671 0.375
3672 0.375
3673 0.3625
3674 0.3625
3675 0.36667
3676 0.36667
3677 0.36667
3678 0.36667
3679 0.36667
3680 0.39167
3681 0.37917
3682 0.4
3683 0.3875
3684 0.38333
3685 0.38333
3686 0.37917
3687 0.34583
3688 0.33333
3689 0.33333
3690 0.34167
3691 0.35833
3692 0.39583
3693 0.39583
3694 0.37917
3695 0.37917
3696 0.38542
3697 0.38542
3698 0.38958
3699 0.39583
3700 0.39167
3701 0.36667
3702 0.36667
3703 0.36667
3704 0.36667
3705 0.34167
3706 0.3375
3707 0.325
3708 0.325
3709 0.3125
3710 0.325
3711 0.325
3712 0.35
3713 0.35
3714 0.35
3715 0.325
3716 0.3
3717 0.30833
3718 0.30833
3719 0.30833
3720 0.30833
3721 0.325
3722 0.3
3723 0.325
3724 0.35
3725 0.35
3726 0.35
3727 0.35
3728 0.35
3729 0.35
3730 0.3625
3731 0.3625
3732 0.3875
3733 0.38542
3734 0.39417
3735 0.395
3736 0.395
3737 0.39708
3738 0.37833
3739 0.40833
3740 0.40833
3741 0.40833
3742 0.39583
3743 0.39583
3744 0.39583
3745 0.39583
3746 0.39583
3747 0.395
3748 0.3825
3749 0.3825
3750 0.38333
3751 0.37083
3752 0.37143
3753 0.39583
3754 0.39583
3755 0.39583
3756 0.39583
3757 0.39583
3758 0.4
3759 0.3875
3760 0.3875
3761 0.3875
3762 0.39167
3763 0.39167
3764 0.39375
3765 0.39375
3766 0.38125
3767 0.37917
3768 0.37708
3769 0.37708
3770 0.35208
3771 0.37708
3772 0.3775
3773 0.38583
3774 0.3775
3775 0.37917
3776 0.3825
3777 0.3325
3778 0.3325
3779 0.3325
3780 0.3575
3781 0.3575
3782 0.3325
3783 0.3325
3784 0.3325
3785 0.3325
3786 0.3325
3787 0.33125
3788 0.31875
3789 0.3125
3790 0.3125
3791 0.3125
3792 0.33875
3793 0.3375
3794 0.3375
3795 0.3375
3796 0.3375
3797 0.34375
3798 0.34375
3799 0.34375
3800 0.345
3801 0.345
3802 0.345
3803 0.345
3804 0.3575
3805 0.35625
3806 0.35625
3807 0.35625
3808 0.35625
3809 0.33125
3810 0.34792
3811 0.32917
3812 0.32917
3813 0.325
3814 0.3375
3815 0.3375
3816 0.3625
3817 0.34167
3818 0.34167
3819 0.31667
3820 0.31667
3821 0.325
3822 0.325
3823 0.325
3824 0.3375
3825 0.3375
3826 0.3375
3827 0.3375
3828 0.3375
3829 0.3625
3830 0.3625
3831 0.3625
3832 0.33333
3833 0.33333
3834 0.33333
3835 0.33333
3836 0.33333
3837 0.33333
3838 0.33333
3839 0.33333
3840 0.35833
3841 0.33333
3842 0.35833
3843 0.35833
3844 0.3625
3845 0.3625
3846 0.3625
3847 0.3625
3848 0.3625
3849 0.35
3850 0.35
3851 0.375
3852 0.375
3853 0.375
3854 0.375
3855 0.375
3856 0.4
3857 0.4
3858 0.4
3859 0.4
3860 0.375
3861 0.375
3862 0.35
3863 0.35
3864 0.35
3865 0.35
3866 0.35
3867 0.2875
3868 0.2875
3869 0.30417
3870 0.30417
3871 0.29583
3872 0.295
3873 0.3
3874 0.3
3875 0.31667
3876 0.31167
3877 0.30917
3878 0.30917
3879 0.2925
3880 0.2925
3881 0.28708
3882 0.27875
3883 0.27875
3884 0.275
3885 0.275
3886 0.26875
3887 0.2825
3888 0.28875
3889 0.29
3890 0.2775
3891 0.2775
3892 0.27958
3893 0.29208
3894 0.29792
3895 0.28958
3896 0.30625
3897 0.30327
3898 0.26577
3899 0.26577
3900 0.27083
3901 0.27083
3902 0.27083
3903 0.29583
3904 0.29583
3905 0.29583
3906 0.30667
3907 0.30667
3908 0.3
3909 0.275
3910 0.275
3911 0.28125
3912 0.25417
3913 0.25417
3914 0.25417
3915 0.25417
3916 0.27917
3917 0.22917
3918 0.21667
3919 0.2125
3920 0.2125
3921 0.2375
3922 0.25
3923 0.25
3924 0.25
3925 0.25
3926 0.25
3927 0.25
3928 0.25
3929 0.25
3930 0.25
3931 0.25
3932 0.25
3933 0.25
3934 0.225
3935 0.25
3936 0.225
3937 0.225
3938 0.225
3939 0.225
3940 0.225
3941 0.25
3942 0.275
3943 0.26875
3944 0.29375
3945 0.29375
3946 0.29167
3947 0.29167
3948 0.29167
3949 0.29375
3950 0.29167
3951 0.31667
3952 0.31667
3953 0.31667
3954 0.32917
3955 0.3
3956 0.3
3957 0.30625
3958 0.30625
3959 0.30625
3960 0.30625
3961 0.31875
3962 0.34375
3963 0.34375
3964 0.34375
3965 0.34375
3966 0.34375
3967 0.34375
3968 0.35
3969 0.35
3970 0.325
3971 0.35
3972 0.35
3973 0.35
3974 0.35
3975 0.35
3976 0.35
3977 0.35
3978 0.35
3979 0.325
3980 0.325
3981 0.325
3982 0.3
3983 0.3
3984 0.3
3985 0.325
3986 0.325
3987 0.325
3988 0.325
3989 0.325
3990 0.275
3991 0.3
3992 0.3
3993 0.3
3994 0.3
3995 0.2875
3996 0.3125
3997 0.3125
3998 0.31667
3999 0.325
4000 0.325
4001 0.325
4002 0.325
4003 0.35
4004 0.35
4005 0.35
4006 0.35
4007 0.35
4008 0.35833
4009 0.35833
4010 0.38333
4011 0.35833
4012 0.35833
4013 0.33333
4014 0.30833
4015 0.30833
4016 0.30833
4017 0.30833
4018 0.31875
4019 0.32083
4020 0.32083
4021 0.30833
4022 0.33333
4023 0.3375
4024 0.3375
4025 0.3375
4026 0.3375
4027 0.3375
4028 0.3375
4029 0.3125
4030 0.3125
4031 0.3125
4032 0.3125
4033 0.3125
4034 0.3375
4035 0.3375
4036 0.3375
4037 0.35625
4038 0.34375
4039 0.34375
4040 0.34375
4041 0.34375
4042 0.34167
4043 0.31667
4044 0.29167
4045 0.3125
4046 0.3375
4047 0.3375
4048 0.3375
4049 0.33333
4050 0.33333
4051 0.3375
4052 0.34167
4053 0.34167
4054 0.34167
4055 0.34167
4056 0.34167
4057 0.34167
4058 0.34167
4059 0.34167
4060 0.34167
4061 0.35
4062 0.35417
4063 0.35417
4064 0.35625
4065 0.35417
4066 0.35417
4067 0.35833
4068 0.35833
4069 0.35833
4070 0.38333
4071 0.35833
4072 0.35833
4073 0.35833
4074 0.325
4075 0.31875
4076 0.31875
4077 0.32292
4078 0.32292
4079 0.34792
4080 0.34875
4081 0.35
4082 0.34583
4083 0.34583
4084 0.34583
4085 0.34583
4086 0.34583
4087 0.34583
4088 0.34375
4089 0.33125
4090 0.33125
4091 0.32083
4092 0.32083
4093 0.28333
4094 0.28333
4095 0.27083
4096 0.27083
4097 0.27083
4098 0.27083
4099 0.27083
4100 0.24375
4101 0.26875
4102 0.2875
4103 0.29167
4104 0.29167
4105 0.29167
4106 0.29167
4107 0.29167
4108 0.29167
4109 0.29375
4110 0.29375
4111 0.26875
4112 0.26875
4113 0.26875
4114 0.27708
4115 0.28333
4116 0.28542
4117 0.28542
4118 0.28833
4119 0.29792
4120 0.28792
4121 0.28792
4122 0.28792
4123 0.28792
4124 0.28792
4125 0.28792
4126 0.28792
4127 0.26292
4128 0.26458
4129 0.26458
4130 0.26458
4131 0.26458
4132 0.26208
4133 0.25792
4134 0.25417
4135 0.25208
4136 0.28542
4137 0.29875
4138 0.29875
4139 0.27375
4140 0.29375
4141 0.3125
4142 0.3
4143 0.3
4144 0.3125
4145 0.3125
4146 0.3
4147 0.3
4148 0.2875
4149 0.2875
4150 0.2875
4151 0.2875
4152 0.2875
4153 0.3
4154 0.3
4155 0.3
4156 0.29583
4157 0.33333
4158 0.33333
4159 0.33333
4160 0.33333
4161 0.33333
4162 0.33333
4163 0.30833
4164 0.29583
4165 0.2875
4166 0.3125
4167 0.3125
4168 0.3375
4169 0.3125
4170 0.3125
4171 0.3125
4172 0.2875
4173 0.3125
4174 0.3125
4175 0.31667
4176 0.31667
4177 0.31667
4178 0.31667
4179 0.31667
4180 0.31667
4181 0.31667
4182 0.34167
4183 0.34375
4184 0.34375
4185 0.345
4186 0.31875
4187 0.33125
4188 0.30625
4189 0.3125
4190 0.30833
4191 0.28333
4192 0.28333
4193 0.23333
4194 0.20833
4195 0.23333
4196 0.25833
4197 0.25833
4198 0.2875
4199 0.2875
4200 0.2875
4201 0.2875
4202 0.2875
4203 0.2875
4204 0.3125
4205 0.3125
4206 0.2875
4207 0.2875
4208 0.2625
4209 0.2625
4210 0.2375
4211 0.2375
4212 0.225
4213 0.225
4214 0.225
4215 0.225
4216 0.225
4217 0.225
4218 0.225
4219 0.225
4220 0.2
4221 0.2
4222 0.2125
4223 0.2125
4224 0.2125
4225 0.2125
4226 0.2125
4227 0.2125
4228 0.2375
4229 0.2125
4230 0.2125
4231 0.2125
4232 0.2125
4233 0.2375
4234 0.25
4235 0.25
4236 0.3
4237 0.3
4238 0.3
4239 0.325
4240 0.325
4241 0.325
4242 0.325
4243 0.325
4244 0.35
4245 0.3625
4246 0.3625
4247 0.3625
4248 0.3625
4249 0.3625
4250 0.3625
4251 0.3625
4252 0.375
4253 0.375
4254 0.375
4255 0.375
4256 0.375
4257 0.375
4258 0.325
4259 0.35
4260 0.375
4261 0.35
4262 0.35
4263 0.35
4264 0.35
4265 0.35
4266 0.35
4267 0.35
4268 0.345
4269 0.32
4270 0.295
4271 0.295
4272 0.245
4273 0.245
4274 0.245
4275 0.27
4276 0.27
4277 0.295
4278 0.32
4279 0.32
4280 0.32
4281 0.32
4282 0.32
4283 0.32
4284 0.32
4285 0.31667
4286 0.31667
4287 0.31667
4288 0.3125
4289 0.3
4290 0.275
4291 0.3
4292 0.3
4293 0.3
4294 0.3
4295 0.3
4296 0.3
4297 0.3
4298 0.3
4299 0.3
4300 0.3
4301 0.3
4302 0.3
4303 0.3
4304 0.3
4305 0.3
4306 0.3
4307 0.325
4308 0.325
4309 0.31667
4310 0.31667
4311 0.31667
4312 0.31667
4313 0.31667
4314 0.31667
4315 0.31667
4316 0.31667
4317 0.3125
4318 0.3
4319 0.325
4320 0.325
4321 0.345
4322 0.31875
4323 0.31875
4324 0.29375
4325 0.29375
4326 0.29375
4327 0.29375
4328 0.36667
4329 0.36667
4330 0.36667
4331 0.36667
4332 0.39167
4333 0.39167
4334 0.39167
4335 0.39167
4336 0.3875
4337 0.3875
4338 0.375
4339 0.4
4340 0.4
4341 0.375
4342 0.3625
4343 0.3625
4344 0.3375
4345 0.3375
4346 0.325
4347 0.3
4348 0.3
4349 0.3
4350 0.3
4351 0.3
4352 0.3
4353 0.2875
4354 0.2875
4355 0.2875
4356 0.3125
4357 0.3125
4358 0.3125
4359 0.2875
4360 0.3
4361 0.3125
4362 0.3125
4363 0.3
4364 0.25
4365 0.25
4366 0.25
4367 0.25
4368 0.275
4369 0.275
4370 0.275
4371 0.275
4372 0.275
4373 0.275
4374 0.3
4375 0.3
4376 0.3
4377 0.25
4378 0.25
4379 0.25
4380 0.25
4381 0.3
4382 0.3
4383 0.3
4384 0.325
4385 0.35
4386 0.3375
4387 0.3375
4388 0.3625
4389 0.36667
4390 0.36667
4391 0.36667
4392 0.36667
4393 0.36667
4394 0.39167
4395 0.39167
4396 0.34167
4397 0.34167
4398 0.34167
4399 0.34167
4400 0.34167
4401 0.34375
4402 0.34375
4403 0.34375
4404 0.36875
4405 0.36875
4406 0.36875
4407 0.39375
4408 0.39375
4409 0.36875
4410 0.34167
4411 0.35
4412 0.375
4413 0.4
4414 0.4
4415 0.4
4416 0.3875
4417 0.3875
4418 0.4125
4419 0.4125
4420 0.4125
4421 0.4125
4422 0.4125
4423 0.4125
4424 0.4125
4425 0.4125
4426 0.4375
4427 0.4375
4428 0.4375
4429 0.3875
4430 0.3375
4431 0.3625
4432 0.35
4433 0.35
4434 0.35
4435 0.35
4436 0.35
4437 0.35
4438 0.35
4439 0.325
4440 0.325
4441 0.325
4442 0.325
4443 0.325
4444 0.325
4445 0.325
4446 0.35
4447 0.325
4448 0.325
4449 0.325
4450 0.35
4451 0.35
4452 0.325
4453 0.325
4454 0.325
4455 0.3
4456 0.3
4457 0.3
4458 0.3
4459 0.3
4460 0.3
4461 0.3
4462 0.3
4463 0.3125
4464 0.2875
4465 0.2875
4466 0.275
4467 0.275
4468 0.275
4469 0.275
4470 0.275
4471 0.275
4472 0.275
4473 0.25
4474 0.275
4475 0.25
4476 0.25
4477 0.25
4478 0.225
4479 0.25
4480 0.28125
4481 0.28125
4482 0.30625
4483 0.30625
4484 0.30625
4485 0.30625
4486 0.30625
4487 0.30625
4488 0.30625
4489 0.30625
4490 0.28125
4491 0.28125
4492 0.28125
4493 0.28125
4494 0.28125
4495 0.28333
4496 0.28333
4497 0.2875
4498 0.2875
4499 0.2625
4500 0.2625
4501 0.275
4502 0.275
4503 0.275
4504 0.275
4505 0.25
4506 0.25
4507 0.275
4508 0.3
4509 0.25
4510 0.275
4511 0.275
4512 0.275
4513 0.25
4514 0.25
4515 0.275
4516 0.275
4517 0.275
4518 0.275
4519 0.275
4520 0.275
4521 0.275
4522 0.275
4523 0.275
4524 0.275
4525 0.275
4526 0.275
4527 0.275
4528 0.275
4529 0.275
4530 0.3
4531 0.3
4532 0.25
4533 0.225
4534 0.225
4535 0.225
4536 0.225
4537 0.225
4538 0.225
4539 0.225
4540 0.225
4541 0.25
4542 0.25
4543 0.25
4544 0.25
4545 0.2875
4546 0.2875
4547 0.2875
4548 0.2875
4549 0.2875
4550 0.2875
4551 0.2875
4552 0.2875
4553 0.2875
4554 0.2875
4555 0.2625
4556 0.2625
4557 0.2375
4558 0.2375
4559 0.25
4560 0.25
4561 0.2125
4562 0.2125
4563 0.2125
4564 0.19583
4565 0.19583
4566 0.19583
4567 0.19583
4568 0.19583
4569 0.19643
4570 0.19583
4571 0.19583
4572 0.195
4573 0.195
4574 0.195
4575 0.195
4576 0.195
4577 0.195
4578 0.195
4579 0.195
4580 0.19375
4581 0.19167
4582 0.21667
4583 0.21667
4584 0.21667
4585 0.21667
4586 0.2125
4587 0.2125
4588 0.2125
4589 0.225
4590 0.225
4591 0.2375
4592 0.2375
4593 0.2375
4594 0.1875
4595 0.1875
4596 0.1875
4597 0.1875
4598 0.1875
4599 0.2125
4600 0.225
4601 0.225
4602 0.225
4603 0.25
4604 0.25
4605 0.25
4606 0.25
4607 0.25
4608 0.25
4609 0.25
4610 0.25
4611 0.225
4612 0.225
4613 0.2375
4614 0.2375
4615 0.2375
4616 0.225
4617 0.225
4618 0.225
4619 0.225
4620 0.2125
4621 0.2125
4622 0.2125
4623 0.2125
4624 0.1875
4625 0.1625
4626 0.1625
4627 0.1875
4628 0.175
4629 0.175
4630 0.15
4631 0.15
4632 0.15
4633 0.175
4634 0.175
4635 0.175
4636 0.175
4637 0.175
4638 0.175
4639 0.175
4640 0.175
4641 0.175
4642 0.175
4643 0.175
4644 0.175
4645 0.175
4646 0.175
4647 0.175
4648 0.175
4649 0.175
4650 0.175
4651 0.175
4652 0.15
4653 0.15
4654 0.15
4655 0.15
4656 0.15
4657 0.175
4658 0.15
4659 0.15
4660 0.15
4661 0.15
4662 0.15
4663 0.15
4664 0.15
4665 0.15
4666 0.175
4667 0.175
4668 0.175
4669 0.175
4670 0.175
4671 0.2
4672 0.2
4673 0.225
4674 0.225
4675 0.25
4676 0.2375
4677 0.2375
4678 0.2375
4679 0.2375
4680 0.2375
4681 0.2375
4682 0.2375
4683 0.2625
4684 0.2625
4685 0.2625
4686 0.2875
4687 0.2875
4688 0.2625
4689 0.2625
4690 0.2625
4691 0.2625
4692 0.2625
4693 0.2625
4694 0.2625
4695 0.2625
4696 0.2875
4697 0.2875
4698 0.275
4699 0.275
4700 0.25
4701 0.25
4702 0.275
4703 0.3
4704 0.3
4705 0.3
4706 0.3
4707 0.3
4708 0.3
4709 0.3
4710 0.3
4711 0.275
4712 0.25
4713 0.25
4714 0.25
4715 0.25
4716 0.25
4717 0.25
4718 0.25
4719 0.25
4720 0.25
4721 0.225
4722 0.225
4723 0.225
4724 0.25
4725 0.25
4726 0.25
4727 0.25
4728 0.225
4729 0.225
4730 0.2375
4731 0.2625
4732 0.275
4733 0.3
4734 0.3
4735 0.3
4736 0.3
4737 0.3
4738 0.3
4739 0.3
4740 0.3
4741 0.3
4742 0.3
4743 0.3
4744 0.3
4745 0.3
4746 0.3
4747 0.275
4748 0.275
4749 0.25
4750 0.25
4751 0.25
4752 0.275
4753 0.275
4754 0.275
4755 0.275
4756 0.275
4757 0.3
4758 0.3
4759 0.3
4760 0.3
4761 0.325
4762 0.325
4763 0.3
4764 0.3
4765 0.3
4766 0.275
4767 0.275
4768 0.275
4769 0.275
4770 0.275
4771 0.275
4772 0.275
4773 0.25
4774 0.275
4775 0.275
4776 0.275
4777 0.275
4778 0.3
4779 0.3
4780 0.3
4781 0.3
4782 0.3
4783 0.275
4784 0.3
4785 0.325
4786 0.325
4787 0.325
4788 0.325
4789 0.325
4790 0.325
4791 0.325
4792 0.325
4793 0.325
4794 0.325
4795 0.325
4796 0.325
4797 0.35
4798 0.35
4799 0.35
4800 0.35
4801 0.35
4802 0.375
4803 0.35
4804 0.325
4805 0.375
4806 0.375
4807 0.3875
4808 0.3875
4809 0.3875
4810 0.3625
4811 0.3625
4812 0.3625
4813 0.3625
4814 0.3625
4815 0.3125
4816 0.30833
4817 0.30833
4818 0.30625
4819 0.30625
4820 0.33125
4821 0.33125
4822 0.30833
4823 0.30833
4824 0.30833
4825 0.30833
4826 0.30833
4827 0.28333
4828 0.28333
4829 0.28333
4830 0.25833
4831 0.25833
4832 0.25
4833 0.275
4834 0.275
4835 0.275
4836 0.2875
4837 0.2875
4838 0.2875
4839 0.28333
4840 0.28333
4841 0.28333
4842 0.28333
4843 0.29583
4844 0.29583
4845 0.27083
4846 0.24583
4847 0.24583
4848 0.24583
4849 0.22083
4850 0.24583
4851 0.24583
4852 0.25833
4853 0.25833
4854 0.25833
4855 0.25833
4856 0.25833
4857 0.25833
4858 0.25833
4859 0.2625
4860 0.2625
4861 0.25
4862 0.275
4863 0.275
4864 0.275
4865 0.275
4866 0.275
4867 0.25
4868 0.25
4869 0.25
4870 0.25
4871 0.25
4872 0.25
4873 0.2625
4874 0.2625
4875 0.2625
4876 0.2625
4877 0.2625
4878 0.2625
4879 0.2375
4880 0.2375
4881 0.2375
4882 0.2375
4883 0.2375
4884 0.2375
4885 0.2375
4886 0.2375
4887 0.2375
4888 0.2625
4889 0.2375
4890 0.2375
4891 0.2375
4892 0.2375
4893 0.2375
4894 0.2625
4895 0.275
4896 0.275
4897 0.25
4898 0.23333
4899 0.25833
4900 0.25833
4901 0.2625
4902 0.2875
4903 0.2875
4904 0.2875
4905 0.3375
4906 0.3375
4907 0.3375
4908 0.3375
4909 0.3375
4910 0.3375
4911 0.3375
4912 0.35
4913 0.35
4914 0.35
4915 0.35
4916 0.34167
4917 0.34167
4918 0.34167
4919 0.3375
4920 0.3375
4921 0.3375
4922 0.3375
4923 0.3375
4924 0.3375
4925 0.3125
4926 0.3
4927 0.275
4928 0.3
4929 0.3
4930 0.275
4931 0.275
4932 0.275
4933 0.275
4934 0.25
4935 0.25
4936 0.25
4937 0.275
4938 0.275
4939 0.275
4940 0.275
4941 0.2625
4942 0.2375
4943 0.2375
4944 0.2375
4945 0.2375
4946 0.225
4947 0.225
4948 0.225
4949 0.225
4950 0.225
4951 0.25
4952 0.25
4953 0.225
4954 0.225
4955 0.225
4956 0.25
4957 0.25
4958 0.25
4959 0.25
4960 0.225
4961 0.225
4962 0.2
4963 0.2125
4964 0.2125
4965 0.2125
4966 0.225
4967 0.225
4968 0.225
4969 0.225
4970 0.225
4971 0.25
4972 0.25
4973 0.225
4974 0.225
4975 0.225
4976 0.225
4977 0.225
4978 0.21875
4979 0.21875
4980 0.21875
4981 0.19375
4982 0.19375
4983 0.19375
4984 0.19375
4985 0.19375
4986 0.195
4987 0.195
4988 0.19375
4989 0.20208
4990 0.22708
4991 0.24833
4992 0.27333
4993 0.27083
4994 0.27083
4995 0.27083
4996 0.27083
4997 0.27083
4998 0.27083
4999 0.29583
5000 0.29583
5001 0.3
5002 0.29583
5003 0.325
5004 0.325
5005 0.325
5006 0.325
5007 0.325
5008 0.325
5009 0.325
5010 0.325
5011 0.325
5012 0.325
5013 0.325
5014 0.3
5015 0.275
5016 0.25
5017 0.2625
5018 0.3
5019 0.3
5020 0.3
5021 0.275
5022 0.275
5023 0.275
5024 0.275
5025 0.275
5026 0.275
5027 0.25
5028 0.275
5029 0.275
5030 0.25
5031 0.25
5032 0.25
5033 0.25
5034 0.25
5035 0.225
5036 0.225
5037 0.225
5038 0.225
5039 0.225
5040 0.25
5041 0.25
5042 0.225
5043 0.2
5044 0.2
5045 0.225
5046 0.225
5047 0.225
5048 0.25
5049 0.2625
5050 0.2625
5051 0.2875
5052 0.2875
5053 0.25833
5054 0.23333
5055 0.23333
5056 0.23333
5057 0.25833
5058 0.25833
5059 0.2875
5060 0.2875
5061 0.2875
5062 0.2875
5063 0.2875
5064 0.275
5065 0.275
5066 0.275
5067 0.275
5068 0.275
5069 0.275
5070 0.275
5071 0.275
5072 0.3
5073 0.275
5074 0.2375
5075 0.2375
5076 0.23333
5077 0.23333
5078 0.23333
5079 0.23333
5080 0.22083
5081 0.22083
5082 0.19583
5083 0.19583
5084 0.2125
5085 0.2125
5086 0.20833
5087 0.20833
5088 0.20833
5089 0.20833
5090 0.20833
5091 0.18333
5092 0.18333
5093 0.18333
5094 0.18333
5095 0.18333
5096 0.18333
5097 0.175
5098 0.175
5099 0.2
5100 0.2
5101 0.2
5102 0.2
5103 0.2
5104 0.175
5105 0.2
5106 0.2
5107 0.2
5108 0.2
5109 0.2
5110 0.2
5111 0.2
5112 0.2
5113 0.2
5114 0.2
5115 0.2
5116 0.225
5117 0.225
5118 0.225
5119 0.225
5120 0.225
5121 0.225
5122 0.225
5123 0.225
5124 0.2
5125 0.2
5126 0.225
5127 0.225
5128 0.225
5129 0.225
5130 0.20833
5131 0.20833
5132 0.20833
5133 0.20833
5134 0.20833
5135 0.20833
5136 0.20833
5137 0.20833
5138 0.23333
5139 0.23333
5140 0.2375
5141 0.2375
5142 0.24167
5143 0.26667
5144 0.26667
5145 0.26667
5146 0.275
5147 0.25
5148 0.25
5149 0.25
5150 0.25
5151 0.275
5152 0.275
5153 0.2875
5154 0.2875
5155 0.2875
5156 0.2875
5157 0.2875
5158 0.3
5159 0.3
5160 0.3
5161 0.3
5162 0.3
5163 0.275
5164 0.275
5165 0.3
5166 0.275
5167 0.275
5168 0.275
5169 0.275
5170 0.275
5171 0.3
5172 0.3
5173 0.3
5174 0.3
5175 0.3
5176 0.275
5177 0.275
5178 0.275
5179 0.275
5180 0.275
5181 0.275
5182 0.275
5183 0.275
5184 0.275
5185 0.275
5186 0.3
5187 0.3
5188 0.3
5189 0.3
5190 0.3
5191 0.3
5192 0.3
5193 0.275
5194 0.25
5195 0.25
5196 0.2
5197 0.2
5198 0.2
5199 0.2
5200 0.2
5201 0.225
5202 0.225
5203 0.225
5204 0.225
5205 0.225
5206 0.25
5207 0.275
5208 0.275
5209 0.25
5210 0.25
5211 0.225
5212 0.225
5213 0.225
5214 0.225
5215 0.225
5216 0.225
5217 0.25
5218 0.25
5219 0.25
5220 0.25
5221 0.25
5222 0.25
5223 0.25
5224 0.225
5225 0.225
5226 0.2125
5227 0.2125
5228 0.21667
5229 0.21667
5230 0.21667
5231 0.2375
5232 0.2375
5233 0.2375
5234 0.2375
5235 0.2375
5236 0.2375
5237 0.2125
5238 0.2125
5239 0.2375
5240 0.2375
5241 0.2375
5242 0.2125
5243 0.2125
5244 0.2125
5245 0.2125
5246 0.21667
5247 0.21667
5248 0.21667
5249 0.21667
5250 0.21667
5251 0.225
5252 0.225
5253 0.25
5254 0.25
5255 0.25
5256 0.225
5257 0.225
5258 0.225
5259 0.225
5260 0.25
5261 0.25
5262 0.25
5263 0.25
5264 0.275
5265 0.275
5266 0.3
5267 0.3
5268 0.3
5269 0.3
5270 0.275
5271 0.25
5272 0.25
5273 0.25
5274 0.2375
5275 0.2375
5276 0.2375
5277 0.2625
5278 0.2875
5279 0.2875
5280 0.2875
5281 0.2875
5282 0.2875
5283 0.2875
5284 0.2875
5285 0.275
5286 0.275
5287 0.275
5288 0.275
5289 0.275
5290 0.275
5291 0.275
5292 0.3
5293 0.3
5294 0.3
5295 0.3
5296 0.3
5297 0.325
5298 0.325
5299 0.325
5300 0.325
5301 0.325
5302 0.3
5303 0.275
5304 0.275
5305 0.275
5306 0.275
5307 0.275
5308 0.275
5309 0.25
5310 0.25
5311 0.25
5312 0.275
5313 0.275
5314 0.25
5315 0.25
5316 0.25
5317 0.225
5318 0.225
5319 0.225
5320 0.225
5321 0.26875
5322 0.26667
5323 0.26667
5324 0.26667
5325 0.26667
5326 0.26875
5327 0.26875
5328 0.29375
5329 0.26875
5330 0.26875
5331 0.26875
5332 0.26875
5333 0.26875
5334 0.26875
5335 0.26875
5336 0.26875
5337 0.24375
5338 0.24375
5339 0.24375
5340 0.24375
5341 0.245
5342 0.24375
5343 0.26667
5344 0.29167
5345 0.29167
5346 0.275
5347 0.275
5348 0.275
5349 0.25
5350 0.25
5351 0.25
5352 0.225
5353 0.225
5354 0.25
5355 0.25
5356 0.25
5357 0.25
5358 0.25
5359 0.25
5360 0.25
5361 0.25
5362 0.25
5363 0.25
5364 0.25
5365 0.25
5366 0.25
5367 0.25
5368 0.225
5369 0.2
5370 0.2
5371 0.2
5372 0.2
5373 0.2
5374 0.2
5375 0.2
5376 0.2
5377 0.225
5378 0.25
5379 0.225
5380 0.225
5381 0.225
5382 0.225
5383 0.225
5384 0.225
5385 0.225
5386 0.225
5387 0.225
5388 0.225
5389 0.225
5390 0.225
5391 0.225
5392 0.225
5393 0.225
5394 0.2
5395 0.2
5396 0.2
5397 0.2
5398 0.225
5399 0.225
5400 0.225
5401 0.225
5402 0.2
5403 0.225
5404 0.225
5405 0.225
5406 0.225
5407 0.225
5408 0.225
5409 0.225
5410 0.225
5411 0.225
5412 0.225
5413 0.225
5414 0.225
5415 0.225
5416 0.225
5417 0.2
5418 0.2
5419 0.2
5420 0.2
5421 0.2
5422 0.2
5423 0.2
5424 0.2
5425 0.2
5426 0.2
5427 0.2
5428 0.2
5429 0.2
5430 0.2
5431 0.225
5432 0.225
5433 0.225
5434 0.2
5435 0.2
5436 0.2
5437 0.2
5438 0.2
5439 0.2
5440 0.2
5441 0.1625
5442 0.1625
5443 0.1625
5444 0.175
5445 0.175
5446 0.175
5447 0.175
5448 0.175
5449 0.2125
5450 0.2125
5451 0.2125
5452 0.2125
5453 0.2125
5454 0.2125
5455 0.2
5456 0.2
5457 0.2
5458 0.2
5459 0.2
5460 0.2
5461 0.2
5462 0.2
5463 0.2125
5464 0.2125
5465 0.2625
5466 0.2625
5467 0.2625
5468 0.2625
5469 0.25
5470 0.25
5471 0.275
5472 0.275
5473 0.25
5474 0.225
5475 0.225
5476 0.225
5477 0.225
5478 0.225
5479 0.225
5480 0.25
5481 0.25
5482 0.275
5483 0.275
5484 0.275
5485 0.275
5486 0.275
5487 0.275
5488 0.275
5489 0.275
5490 0.225
5491 0.225
5492 0.225
5493 0.225
5494 0.225
5495 0.225
5496 0.225
5497 0.225
5498 0.225
5499 0.225
5500 0.225
5501 0.225
5502 0.225
5503 0.225
5504 0.225
5505 0.225
5506 0.225
5507 0.2
5508 0.2
5509 0.2
5510 0.2
5511 0.2
5512 0.2
5513 0.2
5514 0.2
5515 0.2
5516 0.2
5517 0.225
5518 0.225
5519 0.2
5520 0.2
5521 0.175
5522 0.175
5523 0.175
5524 0.175
5525 0.175
5526 0.175
5527 0.175
5528 0.175
5529 0.175
5530 0.175
5531 0.175
5532 0.1625
5533 0.1625
5534 0.1625
5535 0.1625
5536 0.1625
5537 0.1625
5538 0.1625
5539 0.2125
5540 0.2125
5541 0.2125
5542 0.1875
5543 0.2125
5544 0.2125
5545 0.2125
5546 0.2375
5547 0.2375
5548 0.2375
5549 0.2375
5550 0.2375
5551 0.25
5552 0.275
5553 0.275
5554 0.275
5555 0.275
5556 0.3
5557 0.3
5558 0.3
5559 0.3
5560 0.3
5561 0.3
5562 0.3
5563 0.3
5564 0.275
5565 0.275
5566 0.275
5567 0.275
5568 0.25
5569 0.25
5570 0.25
5571 0.225
5572 0.275
5573 0.3
5574 0.3
5575 0.3
5576 0.3
5577 0.3
5578 0.3
5579 0.325
5580 0.325
5581 0.3
5582 0.3
5583 0.3
5584 0.3
5585 0.3
5586 0.3
5587 0.325
5588 0.325
5589 0.3
5590 0.275
5591 0.275
5592 0.275
5593 0.275
5594 0.275
5595 0.3
5596 0.3
5597 0.25
5598 0.225
5599 0.25
5600 0.25
5601 0.25
5602 0.25
5603 0.25
5604 0.225
5605 0.225
5606 0.25
5607 0.275
5608 0.3
5609 0.325
5610 0.325
5611 0.325
5612 0.325
5613 0.325
5614 0.325
5615 0.3
5616 0.3
5617 0.3
5618 0.3
5619 0.3
5620 0.275
5621 0.275
5622 0.275
5623 0.275
5624 0.25
5625 0.25
5626 0.25
5627 0.25
5628 0.25
5629 0.25
5630 0.275
5631 0.25
5632 0.2
5633 0.2
5634 0.2
5635 0.2
5636 0.2
5637 0.2
5638 0.2
5639 0.225
5640 0.225
5641 0.25
5642 0.25
5643 0.25
5644 0.25
5645 0.225
5646 0.225
5647 0.225
5648 0.25
5649 0.25
5650 0.25
5651 0.25
5652 0.25
5653 0.25
5654 0.25
5655 0.25
5656 0.25
5657 0.25
5658 0.25
5659 0.25
5660 0.25
5661 0.25
5662 0.25
5663 0.25
5664 0.225
5665 0.225
5666 0.2
5667 0.2
5668 0.2
5669 0.2
5670 0.2
5671 0.2
5672 0.2
5673 0.2
5674 0.2
5675 0.175
5676 0.175
5677 0.1875
5678 0.1875
5679 0.1875
5680 0.1875
5681 0.1875
5682 0.1875
5683 0.1875
5684 0.1875
5685 0.1875
5686 0.2
5687 0.225
5688 0.225
5689 0.225
5690 0.225
5691 0.2
5692 0.2
5693 0.2
5694 0.19167
5695 0.19167
5696 0.19167
5697 0.1875
5698 0.1875
5699 0.2
5700 0.2
5701 0.2
5702 0.175
5703 0.1625
5704 0.1625
5705 0.1625
5706 0.1625
5707 0.1625
5708 0.2
5709 0.2
5710 0.2125
5711 0.1875
5712 0.1875
5713 0.1875
5714 0.1875
5715 0.1875
5716 0.1875
5717 0.1875
5718 0.1875
5719 0.2125
5720 0.2125
5721 0.2375
5722 0.2375
5723 0.2375
5724 0.2375
5725 0.2375
5726 0.2375
5727 0.2375
5728 0.25
5729 0.25
5730 0.25
5731 0.25
5732 0.25
5733 0.2
5734 0.2
5735 0.2
5736 0.2
5737 0.2
5738 0.2
5739 0.2
5740 0.225
5741 0.2
5742 0.2
5743 0.225
5744 0.2
5745 0.2
5746 0.175
5747 0.175
5748 0.175
5749 0.175
5750 0.175
5751 0.175
5752 0.175
5753 0.175
5754 0.175
5755 0.175
5756 0.175
5757 0.175
5758 0.175
5759 0.175
5760 0.175
5761 0.2
5762 0.2
5763 0.2
5764 0.225
5765 0.2
5766 0.225
5767 0.25
5768 0.225
5769 0.225
5770 0.225
5771 0.225
5772 0.225
5773 0.225
5774 0.225
5775 0.225
5776 0.225
5777 0.225
5778 0.25
5779 0.25
5780 0.25
5781 0.25
5782 0.25
5783 0.25
5784 0.25
5785 0.25
5786 0.225
5787 0.25
5788 0.275
5789 0.275
5790 0.3
5791 0.275
5792 0.25
5793 0.25
5794 0.275
5795 0.275
5796 0.275
5797 0.275
5798 0.275
5799 0.275
5800 0.275
5801 0.3
5802 0.3
5803 0.275
5804 0.275
5805 0.275
5806 0.275
5807 0.275
5808 0.275
5809 0.275
5810 0.275
5811 0.275
5812 0.275
5813 0.275
5814 0.275
5815 0.25
5816 0.25
5817 0.25
5818 0.25
5819 0.25
5820 0.3
5821 0.3
5822 0.3
5823 0.3
5824 0.3
5825 0.275
5826 0.275
5827 0.275
5828 0.275
5829 0.275
5830 0.25
5831 0.25
5832 0.25
5833 0.25
5834 0.275
5835 0.275
5836 0.275
5837 0.275
5838 0.275
5839 0.275
5840 0.275
5841 0.275
5842 0.25
5843 0.275
5844 0.275
5845 0.25
5846 0.25
5847 0.25
5848 0.25
5849 0.25
5850 0.25
5851 0.25
5852 0.25
5853 0.25
5854 0.25
5855 0.25
5856 0.225
5857 0.225
5858 0.225
5859 0.225
5860 0.225
5861 0.225
5862 0.25
5863 0.275
5864 0.275
5865 0.275
5866 0.275
5867 0.275
5868 0.275
5869 0.275
5870 0.275
5871 0.275
5872 0.275
5873 0.275
5874 0.3
5875 0.3
5876 0.3
5877 0.3
5878 0.3
5879 0.3
5880 0.3
5881 0.3
5882 0.3
5883 0.275
5884 0.2625
5885 0.2875
5886 0.2875
5887 0.2875
5888 0.2625
5889 0.2625
5890 0.2625
5891 0.2625
5892 0.2625
5893 0.26667
5894 0.26667
5895 0.26875
5896 0.24375
5897 0.26875
5898 0.24375
5899 0.24167
5900 0.26667
5901 0.24167
5902 0.21667
5903 0.21667
5904 0.21667
5905 0.24167
5906 0.24167
5907 0.24167
5908 0.24167
5909 0.24167
5910 0.21667
5911 0.21667
5912 0.21667
5913 0.21667
5914 0.21667
5915 0.21667
5916 0.21667
5917 0.21667
5918 0.21667
5919 0.21667
5920 0.19167
5921 0.19167
5922 0.1875
5923 0.1875
5924 0.1875
5925 0.1625
5926 0.1625
5927 0.1625
5928 0.1875
5929 0.1875
5930 0.1875
5931 0.2125
5932 0.2125
5933 0.2125
5934 0.225
5935 0.225
5936 0.225
5937 0.225
5938 0.2
5939 0.2
5940 0.225
5941 0.225
5942 0.225
5943 0.225
5944 0.225
5945 0.225
5946 0.225
5947 0.225
5948 0.225
5949 0.25
5950 0.225
5951 0.225
5952 0.225
5953 0.2
5954 0.2
5955 0.2
5956 0.175
5957 0.175
5958 0.175
5959 0.175
5960 0.175
5961 0.175
5962 0.175
5963 0.175
5964 0.175
5965 0.15
5966 0.175
5967 0.175
5968 0.175
5969 0.175
5970 0.175
5971 0.175
5972 0.175
5973 0.175
5974 0.175
5975 0.175
5976 0.175
5977 0.175
5978 0.175
5979 0.175
5980 0.2
5981 0.2
5982 0.2
5983 0.2
5984 0.2
5985 0.2
5986 0.2
5987 0.2
5988 0.2
5989 0.2
5990 0.2
5991 0.2
5992 0.2
5993 0.2
5994 0.2
5995 0.2
5996 0.225
5997 0.225
5998 0.225
5999 0.2
