#iterations fitness
0 0.0
1 0.7
2 0.85
3 0.95
4 1.0
5 1.15
6 1.25
7 1.4
8 1.5
9 1.55
10 1.75
11 1.75
12 1.75
13 1.8
14 1.95
15 1.95
16 2.0
17 2.0
18 2.1
19 2.2
20 2.35
21 2.35
22 2.65
23 2.65
24 2.65
25 2.75
26 2.9
27 2.9
28 3.05
29 3.1
30 3.1
31 3.1
32 3.1
33 3.1
34 3.1
35 3.2
36 3.2
37 3.2
38 3.3
39 3.3
40 3.3
41 3.5
42 3.5
43 3.5
44 3.5
45 3.6
46 3.75
47 3.8
48 3.8
49 3.85
50 3.85
51 3.85
52 3.95
53 4.0
54 4.0
55 4.1
56 4.1
57 4.1
58 4.2
59 4.2
60 4.3
61 4.3
62 4.3
63 4.3
64 4.3
65 4.3
66 4.3
67 4.3
68 4.45
69 4.5
70 4.55
71 4.6
72 4.6
73 4.6
74 4.6
75 4.75
76 4.8
77 4.8
78 4.85
79 4.85
80 4.85
81 4.85
82 4.85
83 4.95
84 5.1
85 5.1
86 5.1
87 5.1
88 5.25
89 5.25
90 5.25
91 5.25
92 5.25
93 5.25
94 5.3
95 5.3
96 5.3
97 5.4
98 5.4
99 5.4
100 5.45
101 5.45
102 5.45
103 5.6
104 5.75
105 5.75
106 5.75
107 5.75
108 5.95
109 5.95
110 5.95
111 6.1
112 6.1
113 6.1
114 6.1
115 6.1
116 6.2
117 6.3
118 6.35
119 6.35
120 6.35
121 6.4
122 6.45
123 6.45
124 6.55
125 6.55
126 6.65
127 6.8
128 6.8
129 6.85
130 7.0
131 7.1
132 7.1
133 7.1
134 7.1
135 7.1
136 7.25
137 7.4
138 7.45
139 7.5
140 7.55
141 7.65
142 7.8
143 7.8
144 7.8
145 7.85
146 7.9
147 7.9
148 8.05
149 8.05
150 8.1
151 8.15
152 8.15
153 8.15
154 8.15
155 8.15
156 8.2
157 8.2
158 8.3
159 8.3
160 8.3
161 8.35
162 8.35
163 8.4
164 8.4
165 8.55
166 8.65
167 8.65
168 8.65
169 8.65
170 8.65
171 8.7
172 8.8
173 8.95
174 8.95
175 9.05
176 9.05
177 9.05
178 9.05
179 9.05
180 9.1
181 9.25
182 9.25
183 9.25
184 9.25
185 9.3
186 9.4
187 9.4
188 9.55
189 9.6
190 9.7
191 9.7
192 9.7
193 9.7
194 9.75
195 9.9
196 9.9
197 9.95
198 10.05
199 10.15
200 10.2
201 10.3
202 10.45
203 10.45
204 10.5
205 10.6
206 10.6
207 10.65
208 10.65
209 10.65
210 10.65
211 10.65
212 10.65
213 10.7
214 10.7
215 10.8
216 10.8
217 10.85
218 11.0
219 11.0
220 11.05
221 11.2
222 11.2
223 11.25
224 11.3
225 11.3
226 11.35
227 11.4
228 11.4
229 11.5
230 11.5
231 11.5
232 11.5
233 11.5
234 11.6
235 11.6
236 11.65
237 11.85
238 11.85
239 11.9
240 11.9
241 11.9
242 11.9
243 11.95
244 11.95
245 11.95
246 12.05
247 12.1
248 12.1
249 12.1
250 12.3
251 12.45
252 12.45
253 12.5
254 12.55
255 12.75
256 12.8
257 12.8
258 12.85
259 13.0
260 13.0
261 13.1
262 13.15
263 13.2
264 13.2
265 13.2
266 13.2
267 13.25
268 13.35
269 13.45
270 13.45
271 13.45
272 13.45
273 13.5
274 13.65
275 13.65
276 13.65
277 13.7
278 13.75
279 13.75
280 13.75
281 13.75
282 13.75
283 13.75
284 13.75
285 13.8
286 13.8
287 14.05
288 14.15
289 14.2
290 14.25
291 14.25
292 14.25
293 14.25
294 14.25
295 14.25
296 14.3
297 14.3
298 14.3
299 14.3
300 14.3
301 14.35
302 14.4
303 14.55
304 14.55
305 14.7
306 14.75
307 14.75
308 14.8
309 14.9
310 14.9
311 14.95
312 15.1
313 15.1
314 15.1
315 15.1
316 15.1
317 15.1
318 15.15
319 15.2
320 15.2
321 15.25
322 15.35
323 15.4
324 15.45
325 15.5
326 16.0
327 16.0
328 16.2
329 16.2
330 16.25
331 16.25
332 16.5
333 16.5
334 16.55
335 16.7
336 16.7
337 16.7
338 16.75
339 16.75
340 16.75
341 16.75
342 16.95
343 16.95
344 16.95
345 16.95
346 16.95
347 16.95
348 16.95
349 17.0
350 17.25
351 17.45
352 17.55
353 17.8
354 17.8
355 17.9
356 17.9
357 17.95
358 18.15
359 18.15
360 18.15
361 18.2
362 18.25
363 18.25
364 18.4
365 18.45
366 18.45
367 18.45
368 18.5
369 18.55
370 18.55
371 18.55
372 18.6
373 18.6
374 18.6
375 18.6
376 18.6
377 18.6
378 18.65
379 18.7
380 18.7
381 18.7
382 18.8
383 18.9
384 19.0
385 19.05
386 19.05
387 19.05
388 19.05
389 19.05
390 19.05
391 19.05
392 19.1
393 19.3
394 19.3
395 19.35
396 19.35
397 19.35
398 19.35
399 19.35
400 19.5
401 19.5
402 19.55
403 19.6
404 19.6
405 19.6
406 19.6
407 19.65
408 19.75
409 19.8
410 19.85
411 19.9
412 19.95
413 19.95
414 19.95
415 19.95
416 20.15
417 20.15
418 20.25
419 20.25
420 20.3
421 20.45
422 20.5
423 20.5
424 20.6
425 20.6
426 20.6
427 20.6
428 20.6
429 20.6
430 20.6
431 20.65
432 20.8
433 20.9
434 20.9
435 20.95
436 21.05
437 21.05
438 21.05
439 21.3
440 21.3
441 21.4
442 21.4
443 21.45
444 21.45
445 21.5
446 21.5
447 21.5
448 21.5
449 21.65
450 21.7
451 21.8
452 21.8
453 21.85
454 21.85
455 21.85
456 21.85
457 21.9
458 21.9
459 21.9
460 21.9
461 22.05
462 22.1
463 22.15
464 22.25
465 22.25
466 22.35
467 22.35
468 22.35
469 22.35
470 22.55
471 22.6
472 22.6
473 22.6
474 22.8
475 22.85
476 22.9
477 22.9
478 23.0
479 23.0
480 23.0
481 23.0
482 23.0
483 23.0
484 23.0
485 23.0
486 23.05
487 23.15
488 23.25
489 23.25
490 23.25
491 23.4
492 23.55
493 23.6
494 23.65
495 23.8
496 23.8
497 23.8
498 23.8
499 23.85
500 23.85
501 23.9
502 23.9
503 23.95
504 23.95
505 24.1
506 24.1
507 24.15
508 24.15
509 24.2
510 24.35
511 24.35
512 24.35
513 24.45
514 24.45
515 24.45
516 24.75
517 24.75
518 24.75
519 24.75
520 24.95
521 25.05
522 25.05
523 25.05
524 25.15
525 25.2
526 25.3
527 25.3
528 25.3
529 25.35
530 25.35
531 25.4
532 25.4
533 25.4
534 25.45
535 25.5
536 25.5
537 25.5
538 25.6
539 25.6
540 25.6
541 25.6
542 25.6
543 25.6
544 25.6
545 25.6
546 25.6
547 25.6
548 25.65
549 25.65
550 25.85
551 25.9
552 25.95
553 26.0
554 26.05
555 26.1
556 26.1
557 26.1
558 26.1
559 26.1
560 26.1
561 26.3
562 26.55
563 26.6
564 26.6
565 26.7
566 26.7
567 26.8
568 26.95
569 26.95
570 26.95
571 27.15
572 27.15
573 27.15
574 27.15
575 27.15
576 27.15
577 27.2
578 27.3
579 27.3
580 27.3
581 27.35
582 27.45
583 27.45
584 27.45
585 27.5
586 27.6
587 27.6
588 27.65
589 27.75
590 27.95
591 27.95
592 27.95
593 27.95
594 27.95
595 27.95
596 27.95
597 27.95
598 27.95
599 27.95
600 27.95
601 27.95
602 27.95
603 27.95
604 27.95
605 27.95
606 28.0
607 28.05
608 28.1
609 28.15
610 28.35
611 28.35
612 28.35
613 28.55
614 28.55
615 28.55
616 28.65
617 28.65
618 28.65
619 28.65
620 28.65
621 28.7
622 28.7
623 28.75
624 28.75
625 28.75
626 28.8
627 28.8
628 28.8
629 28.8
630 28.9
631 28.9
632 28.9
633 29.05
634 29.05
635 29.15
636 29.15
637 29.15
638 29.15
639 29.15
640 29.15
641 29.15
642 29.15
643 29.3
644 29.35
645 29.5
646 29.95
647 29.95
648 29.95
649 30.0
650 30.0
651 30.0
652 30.0
653 30.05
654 30.15
655 30.15
656 30.2
657 30.25
658 30.4
659 30.4
660 30.4
661 30.4
662 30.4
663 30.4
664 30.6
665 30.7
666 30.8
667 30.8
668 30.85
669 30.85
670 30.95
671 30.95
672 31.0
673 31.0
674 31.05
675 31.1
676 31.1
677 31.15
678 31.2
679 31.2
680 31.2
681 31.2
682 31.2
683 31.35
684 31.35
685 31.45
686 31.5
687 31.55
688 31.6
689 31.6
690 31.6
691 31.65
692 31.65
693 31.65
694 31.65
695 31.65
696 31.7
697 31.7
698 31.7
699 31.85
700 31.9
701 31.9
702 31.95
703 31.95
704 32.0
705 32.0
706 32.0
707 32.0
708 32.0
709 32.0
710 32.0
711 32.1
712 32.15
713 32.15
714 32.15
715 32.4
716 32.45
717 32.45
718 32.5
719 32.6
720 32.7
721 32.75
722 32.75
723 32.9
724 32.9
725 32.9
726 32.9
727 32.95
728 32.95
729 32.95
730 32.95
731 32.95
732 33.05
733 33.05
734 33.05
735 33.1
736 33.15
737 33.2
738 33.3
739 33.3
740 33.35
741 33.35
742 33.45
743 33.5
744 33.55
745 33.55
746 33.6
747 33.65
748 33.75
749 33.9
750 33.9
751 33.9
752 34.05
753 34.15
754 34.25
755 34.3
756 34.45
757 34.45
758 34.55
759 34.6
760 34.6
761 34.65
762 34.65
763 34.7
764 34.7
765 34.7
766 34.75
767 34.9
768 34.95
769 34.95
770 34.95
771 34.95
772 34.95
773 34.95
774 34.95
775 34.95
776 35.05
777 35.1
778 35.1
779 35.1
780 35.1
781 35.1
782 35.1
783 35.1
784 35.15
785 35.2
786 35.2
787 35.25
788 35.25
789 35.3
790 35.4
791 35.4
792 35.4
793 35.4
794 35.45
795 35.45
796 35.45
797 35.45
798 35.45
799 35.5
800 35.55
801 35.6
802 35.8
803 35.85
804 35.85
805 35.85
806 35.85
807 35.85
808 35.85
809 36.05
810 36.05
811 36.1
812 36.1
813 36.1
814 36.1
815 36.15
816 36.35
817 36.4
818 36.4
819 36.4
820 36.55
821 36.55
822 36.55
823 36.6
824 36.65
825 36.65
826 36.75
827 36.75
828 36.8
829 36.8
830 36.85
831 36.9
832 36.9
833 36.9
834 37.05
835 37.1
836 37.1
837 37.1
838 37.35
839 37.35
840 37.4
841 37.4
842 37.5
843 37.5
844 37.5
845 37.6
846 37.6
847 37.65
848 37.8
849 37.85
850 37.85
851 37.95
852 37.95
853 37.95
854 38.0
855 38.0
856 38.0
857 38.05
858 38.05
859 38.05
860 38.05
861 38.1
862 38.1
863 38.15
864 38.15
865 38.3
866 38.3
867 38.3
868 38.3
869 38.3
870 38.3
871 38.3
872 38.3
873 38.3
874 38.3
875 38.3
876 38.35
877 38.35
878 38.45
879 38.5
880 38.6
881 38.6
882 38.65
883 38.7
884 38.85
885 38.9
886 38.9
887 39.0
888 39.05
889 39.1
890 39.15
891 39.25
892 39.35
893 39.4
894 39.45
895 39.5
896 39.5
897 39.5
898 39.5
899 39.55
900 39.55
901 39.55
902 39.55
903 39.55
904 39.6
905 39.7
906 39.7
907 39.7
908 39.75
909 39.9
910 39.9
911 39.95
912 40.05
913 40.1
914 40.1
915 40.15
916 40.15
917 40.15
918 40.15
919 40.2
920 40.2
921 40.2
922 40.25
923 40.35
924 40.4
925 40.45
926 40.5
927 40.5
928 40.55
929 40.65
930 40.75
931 40.85
932 40.85
933 40.9
934 41.0
935 41.0
936 41.0
937 41.25
938 41.25
939 41.3
940 41.35
941 41.45
942 41.55
943 41.55
944 41.65
945 41.65
946 41.65
947 41.65
948 41.65
949 41.65
950 41.65
951 41.65
952 41.65
953 41.65
954 41.65
955 41.7
956 41.75
957 41.75
958 41.8
959 41.8
960 41.85
961 41.9
962 41.9
963 42.05
964 42.25
965 42.5
966 42.5
967 42.5
968 42.5
969 42.55
970 42.6
971 42.7
972 42.75
973 42.75
974 42.85
975 42.9
976 43.05
977 43.15
978 43.15
979 43.2
980 43.2
981 43.2
982 43.25
983 43.25
984 43.25
985 43.25
986 43.4
987 43.4
988 43.4
989 43.4
990 43.5
991 43.5
992 43.5
993 43.5
994 43.5
995 43.6
996 43.7
997 43.7
998 43.75
999 44.05
1000 44.1
1001 44.1
1002 44.15
1003 44.15
1004 44.15
1005 44.15
1006 44.2
1007 44.25
1008 44.25
1009 44.25
1010 44.35
1011 44.35
1012 44.5
1013 44.65
1014 44.65
1015 44.7
1016 44.7
1017 44.7
1018 44.7
1019 44.7
1020 44.7
1021 44.75
1022 44.75
1023 44.75
1024 44.75
1025 44.75
1026 44.85
1027 44.9
1028 44.9
1029 44.95
1030 44.95
1031 45.15
1032 45.15
1033 45.15
1034 45.15
1035 45.15
1036 45.15
1037 45.2
1038 45.2
1039 45.25
1040 45.25
1041 45.25
1042 45.25
1043 45.25
1044 45.4
1045 45.4
1046 45.45
1047 45.45
1048 45.55
1049 45.55
1050 45.55
1051 45.55
1052 45.55
1053 45.55
1054 45.65
1055 45.7
1056 45.7
1057 45.7
1058 45.7
1059 45.9
1060 45.9
1061 45.9
1062 45.95
1063 45.95
1064 46.0
1065 46.0
1066 46.1
1067 46.2
1068 46.3
1069 46.4
1070 46.4
1071 46.45
1072 46.5
1073 46.6
1074 46.65
1075 46.65
1076 46.65
1077 46.65
1078 46.85
1079 46.85
1080 46.85
1081 46.85
1082 46.9
1083 46.9
1084 46.95
1085 46.95
1086 47.0
1087 47.05
1088 47.05
1089 47.25
1090 47.25
1091 47.3
1092 47.3
1093 47.4
1094 47.4
1095 47.4
1096 47.4
1097 47.45
1098 47.5
1099 47.5
1100 47.65
1101 47.65
1102 47.65
1103 47.75
1104 47.75
1105 47.85
1106 47.85
1107 47.85
1108 47.9
1109 48.0
1110 48.0
1111 48.0
1112 48.1
1113 48.1
1114 48.1
1115 48.1
1116 48.1
1117 48.1
1118 48.1
1119 48.2
1120 48.2
1121 48.2
1122 48.35
1123 48.35
1124 48.35
1125 48.35
1126 48.35
1127 48.45
1128 48.45
1129 48.45
1130 48.5
1131 48.55
1132 48.55
1133 48.55
1134 48.55
1135 48.65
1136 48.65
1137 48.7
1138 48.85
1139 48.9
1140 48.95
1141 48.95
1142 49.0
1143 49.0
1144 49.05
1145 49.1
1146 49.1
1147 49.1
1148 49.1
1149 49.25
1150 49.3
1151 49.4
1152 49.55
1153 49.55
1154 49.55
1155 49.6
1156 49.75
1157 49.75
1158 49.75
1159 49.8
1160 49.85
1161 49.85
1162 49.85
1163 49.85
1164 49.85
1165 49.85
1166 49.85
1167 49.85
1168 49.85
1169 49.9
1170 50.25
1171 50.35
1172 50.35
1173 50.5
1174 50.55
1175 50.55
1176 50.65
1177 50.7
1178 50.7
1179 50.7
1180 50.7
1181 50.75
1182 50.75
1183 50.8
1184 50.8
1185 50.8
1186 50.8
1187 50.8
1188 50.8
1189 50.8
1190 50.8
1191 50.8
1192 50.9
1193 50.9
1194 50.9
1195 51.0
1196 51.1
1197 51.2
1198 51.2
1199 51.25
1200 51.25
1201 51.25
1202 51.25
1203 51.3
1204 51.3
1205 51.4
1206 51.4
1207 51.4
1208 51.4
1209 51.4
1210 51.4
1211 51.4
1212 51.4
1213 51.4
1214 51.45
1215 51.5
1216 51.5
1217 51.5
1218 51.55
1219 51.7
1220 51.7
1221 51.75
1222 51.75
1223 51.75
1224 51.75
1225 51.75
1226 51.85
1227 51.85
1228 51.85
1229 51.85
1230 51.9
1231 51.9
1232 51.9
1233 51.9
1234 52.05
1235 52.05
1236 52.15
1237 52.25
1238 52.25
1239 52.4
1240 52.5
1241 52.55
1242 52.6
1243 52.7
1244 52.7
1245 52.7
1246 52.7
1247 52.75
1248 52.75
1249 52.85
1250 52.85
1251 52.85
1252 53.0
1253 53.0
1254 53.0
1255 53.1
1256 53.1
1257 53.1
1258 53.1
1259 53.1
1260 53.25
1261 53.25
1262 53.35
1263 53.35
1264 53.35
1265 53.4
1266 53.4
1267 53.4
1268 53.4
1269 53.4
1270 53.45
1271 53.45
1272 53.75
1273 53.85
1274 54.0
1275 54.0
1276 54.0
1277 54.0
1278 54.0
1279 54.0
1280 54.0
1281 54.0
1282 54.1
1283 54.1
1284 54.1
1285 54.1
1286 54.1
1287 54.2
1288 54.2
1289 54.2
1290 54.2
1291 54.25
1292 54.3
1293 54.4
1294 54.4
1295 54.45
1296 54.5
1297 54.5
1298 54.55
1299 54.55
1300 54.55
1301 54.55
1302 54.6
1303 54.6
1304 54.75
1305 54.75
1306 54.85
1307 54.85
1308 54.85
1309 54.95
1310 55.0
1311 55.0
1312 55.05
1313 55.05
1314 55.05
1315 55.15
1316 55.15
1317 55.2
1318 55.2
1319 55.25
1320 55.25
1321 55.3
1322 55.4
1323 55.4
1324 55.4
1325 55.4
1326 55.4
1327 55.4
1328 55.4
1329 55.45
1330 55.6
1331 55.75
1332 55.75
1333 55.8
1334 55.8
1335 55.85
1336 55.95
1337 55.95
1338 55.95
1339 55.95
1340 55.95
1341 55.95
1342 55.95
1343 55.95
1344 56.0
1345 56.05
1346 56.05
1347 56.1
1348 56.15
1349 56.15
1350 56.15
1351 56.2
1352 56.3
1353 56.3
1354 56.35
1355 56.45
1356 56.55
1357 56.55
1358 56.55
1359 56.6
1360 56.7
1361 56.75
1362 56.75
1363 56.8
1364 56.8
1365 56.8
1366 56.8
1367 56.85
1368 56.85
1369 56.85
1370 56.9
1371 56.9
1372 56.9
1373 56.95
1374 57.05
1375 57.05
1376 57.05
1377 57.05
1378 57.05
1379 57.15
1380 57.15
1381 57.2
1382 57.2
1383 57.2
1384 57.2
1385 57.2
1386 57.2
1387 57.35
1388 57.35
1389 57.4
1390 57.55
1391 57.65
1392 57.65
1393 57.65
1394 57.65
1395 57.65
1396 57.75
1397 57.85
1398 57.85
1399 57.85
1400 57.95
1401 58.0
1402 58.0
1403 58.05
1404 58.1
1405 58.1
1406 58.15
1407 58.15
1408 58.2
1409 58.25
1410 58.25
1411 58.25
1412 58.45
1413 58.45
1414 58.45
1415 58.45
1416 58.45
1417 58.45
1418 58.65
1419 58.65
1420 58.65
1421 58.8
1422 58.9
1423 58.9
1424 58.9
1425 58.9
1426 58.9
1427 59.0
1428 59.15
1429 59.15
1430 59.15
1431 59.15
1432 59.15
1433 59.15
1434 59.3
1435 59.4
1436 59.45
1437 59.5
1438 59.5
1439 59.5
1440 59.5
1441 59.5
1442 59.6
1443 59.75
1444 59.75
1445 59.85
1446 59.85
1447 59.85
1448 59.85
1449 59.85
1450 60.0
1451 60.05
1452 60.05
1453 60.15
1454 60.2
1455 60.2
1456 60.25
1457 60.25
1458 60.25
1459 60.3
1460 60.3
1461 60.35
1462 60.55
1463 60.55
1464 60.65
1465 60.65
1466 60.75
1467 60.75
1468 60.75
1469 60.8
1470 60.9
1471 60.95
1472 61.0
1473 61.0
1474 61.0
1475 61.0
1476 61.0
1477 61.0
1478 61.3
1479 61.45
1480 61.55
1481 61.55
1482 61.55
1483 61.65
1484 61.8
1485 61.9
1486 61.9
1487 61.9
1488 61.95
1489 61.95
1490 61.95
1491 62.05
1492 62.2
1493 62.2
1494 62.2
1495 62.2
1496 62.2
1497 62.25
1498 62.25
1499 62.25
1500 62.25
1501 62.3
1502 62.3
1503 62.4
1504 62.45
1505 62.55
1506 62.75
1507 62.75
1508 62.75
1509 62.75
1510 62.75
1511 62.75
1512 62.75
1513 62.75
1514 62.75
1515 62.85
1516 62.85
1517 62.85
1518 62.85
1519 63.15
1520 63.25
1521 63.4
1522 63.4
1523 63.4
1524 63.45
1525 63.45
1526 63.45
1527 63.5
1528 63.5
1529 63.5
1530 63.6
1531 63.75
1532 63.8
1533 63.8
1534 63.8
1535 63.85
1536 63.9
1537 63.9
1538 63.9
1539 63.9
1540 63.9
1541 63.9
1542 63.9
1543 63.9
1544 63.9
1545 63.9
1546 63.9
1547 63.95
1548 63.95
1549 63.95
1550 64.0
1551 64.0
1552 64.0
1553 64.0
1554 64.0
1555 64.0
1556 64.0
1557 64.0
1558 64.05
1559 64.1
1560 64.15
1561 64.15
1562 64.25
1563 64.25
1564 64.25
1565 64.3
1566 64.3
1567 64.45
1568 64.45
1569 64.45
1570 64.45
1571 64.45
1572 64.45
1573 64.45
1574 64.5
1575 64.5
1576 64.55
1577 64.6
1578 64.65
1579 64.7
1580 64.7
1581 64.75
1582 65.0
1583 65.0
1584 65.0
1585 65.0
1586 65.05
1587 65.1
1588 65.1
1589 65.1
1590 65.1
1591 65.15
1592 65.15
1593 65.15
1594 65.25
1595 65.25
1596 65.25
1597 65.3
1598 65.45
1599 65.45
1600 65.45
1601 65.55
1602 65.6
1603 65.6
1604 65.65
1605 65.75
1606 65.75
1607 65.75
1608 65.75
1609 65.75
1610 65.8
1611 65.8
1612 65.85
1613 65.85
1614 65.85
1615 65.85
1616 65.85
1617 65.85
1618 66.0
1619 66.0
1620 66.05
1621 66.05
1622 66.25
1623 66.25
1624 66.25
1625 66.25
1626 66.35
1627 66.35
1628 66.35
1629 66.35
1630 66.35
1631 66.4
1632 66.55
1633 66.55
1634 66.55
1635 66.55
1636 66.55
1637 66.55
1638 66.55
1639 66.55
1640 66.6
1641 66.65
1642 66.65
1643 66.7
1644 66.7
1645 66.85
1646 66.85
1647 66.85
1648 66.85
1649 66.9
1650 67.0
1651 67.05
1652 67.05
1653 67.05
1654 67.05
1655 67.05
1656 67.05
1657 67.05
1658 67.05
1659 67.2
1660 67.2
1661 67.2
1662 67.2
1663 67.2
1664 67.4
1665 67.4
1666 67.4
1667 67.4
1668 67.55
1669 67.55
1670 67.55
1671 67.55
1672 67.6
1673 67.75
1674 67.75
1675 67.85
1676 67.85
1677 67.85
1678 67.85
1679 67.85
1680 67.85
1681 68.0
1682 68.0
1683 68.0
1684 68.1
1685 68.1
1686 68.15
1687 68.15
1688 68.25
1689 68.25
1690 68.25
1691 68.25
1692 68.3
1693 68.3
1694 68.3
1695 68.3
1696 68.3
1697 68.3
1698 68.35
1699 68.4
1700 68.45
1701 68.5
1702 68.5
1703 68.5
1704 68.5
1705 68.55
1706 68.6
1707 68.65
1708 68.7
1709 68.75
1710 68.75
1711 68.8
1712 68.8
1713 68.85
1714 68.85
1715 68.85
1716 68.85
1717 69.0
1718 69.05
1719 69.05
1720 69.05
1721 69.05
1722 69.05
1723 69.05
1724 69.05
1725 69.05
1726 69.05
1727 69.05
1728 69.2
1729 69.25
1730 69.25
1731 69.25
1732 69.3
1733 69.65
1734 69.65
1735 69.65
1736 69.7
1737 69.7
1738 69.7
1739 69.7
1740 69.75
1741 69.75
1742 69.75
1743 69.75
1744 69.8
1745 69.85
1746 69.95
1747 70.0
1748 70.1
1749 70.1
1750 70.1
1751 70.15
1752 70.15
1753 70.15
1754 70.2
1755 70.3
1756 70.35
1757 70.35
1758 70.35
1759 70.35
1760 70.35
1761 70.35
1762 70.35
1763 70.35
1764 70.4
1765 70.4
1766 70.45
1767 70.5
1768 70.6
1769 70.7
1770 70.75
1771 70.75
1772 70.8
1773 70.85
1774 70.85
1775 70.85
1776 70.95
1777 70.95
1778 70.95
1779 71.0
1780 71.05
1781 71.05
1782 71.1
1783 71.1
1784 71.1
1785 71.1
1786 71.1
1787 71.1
1788 71.1
1789 71.1
1790 71.15
1791 71.2
1792 71.25
1793 71.25
1794 71.25
1795 71.25
1796 71.3
1797 71.3
1798 71.3
1799 71.35
1800 71.35
1801 71.35
1802 71.35
1803 71.35
1804 71.4
1805 71.4
1806 71.4
1807 71.4
1808 71.4
1809 71.5
1810 71.55
1811 71.65
1812 71.65
1813 71.65
1814 71.75
1815 71.8
1816 71.85
1817 71.85
1818 71.85
1819 71.85
1820 71.85
1821 71.85
1822 71.85
1823 71.85
1824 71.85
1825 71.9
1826 72.0
1827 72.0
1828 72.05
1829 72.1
1830 72.1
1831 72.1
1832 72.15
1833 72.15
1834 72.15
1835 72.15
1836 72.15
1837 72.15
1838 72.15
1839 72.15
1840 72.15
1841 72.15
1842 72.15
1843 72.15
1844 72.15
1845 72.2
1846 72.2
1847 72.2
1848 72.25
1849 72.25
1850 72.25
1851 72.35
1852 72.35
1853 72.4
1854 72.45
1855 72.45
1856 72.7
1857 72.75
1858 72.75
1859 72.75
1860 72.75
1861 72.75
1862 72.75
1863 72.75
1864 72.75
1865 72.85
1866 72.85
1867 72.85
1868 72.85
1869 73.05
1870 73.15
1871 73.2
1872 73.2
1873 73.25
1874 73.3
1875 73.3
1876 73.4
1877 73.4
1878 73.4
1879 73.4
1880 73.4
1881 73.4
1882 73.4
1883 73.45
1884 73.5
1885 73.5
1886 73.6
1887 73.6
1888 73.6
1889 73.6
1890 73.6
1891 73.65
1892 73.65
1893 73.8
1894 73.8
1895 73.8
1896 73.8
1897 73.8
1898 73.8
1899 73.85
1900 73.85
1901 73.85
1902 73.85
1903 73.85
1904 73.95
1905 74.0
1906 74.05
1907 74.05
1908 74.05
1909 74.05
1910 74.05
1911 74.05
1912 74.1
1913 74.15
1914 74.2
1915 74.2
1916 74.2
1917 74.2
1918 74.3
1919 74.3
1920 74.4
1921 74.4
1922 74.4
1923 74.45
1924 74.5
1925 74.5
1926 74.6
1927 74.65
1928 74.65
1929 74.65
1930 74.85
1931 74.85
1932 74.85
1933 74.85
1934 74.85
1935 75.0
1936 75.15
1937 75.2
1938 75.2
1939 75.35
1940 75.35
1941 75.35
1942 75.6
1943 75.6
1944 75.65
1945 75.65
1946 75.65
1947 75.65
1948 75.65
1949 75.65
1950 75.75
1951 75.75
1952 75.75
1953 75.75
1954 75.9
1955 75.9
1956 76.0
1957 76.05
1958 76.05
1959 76.05
1960 76.05
1961 76.1
1962 76.1
1963 76.1
1964 76.1
1965 76.15
1966 76.15
1967 76.2
1968 76.2
1969 76.4
1970 76.5
1971 76.5
1972 76.55
1973 76.55
1974 76.6
1975 76.6
1976 76.6
1977 76.6
1978 76.6
1979 76.75
1980 76.75
1981 76.8
1982 76.8
1983 76.8
1984 76.8
1985 76.85
1986 76.9
1987 76.9
1988 76.9
1989 76.9
1990 76.9
1991 76.95
1992 76.95
1993 76.95
1994 76.95
1995 76.95
1996 77.1
1997 77.1
1998 77.15
1999 77.15
2000 77.15
2001 77.2
2002 77.25
2003 77.25
2004 77.4
2005 77.55
2006 77.55
2007 77.75
2008 77.9
2009 77.9
2010 77.95
2011 77.95
2012 77.95
2013 78.0
2014 78.0
2015 78.05
2016 78.25
2017 78.25
2018 78.3
2019 78.3
2020 78.3
2021 78.3
2022 78.3
2023 78.3
2024 78.35
2025 78.35
2026 78.35
2027 78.4
2028 78.4
2029 78.4
2030 78.45
2031 78.45
2032 78.45
2033 78.45
2034 78.55
2035 78.55
2036 78.55
2037 78.55
2038 78.55
2039 78.55
2040 78.55
2041 78.6
2042 78.65
2043 78.65
2044 78.7
2045 78.7
2046 78.7
2047 78.7
2048 78.7
2049 78.7
2050 78.7
2051 78.7
2052 78.75
2053 78.75
2054 78.85
2055 78.85
2056 78.9
2057 78.9
2058 78.9
2059 78.95
2060 78.95
2061 78.95
2062 78.95
2063 78.95
2064 78.95
2065 78.95
2066 78.95
2067 78.95
2068 79.05
2069 79.15
2070 79.15
2071 79.15
2072 79.15
2073 79.15
2074 79.15
2075 79.15
2076 79.15
2077 79.15
2078 79.25
2079 79.25
2080 79.25
2081 79.25
2082 79.35
2083 79.5
2084 79.5
2085 79.5
2086 79.5
2087 79.55
2088 79.65
2089 79.65
2090 79.7
2091 79.7
2092 79.7
2093 79.7
2094 79.8
2095 79.85
2096 79.95
2097 79.95
2098 79.95
2099 79.95
2100 80.05
2101 80.05
2102 80.15
2103 80.15
2104 80.3
2105 80.3
2106 80.35
2107 80.4
2108 80.4
2109 80.4
2110 80.4
2111 80.4
2112 80.4
2113 80.45
2114 80.55
2115 80.55
2116 80.6
2117 80.6
2118 80.6
2119 80.6
2120 80.6
2121 80.65
2122 80.75
2123 80.75
2124 80.75
2125 80.75
2126 80.75
2127 80.75
2128 80.85
2129 80.85
2130 80.9
2131 81.1
2132 81.15
2133 81.15
2134 81.15
2135 81.15
2136 81.15
2137 81.2
2138 81.35
2139 81.4
2140 81.4
2141 81.45
2142 81.45
2143 81.45
2144 81.45
2145 81.55
2146 81.55
2147 81.55
2148 81.55
2149 81.55
2150 81.55
2151 81.55
2152 81.7
2153 81.7
2154 81.7
2155 81.7
2156 81.7
2157 81.75
2158 81.75
2159 81.75
2160 81.75
2161 81.85
2162 81.85
2163 81.85
2164 81.85
2165 81.9
2166 81.9
2167 81.95
2168 81.95
2169 82.0
2170 82.1
2171 82.1
2172 82.1
2173 82.1
2174 82.2
2175 82.3
2176 82.35
2177 82.45
2178 82.45
2179 82.45
2180 82.45
2181 82.55
2182 82.55
2183 82.55
2184 82.55
2185 82.6
2186 82.6
2187 82.6
2188 82.75
2189 82.8
2190 82.8
2191 82.9
2192 83.05
2193 83.2
2194 83.2
2195 83.2
2196 83.2
2197 83.2
2198 83.2
2199 83.2
2200 83.3
2201 83.3
2202 83.3
2203 83.3
2204 83.5
2205 83.5
2206 83.5
2207 83.5
2208 83.5
2209 83.6
2210 83.7
2211 83.7
2212 83.7
2213 83.7
2214 83.7
2215 83.7
2216 83.7
2217 83.7
2218 83.7
2219 83.7
2220 83.7
2221 83.7
2222 83.7
2223 83.7
2224 83.8
2225 83.8
2226 83.8
2227 83.85
2228 83.85
2229 83.85
2230 83.95
2231 84.1
2232 84.1
2233 84.35
2234 84.35
2235 84.35
2236 84.4
2237 84.5
2238 84.55
2239 84.55
2240 84.55
2241 84.55
2242 84.55
2243 84.55
2244 84.55
2245 84.65
2246 84.85
2247 84.85
2248 84.85
2249 84.85
2250 84.9
2251 84.95
2252 85.0
2253 85.0
2254 85.0
2255 85.0
2256 85.05
2257 85.1
2258 85.1
2259 85.2
2260 85.3
2261 85.3
2262 85.35
2263 85.35
2264 85.4
2265 85.5
2266 85.7
2267 85.7
2268 85.8
2269 85.8
2270 85.85
2271 85.9
2272 85.9
2273 85.9
2274 85.95
2275 85.95
2276 85.95
2277 85.95
2278 86.1
2279 86.1
2280 86.1
2281 86.15
2282 86.15
2283 86.15
2284 86.15
2285 86.15
2286 86.15
2287 86.15
2288 86.2
2289 86.2
2290 86.25
2291 86.25
2292 86.25
2293 86.35
2294 86.35
2295 86.4
2296 86.4
2297 86.4
2298 86.4
2299 86.4
2300 86.45
2301 86.45
2302 86.45
2303 86.45
2304 86.45
2305 86.45
2306 86.45
2307 86.45
2308 86.45
2309 86.45
2310 86.45
2311 86.45
2312 86.5
2313 86.5
2314 86.5
2315 86.5
2316 86.5
2317 86.6
2318 86.6
2319 86.6
2320 86.65
2321 86.7
2322 86.7
2323 86.7
2324 86.7
2325 86.7
2326 86.75
2327 86.75
2328 86.75
2329 86.75
2330 86.8
2331 86.85
2332 86.85
2333 86.85
2334 86.85
2335 86.85
2336 86.9
2337 86.95
2338 86.95
2339 87.1
2340 87.1
2341 87.1
2342 87.1
2343 87.15
2344 87.15
2345 87.2
2346 87.2
2347 87.2
2348 87.2
2349 87.2
2350 87.25
2351 87.25
2352 87.3
2353 87.35
2354 87.4
2355 87.4
2356 87.45
2357 87.5
2358 87.5
2359 87.55
2360 87.55
2361 87.65
2362 87.65
2363 87.7
2364 87.7
2365 87.7
2366 87.7
2367 87.75
2368 87.85
2369 87.85
2370 87.95
2371 87.95
2372 87.95
2373 87.95
2374 87.95
2375 87.95
2376 87.95
2377 87.95
2378 87.95
2379 87.95
2380 87.95
2381 88.05
2382 88.05
2383 88.05
2384 88.2
2385 88.2
2386 88.2
2387 88.3
2388 88.3
2389 88.3
2390 88.4
2391 88.5
2392 88.55
2393 88.55
2394 88.6
2395 88.6
2396 88.6
2397 88.6
2398 88.6
2399 88.7
2400 88.75
2401 88.85
2402 88.85
2403 88.9
2404 88.9
2405 88.9
2406 88.9
2407 88.95
2408 88.95
2409 88.95
2410 88.95
2411 88.95
2412 89.0
2413 89.25
2414 89.3
2415 89.3
2416 89.35
2417 89.35
2418 89.4
2419 89.5
2420 89.5
2421 89.55
2422 89.65
2423 89.65
2424 89.65
2425 89.65
2426 89.7
2427 89.7
2428 89.7
2429 89.7
2430 89.7
2431 89.7
2432 89.7
2433 89.7
2434 89.7
2435 89.75
2436 89.8
2437 90.05
2438 90.1
2439 90.2
2440 90.2
2441 90.25
2442 90.35
2443 90.35
2444 90.45
2445 90.45
2446 90.5
2447 90.5
2448 90.5
2449 90.5
2450 90.5
2451 90.5
2452 90.5
2453 90.5
2454 90.5
2455 90.55
2456 90.55
2457 90.55
2458 90.55
2459 90.6
2460 90.65
2461 90.65
2462 90.65
2463 90.7
2464 90.8
2465 91.0
2466 91.0
2467 91.0
2468 91.1
2469 91.2
2470 91.25
2471 91.3
2472 91.3
2473 91.3
2474 91.3
2475 91.4
2476 91.4
2477 91.45
2478 91.45
2479 91.45
2480 91.55
2481 91.65
2482 91.65
2483 91.7
2484 91.7
2485 91.75
2486 91.75
2487 91.85
2488 91.85
2489 92.0
2490 92.0
2491 92.0
2492 92.0
2493 92.0
2494 92.0
2495 92.05
2496 92.05
2497 92.05
2498 92.05
2499 92.1
2500 92.1
2501 92.1
2502 92.25
2503 92.25
2504 92.25
2505 92.25
2506 92.4
2507 92.4
2508 92.45
2509 92.45
2510 92.5
2511 92.65
2512 92.65
2513 92.65
2514 92.75
2515 92.75
2516 92.75
2517 92.8
2518 92.8
2519 92.8
2520 92.8
2521 92.85
2522 92.95
2523 92.95
2524 92.95
2525 92.95
2526 92.95
2527 92.95
2528 92.95
2529 92.95
2530 92.95
2531 92.95
2532 93.0
2533 93.0
2534 93.0
2535 93.05
2536 93.15
2537 93.15
2538 93.15
2539 93.15
2540 93.15
2541 93.25
2542 93.3
2543 93.3
2544 93.35
2545 93.35
2546 93.4
2547 93.4
2548 93.45
2549 93.45
2550 93.45
2551 93.45
2552 93.5
2553 93.5
2554 93.55
2555 93.55
2556 93.65
2557 93.65
2558 93.7
2559 93.8
2560 93.9
2561 93.9
2562 93.95
2563 93.95
2564 93.95
2565 94.0
2566 94.15
2567 94.15
2568 94.2
2569 94.2
2570 94.2
2571 94.3
2572 94.3
2573 94.3
2574 94.3
2575 94.3
2576 94.35
2577 94.45
2578 94.45
2579 94.5
2580 94.6
2581 94.7
2582 94.7
2583 94.7
2584 94.85
2585 94.85
2586 94.9
2587 94.9
2588 94.9
2589 94.9
2590 94.95
2591 94.95
2592 94.95
2593 94.95
2594 94.95
2595 94.95
2596 94.95
2597 94.95
2598 94.95
2599 94.95
2600 94.95
2601 94.95
2602 95.1
2603 95.1
2604 95.1
2605 95.15
2606 95.2
2607 95.25
2608 95.25
2609 95.25
2610 95.3
2611 95.45
2612 95.45
2613 95.45
2614 95.5
2615 95.55
2616 95.55
2617 95.65
2618 95.65
2619 95.65
2620 95.65
2621 95.75
2622 95.75
2623 95.75
2624 95.75
2625 95.75
2626 95.8
2627 95.8
2628 95.9
2629 95.95
2630 95.95
2631 95.95
2632 96.05
2633 96.05
2634 96.05
2635 96.1
2636 96.1
2637 96.15
2638 96.15
2639 96.15
2640 96.15
2641 96.25
2642 96.25
2643 96.25
2644 96.25
2645 96.4
2646 96.4
2647 96.45
2648 96.45
2649 96.45
2650 96.45
2651 96.5
2652 96.5
2653 96.5
2654 96.5
2655 96.5
2656 96.5
2657 96.5
2658 96.55
2659 96.55
2660 96.7
2661 96.75
2662 96.75
2663 96.75
2664 96.75
2665 96.8
2666 96.85
2667 96.85
2668 96.95
2669 96.95
2670 96.95
2671 97.0
2672 97.0
2673 97.0
2674 97.05
2675 97.05
2676 97.05
2677 97.1
2678 97.1
2679 97.15
2680 97.15
2681 97.15
2682 97.15
2683 97.25
2684 97.25
2685 97.25
2686 97.25
2687 97.35
2688 97.35
2689 97.35
2690 97.35
2691 97.35
2692 97.35
2693 97.35
2694 97.35
2695 97.35
2696 97.35
2697 97.5
2698 97.5
2699 97.5
2700 97.55
2701 97.55
2702 97.55
2703 97.7
2704 97.85
2705 97.9
2706 97.9
2707 97.9
2708 97.9
2709 97.9
2710 97.95
2711 98.0
2712 98.0
2713 98.0
2714 98.0
2715 98.05
2716 98.1
2717 98.1
2718 98.1
2719 98.15
2720 98.2
2721 98.25
2722 98.25
2723 98.25
2724 98.25
2725 98.25
2726 98.25
2727 98.35
2728 98.35
2729 98.35
2730 98.4
2731 98.4
2732 98.55
2733 98.6
2734 98.65
2735 98.7
2736 98.8
2737 98.85
2738 98.85
2739 98.85
2740 98.85
2741 98.9
2742 99.05
2743 99.05
2744 99.05
2745 99.05
2746 99.05
2747 99.05
2748 99.05
2749 99.05
2750 99.05
2751 99.05
2752 99.05
2753 99.1
2754 99.1
2755 99.1
2756 99.1
2757 99.15
2758 99.15
2759 99.2
2760 99.2
2761 99.25
2762 99.25
2763 99.25
2764 99.25
2765 99.3
2766 99.3
2767 99.35
2768 99.35
2769 99.35
2770 99.35
2771 99.35
2772 99.35
2773 99.4
2774 99.45
2775 99.45
2776 99.6
2777 99.65
2778 99.65
2779 99.7
2780 99.75
2781 99.75
2782 99.75
2783 99.8
2784 99.8
2785 99.9
2786 99.95
2787 99.95
2788 99.95
2789 99.95
2790 99.95
2791 99.95
2792 100.0
2793 100.0
2794 100.0
2795 100.0
2796 100.0
2797 100.05
2798 100.05
2799 100.2
2800 100.2
2801 100.25
2802 100.3
2803 100.3
2804 100.3
2805 100.3
2806 100.3
2807 100.3
2808 100.3
2809 100.35
2810 100.35
2811 100.35
2812 100.45
2813 100.45
2814 100.45
2815 100.45
2816 100.5
2817 100.5
2818 100.5
2819 100.5
2820 100.5
2821 100.55
2822 100.55
2823 100.65
2824 100.65
2825 100.7
2826 100.8
2827 100.8
2828 100.8
2829 101.0
2830 101.0
2831 101.0
2832 101.1
2833 101.1
2834 101.2
2835 101.2
2836 101.2
2837 101.25
2838 101.25
2839 101.3
2840 101.3
2841 101.3
2842 101.3
2843 101.3
2844 101.35
2845 101.4
2846 101.4
2847 101.4
2848 101.4
2849 101.4
2850 101.4
2851 101.4
2852 101.4
2853 101.4
2854 101.5
2855 101.5
2856 101.5
2857 101.5
2858 101.6
2859 101.6
2860 101.6
2861 101.65
2862 101.8
2863 101.8
2864 101.8
2865 101.8
2866 101.8
2867 101.9
2868 101.9
2869 102.0
2870 102.0
2871 102.05
2872 102.1
2873 102.15
2874 102.2
2875 102.2
2876 102.2
2877 102.2
2878 102.2
2879 102.2
2880 102.2
2881 102.2
2882 102.25
2883 102.3
2884 102.3
2885 102.3
2886 102.3
2887 102.35
2888 102.35
2889 102.35
2890 102.35
2891 102.4
2892 102.4
2893 102.45
2894 102.45
2895 102.45
2896 102.5
2897 102.5
2898 102.5
2899 102.5
2900 102.5
2901 102.55
2902 102.6
2903 102.6
2904 102.65
2905 102.65
2906 102.7
2907 102.7
2908 102.8
2909 102.8
2910 102.8
2911 102.8
2912 102.8
2913 102.85
2914 102.85
2915 103.1
2916 103.2
2917 103.2
2918 103.2
2919 103.25
2920 103.4
2921 103.4
2922 103.4
2923 103.4
2924 103.45
2925 103.45
2926 103.45
2927 103.45
2928 103.45
2929 103.45
2930 103.5
2931 103.55
2932 103.55
2933 103.55
2934 103.65
2935 103.65
2936 103.65
2937 103.65
2938 103.65
2939 103.7
2940 103.75
2941 103.75
2942 103.75
2943 103.75
2944 103.75
2945 103.75
2946 103.75
2947 103.85
2948 103.9
2949 103.95
2950 103.95
2951 104.0
2952 104.1
2953 104.1
2954 104.1
2955 104.1
2956 104.1
2957 104.2
2958 104.25
2959 104.25
2960 104.3
2961 104.3
2962 104.3
2963 104.3
2964 104.3
2965 104.4
2966 104.4
2967 104.4
2968 104.45
2969 104.55
2970 104.55
2971 104.6
2972 104.6
2973 104.6
2974 104.6
2975 104.6
2976 104.6
2977 104.6
2978 104.65
2979 104.65
2980 104.65
2981 104.8
2982 104.8
2983 104.85
2984 104.95
2985 104.95
2986 104.95
2987 105.0
2988 105.0
2989 105.0
2990 105.0
2991 105.0
2992 105.05
2993 105.05
2994 105.05
2995 105.05
2996 105.05
2997 105.05
2998 105.05
2999 105.05
3000 105.05
3001 105.1
3002 105.1
3003 105.15
3004 105.2
3005 105.2
3006 105.2
3007 105.2
3008 105.25
3009 105.25
3010 105.25
3011 105.25
3012 105.25
3013 105.25
3014 105.25
3015 105.25
3016 105.3
3017 105.3
3018 105.3
3019 105.45
3020 105.45
3021 105.55
3022 105.55
3023 105.55
3024 105.6
3025 105.6
3026 105.6
3027 105.7
3028 105.75
3029 105.75
3030 105.75
3031 105.75
3032 105.75
3033 105.75
3034 105.85
3035 105.95
3036 105.95
3037 105.95
3038 106.0
3039 106.15
3040 106.15
3041 106.15
3042 106.15
3043 106.15
3044 106.15
3045 106.15
3046 106.2
3047 106.2
3048 106.25
3049 106.35
3050 106.35
3051 106.35
3052 106.4
3053 106.4
3054 106.45
3055 106.45
3056 106.5
3057 106.5
3058 106.55
3059 106.55
3060 106.7
3061 106.7
3062 106.7
3063 106.7
3064 106.8
3065 106.8
3066 106.8
3067 106.8
3068 106.8
3069 106.85
3070 106.9
3071 106.95
3072 106.95
3073 107.05
3074 107.05
3075 107.05
3076 107.05
3077 107.05
3078 107.05
3079 107.05
3080 107.05
3081 107.05
3082 107.05
3083 107.05
3084 107.1
3085 107.15
3086 107.2
3087 107.2
3088 107.25
3089 107.3
3090 107.3
3091 107.3
3092 107.35
3093 107.35
3094 107.35
3095 107.4
3096 107.4
3097 107.4
3098 107.45
3099 107.6
3100 107.65
3101 107.7
3102 107.7
3103 107.7
3104 107.7
3105 107.75
3106 107.75
3107 107.9
3108 107.95
3109 107.95
3110 108.0
3111 108.0
3112 108.0
3113 108.0
3114 108.0
3115 108.0
3116 108.0
3117 108.0
3118 108.0
3119 108.05
3120 108.1
3121 108.1
3122 108.15
3123 108.15
3124 108.15
3125 108.15
3126 108.2
3127 108.2
3128 108.2
3129 108.25
3130 108.25
3131 108.25
3132 108.25
3133 108.25
3134 108.25
3135 108.35
3136 108.35
3137 108.35
3138 108.35
3139 108.35
3140 108.4
3141 108.4
3142 108.5
3143 108.5
3144 108.5
3145 108.5
3146 108.5
3147 108.55
3148 108.7
3149 108.7
3150 108.7
3151 108.7
3152 108.7
3153 108.8
3154 108.8
3155 108.9
3156 109.05
3157 109.15
3158 109.15
3159 109.25
3160 109.25
3161 109.3
3162 109.3
3163 109.4
3164 109.45
3165 109.5
3166 109.5
3167 109.55
3168 109.55
3169 109.55
3170 109.55
3171 109.55
3172 109.55
3173 109.55
3174 109.55
3175 109.6
3176 109.6
3177 109.6
3178 109.6
3179 109.6
3180 109.6
3181 109.7
3182 109.7
3183 109.7
3184 109.75
3185 109.75
3186 109.85
3187 109.85
3188 109.85
3189 109.85
3190 109.95
3191 109.95
3192 109.95
3193 110.05
3194 110.05
3195 110.05
3196 110.05
3197 110.1
3198 110.1
3199 110.1
3200 110.1
3201 110.2
3202 110.2
3203 110.2
3204 110.2
3205 110.2
3206 110.25
3207 110.25
3208 110.25
3209 110.25
3210 110.25
3211 110.25
3212 110.25
3213 110.25
3214 110.3
3215 110.3
3216 110.3
3217 110.3
3218 110.3
3219 110.35
3220 110.35
3221 110.35
3222 110.35
3223 110.4
3224 110.4
3225 110.4
3226 110.45
3227 110.45
3228 110.65
3229 110.7
3230 110.7
3231 110.7
3232 110.7
3233 110.75
3234 110.75
3235 110.85
3236 110.85
3237 110.85
3238 110.85
3239 110.85
3240 111.0
3241 111.05
3242 111.05
3243 111.05
3244 111.05
3245 111.1
3246 111.15
3247 111.25
3248 111.3
3249 111.35
3250 111.35
3251 111.35
3252 111.35
3253 111.35
3254 111.35
3255 111.35
3256 111.4
3257 111.4
3258 111.4
3259 111.45
3260 111.45
3261 111.45
3262 111.45
3263 111.45
3264 111.45
3265 111.45
3266 111.45
3267 111.5
3268 111.5
3269 111.5
3270 111.6
3271 111.6
3272 111.6
3273 111.6
3274 111.6
3275 111.6
3276 111.6
3277 111.65
3278 111.8
3279 111.9
3280 111.9
3281 111.9
3282 111.9
3283 111.95
3284 111.95
3285 111.95
3286 111.95
3287 111.95
3288 111.95
3289 112.05
3290 112.1
3291 112.15
3292 112.15
3293 112.15
3294 112.15
3295 112.2
3296 112.2
3297 112.2
3298 112.3
3299 112.35
3300 112.45
3301 112.45
3302 112.45
3303 112.45
3304 112.55
3305 112.55
3306 112.6
3307 112.65
3308 112.65
3309 112.65
3310 112.65
3311 112.65
3312 112.7
3313 112.7
3314 112.7
3315 112.7
3316 112.7
3317 112.7
3318 112.75
3319 112.75
3320 112.75
3321 112.75
3322 112.75
3323 112.75
3324 112.75
3325 112.8
3326 112.85
3327 112.85
3328 112.85
3329 112.9
3330 112.9
3331 112.9
3332 112.95
3333 112.95
3334 112.95
3335 112.95
3336 112.95
3337 112.95
3338 113.0
3339 113.0
3340 113.0
3341 113.0
3342 113.05
3343 113.05
3344 113.05
3345 113.1
3346 113.1
3347 113.15
3348 113.2
3349 113.2
3350 113.3
3351 113.3
3352 113.35
3353 113.4
3354 113.45
3355 113.45
3356 113.45
3357 113.45
3358 113.45
3359 113.45
3360 113.55
3361 113.6
3362 113.6
3363 113.6
3364 113.7
3365 113.7
3366 113.85
3367 113.9
3368 113.95
3369 114.0
3370 114.0
3371 114.0
3372 114.0
3373 114.0
3374 114.0
3375 114.05
3376 114.05
3377 114.05
3378 114.05
3379 114.05
3380 114.1
3381 114.15
3382 114.2
3383 114.25
3384 114.25
3385 114.25
3386 114.25
3387 114.25
3388 114.3
3389 114.3
3390 114.3
3391 114.35
3392 114.35
3393 114.45
3394 114.45
3395 114.45
3396 114.45
3397 114.45
3398 114.5
3399 114.5
3400 114.55
3401 114.55
3402 114.55
3403 114.6
3404 114.6
3405 114.7
3406 114.7
3407 114.7
3408 114.7
3409 114.7
3410 114.75
3411 114.8
3412 114.8
3413 114.8
3414 114.85
3415 114.85
3416 114.85
3417 114.85
3418 114.85
3419 114.85
3420 114.85
3421 114.85
3422 114.85
3423 114.85
3424 114.85
3425 114.9
3426 115.0
3427 115.05
3428 115.3
3429 115.3
3430 115.35
3431 115.35
3432 115.5
3433 115.6
3434 115.6
3435 115.6
3436 115.6
3437 115.6
3438 115.6
3439 115.6
3440 115.6
3441 115.6
3442 115.8
3443 115.8
3444 115.8
3445 115.8
3446 115.85
3447 115.85
3448 115.85
3449 115.85
3450 115.95
3451 115.95
3452 115.95
3453 115.95
3454 115.95
3455 115.95
3456 115.95
3457 115.95
3458 115.95
3459 116.0
3460 116.0
3461 116.0
3462 116.0
3463 116.0
3464 116.1
3465 116.1
3466 116.1
3467 116.2
3468 116.2
3469 116.2
3470 116.2
3471 116.25
3472 116.25
3473 116.25
3474 116.25
3475 116.25
3476 116.25
3477 116.3
3478 116.35
3479 116.35
3480 116.4
3481 116.4
3482 116.45
3483 116.45
3484 116.45
3485 116.45
3486 116.5
3487 116.5
3488 116.5
3489 116.55
3490 116.55
3491 116.65
3492 116.65
3493 116.65
3494 116.65
3495 116.65
3496 116.7
3497 116.7
3498 116.7
3499 116.75
3500 116.75
3501 116.8
3502 116.95
3503 117.15
3504 117.15
3505 117.25
3506 117.25
3507 117.25
3508 117.25
3509 117.25
3510 117.25
3511 117.25
3512 117.25
3513 117.25
3514 117.35
3515 117.35
3516 117.35
3517 117.45
3518 117.45
3519 117.45
3520 117.55
3521 117.55
3522 117.65
3523 117.7
3524 117.7
3525 117.7
3526 117.7
3527 117.7
3528 117.8
3529 117.85
3530 117.9
3531 117.9
3532 117.9
3533 117.9
3534 118.0
3535 118.0
3536 118.0
3537 118.0
3538 118.0
3539 118.0
3540 118.0
3541 118.0
3542 118.0
3543 118.05
3544 118.05
3545 118.05
3546 118.1
3547 118.15
3548 118.2
3549 118.2
3550 118.25
3551 118.25
3552 118.3
3553 118.3
3554 118.3
3555 118.3
3556 118.3
3557 118.3
3558 118.3
3559 118.3
3560 118.3
3561 118.3
3562 118.3
3563 118.3
3564 118.3
3565 118.3
3566 118.35
3567 118.4
3568 118.45
3569 118.45
3570 118.45
3571 118.45
3572 118.5
3573 118.5
3574 118.5
3575 118.55
3576 118.6
3577 118.6
3578 118.6
3579 118.75
3580 118.75
3581 118.8
3582 118.9
3583 118.9
3584 118.9
3585 118.9
3586 118.9
3587 118.9
3588 118.9
3589 118.9
3590 119.05
3591 119.05
3592 119.05
3593 119.05
3594 119.15
3595 119.2
3596 119.2
3597 119.25
3598 119.3
3599 119.3
3600 119.3
3601 119.3
3602 119.35
3603 119.4
3604 119.4
3605 119.4
3606 119.4
3607 119.4
3608 119.45
3609 119.55
3610 119.6
3611 119.65
3612 119.65
3613 119.65
3614 119.65
3615 119.65
3616 119.65
3617 119.65
3618 119.7
3619 119.7
3620 119.75
3621 119.75
3622 119.75
3623 119.85
3624 119.85
3625 119.85
3626 119.9
3627 119.9
3628 119.9
3629 120.0
3630 120.05
3631 120.05
3632 120.1
3633 120.1
3634 120.1
3635 120.1
3636 120.1
3637 120.1
3638 120.1
3639 120.1
3640 120.25
3641 120.3
3642 120.35
3643 120.4
3644 120.5
3645 120.5
3646 120.5
3647 120.5
3648 120.5
3649 120.6
3650 120.6
3651 120.6
3652 120.6
3653 120.6
3654 120.6
3655 120.6
3656 120.6
3657 120.6
3658 120.6
3659 120.6
3660 120.6
3661 120.6
3662 120.6
3663 120.6
3664 120.7
3665 120.75
3666 120.75
3667 120.75
3668 120.75
3669 120.75
3670 120.75
3671 120.85
3672 120.85
3673 120.85
3674 120.85
3675 120.85
3676 120.85
3677 120.9
3678 120.9
3679 121.05
3680 121.05
3681 121.05
3682 121.1
3683 121.15
3684 121.15
3685 121.15
3686 121.15
3687 121.15
3688 121.15
3689 121.2
3690 121.2
3691 121.2
3692 121.3
3693 121.3
3694 121.3
3695 121.3
3696 121.3
3697 121.3
3698 121.3
3699 121.3
3700 121.3
3701 121.3
3702 121.3
3703 121.3
3704 121.4
3705 121.4
3706 121.4
3707 121.4
3708 121.4
3709 121.5
3710 121.5
3711 121.5
3712 121.5
3713 121.5
3714 121.6
3715 121.6
3716 121.65
3717 121.65
3718 121.65
3719 121.75
3720 121.8
3721 121.8
3722 121.8
3723 121.8
3724 121.85
3725 121.85
3726 121.85
3727 121.85
3728 121.95
3729 122.0
3730 122.05
3731 122.1
3732 122.1
3733 122.1
3734 122.1
3735 122.1
3736 122.1
3737 122.1
3738 122.15
3739 122.15
3740 122.3
3741 122.3
3742 122.3
3743 122.3
3744 122.3
3745 122.35
3746 122.35
3747 122.35
3748 122.35
3749 122.4
3750 122.4
3751 122.4
3752 122.55
3753 122.55
3754 122.55
3755 122.55
3756 122.55
3757 122.55
3758 122.55
3759 122.55
3760 122.6
3761 122.6
3762 122.6
3763 122.65
3764 122.65
3765 122.65
3766 122.65
3767 122.65
3768 122.65
3769 122.65
3770 122.65
3771 122.65
3772 122.7
3773 122.7
3774 122.7
3775 122.75
3776 122.8
3777 122.95
3778 122.95
3779 122.95
3780 122.95
3781 123.0
3782 123.05
3783 123.05
3784 123.1
3785 123.15
3786 123.25
3787 123.25
3788 123.25
3789 123.3
3790 123.3
3791 123.3
3792 123.3
3793 123.3
3794 123.3
3795 123.3
3796 123.3
3797 123.3
3798 123.35
3799 123.4
3800 123.4
3801 123.4
3802 123.45
3803 123.45
3804 123.6
3805 123.65
3806 123.65
3807 123.65
3808 123.65
3809 123.65
3810 123.65
3811 123.65
3812 123.7
3813 123.7
3814 123.75
3815 123.75
3816 123.75
3817 123.75
3818 123.75
3819 123.75
3820 123.75
3821 123.75
3822 123.75
3823 123.75
3824 123.75
3825 123.75
3826 123.75
3827 123.75
3828 123.75
3829 123.8
3830 123.8
3831 123.8
3832 123.9
3833 123.9
3834 123.9
3835 123.9
3836 123.9
3837 123.9
3838 123.9
3839 123.9
3840 123.95
3841 123.95
3842 124.0
3843 124.0
3844 124.0
3845 124.0
3846 124.0
3847 124.0
3848 124.0
3849 124.0
3850 124.0
3851 124.05
3852 124.05
3853 124.1
3854 124.15
3855 124.15
3856 124.15
3857 124.15
3858 124.15
3859 124.2
3860 124.2
3861 124.25
3862 124.25
3863 124.25
3864 124.4
3865 124.4
3866 124.5
3867 124.5
3868 124.55
3869 124.55
3870 124.55
3871 124.65
3872 124.7
3873 124.7
3874 124.8
3875 124.8
3876 124.8
3877 124.8
3878 124.8
3879 124.85
3880 124.9
3881 124.9
3882 124.9
3883 124.95
3884 125.05
3885 125.05
3886 125.05
3887 125.05
3888 125.05
3889 125.05
3890 125.05
3891 125.2
3892 125.2
3893 125.2
3894 125.2
3895 125.2
3896 125.3
3897 125.35
3898 125.35
3899 125.35
3900 125.35
3901 125.35
3902 125.35
3903 125.4
3904 125.4
3905 125.4
3906 125.5
3907 125.65
3908 125.65
3909 125.7
3910 125.7
3911 125.75
3912 125.75
3913 125.75
3914 125.75
3915 125.75
3916 125.8
3917 125.8
3918 125.8
3919 125.85
3920 125.85
3921 125.85
3922 125.85
3923 125.85
3924 125.85
3925 125.85
3926 125.85
3927 125.85
3928 125.85
3929 125.85
3930 125.9
3931 125.9
3932 125.9
3933 125.9
3934 125.9
3935 125.9
3936 125.9
3937 125.9
3938 125.9
3939 125.9
3940 125.9
3941 125.9
3942 126.05
3943 126.05
3944 126.2
3945 126.3
3946 126.3
3947 126.4
3948 126.4
3949 126.4
3950 126.55
3951 126.55
3952 126.55
3953 126.55
3954 126.55
3955 126.55
3956 126.55
3957 126.55
3958 126.55
3959 126.55
3960 126.55
3961 126.55
3962 126.55
3963 126.55
3964 126.55
3965 126.55
3966 126.6
3967 126.6
3968 126.7
3969 126.7
3970 126.7
3971 126.7
3972 126.7
3973 126.75
3974 126.75
3975 126.75
3976 126.75
3977 126.75
3978 126.8
3979 126.9
3980 126.95
3981 126.95
3982 127.0
3983 127.0
3984 127.0
3985 127.05
3986 127.1
3987 127.25
3988 127.25
3989 127.25
3990 127.25
3991 127.25
3992 127.3
3993 127.3
3994 127.35
3995 127.4
3996 127.45
3997 127.45
3998 127.45
3999 127.45
4000 127.45
4001 127.5
4002 127.5
4003 127.55
4004 127.65
4005 127.7
4006 127.8
4007 127.85
4008 127.85
4009 127.85
4010 127.9
4011 127.9
4012 127.9
4013 127.9
4014 127.95
4015 128.0
4016 128.0
4017 128.0
4018 128.05
4019 128.05
4020 128.05
4021 128.05
4022 128.05
4023 128.05
4024 128.05
4025 128.05
4026 128.05
4027 128.15
4028 128.15
4029 128.15
4030 128.15
4031 128.2
4032 128.35
4033 128.35
4034 128.35
4035 128.35
4036 128.35
4037 128.5
4038 128.65
4039 128.7
4040 128.7
4041 128.7
4042 128.7
4043 128.85
4044 128.85
4045 128.85
4046 128.85
4047 128.85
4048 128.85
4049 128.9
4050 128.9
4051 129.05
4052 129.05
4053 129.05
4054 129.05
4055 129.05
4056 129.05
4057 129.05
4058 129.05
4059 129.05
4060 129.05
4061 129.05
4062 129.05
4063 129.05
4064 129.05
4065 129.25
4066 129.25
4067 129.25
4068 129.25
4069 129.25
4070 129.25
4071 129.3
4072 129.35
4073 129.35
4074 129.35
4075 129.35
4076 129.35
4077 129.35
4078 129.35
4079 129.35
4080 129.35
4081 129.4
4082 129.45
4083 129.55
4084 129.55
4085 129.55
4086 129.55
4087 129.55
4088 129.6
4089 129.6
4090 129.6
4091 129.6
4092 129.6
4093 129.6
4094 129.65
4095 129.65
4096 129.65
4097 129.65
4098 129.65
4099 129.65
4100 129.65
4101 129.7
4102 129.8
4103 129.85
4104 129.85
4105 129.85
4106 129.9
4107 129.9
4108 129.9
4109 129.9
4110 129.9
4111 129.9
4112 129.9
4113 129.9
4114 129.95
4115 129.95
4116 129.95
4117 129.95
4118 129.95
4119 130.0
4120 130.0
4121 130.05
4122 130.05
4123 130.05
4124 130.05
4125 130.05
4126 130.05
4127 130.1
4128 130.1
4129 130.1
4130 130.1
4131 130.1
4132 130.2
4133 130.3
4134 130.45
4135 130.55
4136 130.55
4137 130.55
4138 130.65
4139 130.65
4140 130.7
4141 130.7
4142 130.7
4143 130.7
4144 130.75
4145 130.75
4146 130.85
4147 130.85
4148 130.85
4149 130.85
4150 130.85
4151 130.85
4152 130.85
4153 130.85
4154 130.85
4155 130.85
4156 130.85
4157 130.85
4158 130.85
4159 130.85
4160 130.85
4161 130.85
4162 130.9
4163 130.9
4164 130.9
4165 130.9
4166 130.95
4167 130.95
4168 130.95
4169 130.95
4170 130.95
4171 131.1
4172 131.1
4173 131.1
4174 131.1
4175 131.1
4176 131.1
4177 131.15
4178 131.15
4179 131.15
4180 131.2
4181 131.2
4182 131.2
4183 131.2
4184 131.2
4185 131.25
4186 131.3
4187 131.3
4188 131.3
4189 131.35
4190 131.35
4191 131.4
4192 131.4
4193 131.4
4194 131.4
4195 131.4
4196 131.4
4197 131.4
4198 131.4
4199 131.4
4200 131.4
4201 131.4
4202 131.4
4203 131.45
4204 131.45
4205 131.5
4206 131.55
4207 131.6
4208 131.6
4209 131.65
4210 131.7
4211 131.7
4212 131.7
4213 131.7
4214 131.75
4215 131.85
4216 131.85
4217 131.85
4218 131.9
4219 131.9
4220 131.9
4221 131.9
4222 131.9
4223 131.95
4224 132.0
4225 132.0
4226 132.05
4227 132.05
4228 132.05
4229 132.1
4230 132.1
4231 132.1
4232 132.1
4233 132.15
4234 132.15
4235 132.15
4236 132.15
4237 132.2
4238 132.2
4239 132.25
4240 132.25
4241 132.3
4242 132.35
4243 132.4
4244 132.4
4245 132.4
4246 132.4
4247 132.5
4248 132.5
4249 132.5
4250 132.55
4251 132.55
4252 132.55
4253 132.55
4254 132.6
4255 132.75
4256 132.75
4257 132.8
4258 132.8
4259 132.85
4260 132.85
4261 132.85
4262 132.9
4263 132.9
4264 132.9
4265 132.95
4266 133.0
4267 133.0
4268 133.0
4269 133.0
4270 133.0
4271 133.0
4272 133.15
4273 133.15
4274 133.2
4275 133.25
4276 133.25
4277 133.25
4278 133.25
4279 133.25
4280 133.25
4281 133.25
4282 133.25
4283 133.25
4284 133.25
4285 133.3
4286 133.3
4287 133.3
4288 133.35
4289 133.35
4290 133.35
4291 133.35
4292 133.35
4293 133.35
4294 133.4
4295 133.45
4296 133.45
4297 133.45
4298 133.5
4299 133.55
4300 133.6
4301 133.6
4302 133.6
4303 133.6
4304 133.65
4305 133.65
4306 133.7
4307 133.75
4308 133.75
4309 133.75
4310 133.75
4311 133.9
4312 133.9
4313 133.9
4314 133.9
4315 133.9
4316 133.95
4317 134.0
4318 134.0
4319 134.0
4320 134.0
4321 134.1
4322 134.1
4323 134.1
4324 134.1
4325 134.1
4326 134.15
4327 134.2
4328 134.3
4329 134.3
4330 134.3
4331 134.3
4332 134.3
4333 134.3
4334 134.3
4335 134.35
4336 134.45
4337 134.45
4338 134.5
4339 134.5
4340 134.5
4341 134.5
4342 134.5
4343 134.5
4344 134.55
4345 134.55
4346 134.55
4347 134.55
4348 134.55
4349 134.55
4350 134.55
4351 134.55
4352 134.55
4353 134.6
4354 134.65
4355 134.65
4356 134.65
4357 134.65
4358 134.65
4359 134.65
4360 134.65
4361 134.65
4362 134.65
4363 134.65
4364 134.65
4365 134.7
4366 134.75
4367 134.8
4368 134.85
4369 134.85
4370 134.95
4371 134.95
4372 134.95
4373 134.95
4374 135.0
4375 135.0
4376 135.0
4377 135.05
4378 135.05
4379 135.05
4380 135.05
4381 135.05
4382 135.05
4383 135.1
4384 135.1
4385 135.15
4386 135.2
4387 135.25
4388 135.25
4389 135.3
4390 135.35
4391 135.35
4392 135.35
4393 135.35
4394 135.4
4395 135.4
4396 135.4
4397 135.4
4398 135.4
4399 135.4
4400 135.4
4401 135.45
4402 135.45
4403 135.45
4404 135.5
4405 135.5
4406 135.5
4407 135.5
4408 135.5
4409 135.55
4410 135.55
4411 135.55
4412 135.55
4413 135.6
4414 135.6
4415 135.6
4416 135.6
4417 135.6
4418 135.6
4419 135.65
4420 135.65
4421 135.7
4422 135.7
4423 135.8
4424 135.8
4425 135.85
4426 135.9
4427 135.9
4428 136.0
4429 136.0
4430 136.0
4431 136.0
4432 136.0
4433 136.0
4434 136.0
4435 136.0
4436 136.0
4437 136.0
4438 136.05
4439 136.1
4440 136.1
4441 136.1
4442 136.15
4443 136.15
4444 136.15
4445 136.15
4446 136.2
4447 136.2
4448 136.2
4449 136.2
4450 136.2
4451 136.2
4452 136.2
4453 136.25
4454 136.25
4455 136.3
4456 136.3
4457 136.3
4458 136.3
4459 136.35
4460 136.4
4461 136.45
4462 136.45
4463 136.45
4464 136.45
4465 136.5
4466 136.5
4467 136.6
4468 136.6
4469 136.6
4470 136.6
4471 136.6
4472 136.6
4473 136.6
4474 136.6
4475 136.6
4476 136.6
4477 136.6
4478 136.6
4479 136.65
4480 136.65
4481 136.7
4482 136.75
4483 136.8
4484 136.8
4485 136.8
4486 136.8
4487 136.85
4488 136.9
4489 136.9
4490 136.9
4491 136.9
4492 136.95
4493 136.95
4494 136.95
4495 136.95
4496 137.05
4497 137.05
4498 137.1
4499 137.1
4500 137.15
4501 137.2
4502 137.3
4503 137.3
4504 137.4
4505 137.4
4506 137.4
4507 137.4
4508 137.4
4509 137.4
4510 137.4
4511 137.5
4512 137.5
4513 137.5
4514 137.5
4515 137.5
4516 137.5
4517 137.5
4518 137.55
4519 137.55
4520 137.55
4521 137.55
4522 137.55
4523 137.55
4524 137.55
4525 137.55
4526 137.55
4527 137.6
4528 137.65
4529 137.65
4530 137.7
4531 137.7
4532 137.7
4533 137.7
4534 137.7
4535 137.8
4536 137.8
4537 137.8
4538 137.8
4539 137.9
4540 137.9
4541 137.9
4542 137.9
4543 137.9
4544 137.9
4545 137.9
4546 137.9
4547 137.9
4548 137.9
4549 137.9
4550 137.95
4551 137.95
4552 137.95
4553 137.95
4554 137.95
4555 137.95
4556 138.0
4557 138.0
4558 138.0
4559 138.0
4560 138.0
4561 138.0
4562 138.0
4563 138.0
4564 138.0
4565 138.15
4566 138.15
4567 138.25
4568 138.25
4569 138.25
4570 138.25
4571 138.25
4572 138.3
4573 138.3
4574 138.3
4575 138.35
4576 138.4
4577 138.4
4578 138.4
4579 138.4
4580 138.45
4581 138.5
4582 138.5
4583 138.5
4584 138.55
4585 138.55
4586 138.6
4587 138.6
4588 138.65
4589 138.65
4590 138.7
4591 138.75
4592 138.8
4593 138.8
4594 138.85
4595 139.05
4596 139.1
4597 139.1
4598 139.1
4599 139.15
4600 139.15
4601 139.15
4602 139.15
4603 139.15
4604 139.2
4605 139.2
4606 139.2
4607 139.2
4608 139.2
4609 139.2
4610 139.2
4611 139.2
4612 139.2
4613 139.25
4614 139.25
4615 139.25
4616 139.25
4617 139.25
4618 139.25
4619 139.25
4620 139.25
4621 139.25
4622 139.25
4623 139.45
4624 139.45
4625 139.5
4626 139.6
4627 139.65
4628 139.65
4629 139.65
4630 139.75
4631 139.75
4632 139.75
4633 139.85
4634 139.85
4635 139.85
4636 139.85
4637 139.85
4638 139.9
4639 139.95
4640 139.95
4641 139.95
4642 139.95
4643 139.95
4644 139.95
4645 139.95
4646 140.0
4647 140.0
4648 140.0
4649 140.05
4650 140.1
4651 140.1
4652 140.1
4653 140.1
4654 140.1
4655 140.1
4656 140.1
4657 140.15
4658 140.15
4659 140.15
4660 140.15
4661 140.15
4662 140.15
4663 140.15
4664 140.25
4665 140.25
4666 140.25
4667 140.25
4668 140.3
4669 140.35
4670 140.35
4671 140.45
4672 140.45
4673 140.45
4674 140.45
4675 140.45
4676 140.45
4677 140.45
4678 140.45
4679 140.45
4680 140.5
4681 140.5
4682 140.55
4683 140.6
4684 140.6
4685 140.65
4686 140.65
4687 140.65
4688 140.65
4689 140.65
4690 140.7
4691 140.7
4692 140.7
4693 140.7
4694 140.7
4695 140.7
4696 140.7
4697 140.7
4698 140.7
4699 140.7
4700 140.75
4701 140.75
4702 140.75
4703 140.8
4704 140.8
4705 140.8
4706 140.8
4707 140.8
4708 140.8
4709 140.8
4710 140.8
4711 140.8
4712 140.8
4713 140.8
4714 140.85
4715 140.9
4716 140.9
4717 140.9
4718 140.95
4719 141.05
4720 141.05
4721 141.05
4722 141.05
4723 141.05
4724 141.05
4725 141.05
4726 141.05
4727 141.05
4728 141.05
4729 141.1
4730 141.1
4731 141.1
4732 141.1
4733 141.1
4734 141.1
4735 141.1
4736 141.1
4737 141.1
4738 141.1
4739 141.1
4740 141.1
4741 141.15
4742 141.15
4743 141.2
4744 141.2
4745 141.2
4746 141.25
4747 141.25
4748 141.3
4749 141.35
4750 141.35
4751 141.4
4752 141.4
4753 141.4
4754 141.45
4755 141.5
4756 141.5
4757 141.55
4758 141.6
4759 141.6
4760 141.6
4761 141.7
4762 141.75
4763 141.75
4764 141.8
4765 141.85
4766 142.0
4767 142.0
4768 142.0
4769 142.0
4770 142.0
4771 142.0
4772 142.15
4773 142.2
4774 142.2
4775 142.2
4776 142.2
4777 142.25
4778 142.35
4779 142.35
4780 142.35
4781 142.35
4782 142.35
4783 142.35
4784 142.35
4785 142.4
4786 142.4
4787 142.4
4788 142.4
4789 142.4
4790 142.4
4791 142.4
4792 142.4
4793 142.45
4794 142.45
4795 142.45
4796 142.45
4797 142.5
4798 142.5
4799 142.55
4800 142.55
4801 142.55
4802 142.55
4803 142.55
4804 142.55
4805 142.55
4806 142.55
4807 142.55
4808 142.6
4809 142.6
4810 142.6
4811 142.7
4812 142.7
4813 142.8
4814 142.8
4815 142.8
4816 142.85
4817 142.85
4818 142.9
4819 142.9
4820 142.9
4821 143.0
4822 143.0
4823 143.0
4824 143.05
4825 143.1
4826 143.1
4827 143.1
4828 143.1
4829 143.1
4830 143.1
4831 143.15
4832 143.15
4833 143.15
4834 143.15
4835 143.15
4836 143.2
4837 143.3
4838 143.3
4839 143.3
4840 143.3
4841 143.3
4842 143.3
4843 143.3
4844 143.3
4845 143.35
4846 143.35
4847 143.35
4848 143.35
4849 143.35
4850 143.35
4851 143.4
4852 143.4
4853 143.4
4854 143.45
4855 143.45
4856 143.45
4857 143.45
4858 143.45
4859 143.45
4860 143.45
4861 143.45
4862 143.45
4863 143.5
4864 143.5
4865 143.55
4866 143.55
4867 143.55
4868 143.55
4869 143.55
4870 143.6
4871 143.75
4872 143.8
4873 143.8
4874 143.85
4875 143.85
4876 143.9
4877 143.9
4878 143.9
4879 143.9
4880 143.9
4881 143.9
4882 143.9
4883 143.9
4884 143.9
4885 143.9
4886 143.9
4887 143.9
4888 143.95
4889 144.1
4890 144.1
4891 144.15
4892 144.15
4893 144.15
4894 144.15
4895 144.2
4896 144.2
4897 144.2
4898 144.2
4899 144.2
4900 144.2
4901 144.2
4902 144.2
4903 144.2
4904 144.2
4905 144.2
4906 144.2
4907 144.2
4908 144.2
4909 144.2
4910 144.2
4911 144.2
4912 144.2
4913 144.2
4914 144.25
4915 144.3
4916 144.3
4917 144.3
4918 144.3
4919 144.3
4920 144.3
4921 144.35
4922 144.35
4923 144.5
4924 144.5
4925 144.5
4926 144.55
4927 144.6
4928 144.65
4929 144.65
4930 144.65
4931 144.65
4932 144.75
4933 144.75
4934 144.75
4935 144.75
4936 144.8
4937 144.8
4938 144.8
4939 144.8
4940 144.8
4941 144.8
4942 144.8
4943 144.8
4944 144.8
4945 144.85
4946 144.9
4947 144.9
4948 144.9
4949 144.9
4950 144.9
4951 144.95
4952 144.95
4953 145.0
4954 145.0
4955 145.0
4956 145.0
4957 145.05
4958 145.15
4959 145.15
4960 145.15
4961 145.15
4962 145.15
4963 145.2
4964 145.2
4965 145.2
4966 145.25
4967 145.25
4968 145.3
4969 145.3
4970 145.3
4971 145.35
4972 145.35
4973 145.35
4974 145.35
4975 145.4
4976 145.4
4977 145.4
4978 145.4
4979 145.4
4980 145.4
4981 145.4
4982 145.4
4983 145.4
4984 145.45
4985 145.45
4986 145.45
4987 145.5
4988 145.55
4989 145.55
4990 145.55
4991 145.55
4992 145.55
4993 145.55
4994 145.65
4995 145.65
4996 145.65
4997 145.65
4998 145.65
4999 145.65
5000 145.65
5001 145.65
5002 145.65
5003 145.65
5004 145.65
5005 145.65
5006 145.65
5007 145.65
5008 145.7
5009 145.7
5010 145.75
5011 145.75
5012 145.8
5013 145.8
5014 145.85
5015 145.85
5016 145.85
5017 145.85
5018 145.85
5019 145.9
5020 145.9
5021 145.9
5022 145.9
5023 145.95
5024 146.0
5025 146.0
5026 146.1
5027 146.1
5028 146.1
5029 146.15
5030 146.15
5031 146.15
5032 146.2
5033 146.2
5034 146.2
5035 146.2
5036 146.2
5037 146.2
5038 146.2
5039 146.2
5040 146.2
5041 146.4
5042 146.45
5043 146.45
5044 146.5
5045 146.5
5046 146.55
5047 146.55
5048 146.55
5049 146.55
5050 146.65
5051 146.65
5052 146.65
5053 146.65
5054 146.7
5055 146.7
5056 146.7
5057 146.8
5058 146.85
5059 146.85
5060 146.9
5061 146.9
5062 146.9
5063 146.9
5064 146.9
5065 146.95
5066 146.95
5067 147.0
5068 147.0
5069 147.05
5070 147.05
5071 147.05
5072 147.15
5073 147.15
5074 147.15
5075 147.15
5076 147.15
5077 147.15
5078 147.15
5079 147.15
5080 147.2
5081 147.2
5082 147.25
5083 147.25
5084 147.25
5085 147.25
5086 147.4
5087 147.4
5088 147.4
5089 147.4
5090 147.45
5091 147.6
5092 147.6
5093 147.6
5094 147.65
5095 147.65
5096 147.65
5097 147.65
5098 147.65
5099 147.65
5100 147.65
5101 147.65
5102 147.65
5103 147.65
5104 147.65
5105 147.7
5106 147.7
5107 147.7
5108 147.7
5109 147.7
5110 147.7
5111 147.7
5112 147.7
5113 147.7
5114 147.7
5115 147.7
5116 147.7
5117 147.8
5118 147.8
5119 147.8
5120 147.8
5121 147.8
5122 147.8
5123 147.8
5124 147.8
5125 147.8
5126 147.8
5127 147.9
5128 147.9
5129 147.9
5130 147.9
5131 148.0
5132 148.05
5133 148.1
5134 148.15
5135 148.15
5136 148.15
5137 148.2
5138 148.25
5139 148.25
5140 148.25
5141 148.25
5142 148.25
5143 148.3
5144 148.3
5145 148.3
5146 148.3
5147 148.3
5148 148.4
5149 148.4
5150 148.4
5151 148.4
5152 148.4
5153 148.4
5154 148.4
5155 148.4
5156 148.45
5157 148.45
5158 148.45
5159 148.45
5160 148.45
5161 148.5
5162 148.5
5163 148.5
5164 148.5
5165 148.5
5166 148.5
5167 148.55
5168 148.55
5169 148.55
5170 148.55
5171 148.55
5172 148.6
5173 148.6
5174 148.65
5175 148.75
5176 148.75
5177 148.75
5178 148.75
5179 148.8
5180 148.85
5181 148.85
5182 148.85
5183 148.85
5184 148.85
5185 148.85
5186 148.9
5187 148.9
5188 148.95
5189 148.95
5190 149.05
5191 149.05
5192 149.1
5193 149.1
5194 149.15
5195 149.15
5196 149.15
5197 149.2
5198 149.2
5199 149.2
5200 149.2
5201 149.25
5202 149.3
5203 149.3
5204 149.3
5205 149.3
5206 149.3
5207 149.3
5208 149.3
5209 149.3
5210 149.3
5211 149.3
5212 149.3
5213 149.3
5214 149.3
5215 149.35
5216 149.35
5217 149.35
5218 149.4
5219 149.45
5220 149.5
5221 149.5
5222 149.5
5223 149.5
5224 149.55
5225 149.55
5226 149.65
5227 149.65
5228 149.65
5229 149.65
5230 149.65
5231 149.65
5232 149.65
5233 149.65
5234 149.65
5235 149.65
5236 149.8
5237 149.8
5238 149.8
5239 149.8
5240 149.8
5241 149.8
5242 149.85
5243 149.85
5244 149.85
5245 149.85
5246 149.85
5247 149.9
5248 149.9
5249 149.9
5250 149.95
5251 150.05
5252 150.05
5253 150.05
5254 150.15
5255 150.15
5256 150.15
5257 150.25
5258 150.25
5259 150.25
5260 150.25
5261 150.3
5262 150.3
5263 150.3
5264 150.3
5265 150.3
5266 150.3
5267 150.3
5268 150.3
5269 150.3
5270 150.35
5271 150.35
5272 150.4
5273 150.4
5274 150.4
5275 150.4
5276 150.4
5277 150.4
5278 150.45
5279 150.45
5280 150.45
5281 150.5
5282 150.5
5283 150.5
5284 150.5
5285 150.5
5286 150.5
5287 150.5
5288 150.5
5289 150.5
5290 150.6
5291 150.6
5292 150.6
5293 150.6
5294 150.6
5295 150.6
5296 150.6
5297 150.6
5298 150.6
5299 150.65
5300 150.65
5301 150.7
5302 150.75
5303 150.75
5304 150.75
5305 150.8
5306 150.9
5307 150.9
5308 151.0
5309 151.0
5310 151.0
5311 151.0
5312 151.0
5313 151.0
5314 151.05
5315 151.2
5316 151.2
5317 151.2
5318 151.2
5319 151.2
5320 151.2
5321 151.35
5322 151.4
5323 151.4
5324 151.5
5325 151.55
5326 151.55
5327 151.55
5328 151.55
5329 151.55
5330 151.6
5331 151.6
5332 151.65
5333 151.65
5334 151.65
5335 151.65
5336 151.7
5337 151.7
5338 151.7
5339 151.7
5340 151.7
5341 151.7
5342 151.7
5343 151.7
5344 151.7
5345 151.7
5346 151.7
5347 151.7
5348 151.7
5349 151.75
5350 151.75
5351 151.75
5352 151.85
5353 151.85
5354 151.9
5355 151.9
5356 151.9
5357 151.9
5358 151.95
5359 151.95
5360 151.95
5361 151.95
5362 151.95
5363 151.95
5364 151.95
5365 151.95
5366 152.0
5367 152.0
5368 152.05
5369 152.05
5370 152.05
5371 152.05
5372 152.05
5373 152.05
5374 152.1
5375 152.1
5376 152.1
5377 152.1
5378 152.1
5379 152.1
5380 152.1
5381 152.1
5382 152.1
5383 152.1
5384 152.15
5385 152.15
5386 152.2
5387 152.2
5388 152.25
5389 152.3
5390 152.3
5391 152.35
5392 152.35
5393 152.35
5394 152.35
5395 152.4
5396 152.4
5397 152.4
5398 152.4
5399 152.4
5400 152.45
5401 152.45
5402 152.45
5403 152.45
5404 152.45
5405 152.45
5406 152.45
5407 152.45
5408 152.45
5409 152.45
5410 152.45
5411 152.45
5412 152.45
5413 152.5
5414 152.5
5415 152.5
5416 152.5
5417 152.5
5418 152.5
5419 152.55
5420 152.6
5421 152.6
5422 152.6
5423 152.65
5424 152.65
5425 152.65
5426 152.65
5427 152.65
5428 152.7
5429 152.7
5430 152.7
5431 152.7
5432 152.8
5433 152.8
5434 152.8
5435 152.8
5436 152.85
5437 152.9
5438 152.9
5439 152.9
5440 152.9
5441 152.95
5442 152.95
5443 152.95
5444 152.95
5445 152.95
5446 152.95
5447 152.95
5448 153.0
5449 153.0
5450 153.0
5451 153.0
5452 153.05
5453 153.05
5454 153.1
5455 153.1
5456 153.1
5457 153.1
5458 153.1
5459 153.1
5460 153.1
5461 153.1
5462 153.15
5463 153.2
5464 153.2
5465 153.2
5466 153.2
5467 153.2
5468 153.2
5469 153.2
5470 153.3
5471 153.35
5472 153.4
5473 153.4
5474 153.5
5475 153.5
5476 153.5
5477 153.5
5478 153.5
5479 153.5
5480 153.5
5481 153.5
5482 153.5
5483 153.55
5484 153.55
5485 153.55
5486 153.55
5487 153.65
5488 153.7
5489 153.7
5490 153.7
5491 153.7
5492 153.7
5493 153.7
5494 153.7
5495 153.7
5496 153.7
5497 153.7
5498 153.7
5499 153.8
5500 153.8
5501 153.8
5502 153.8
5503 153.8
5504 153.85
5505 153.85
5506 153.85
5507 153.85
5508 153.85
5509 153.85
5510 153.85
5511 153.85
5512 153.9
5513 153.9
5514 153.9
5515 153.95
5516 153.95
5517 153.95
5518 153.95
5519 154.0
5520 154.0
5521 154.0
5522 154.0
5523 154.0
5524 154.0
5525 154.0
5526 154.05
5527 154.05
5528 154.1
5529 154.1
5530 154.15
5531 154.15
5532 154.15
5533 154.15
5534 154.2
5535 154.25
5536 154.25
5537 154.25
5538 154.3
5539 154.3
5540 154.3
5541 154.3
5542 154.3
5543 154.3
5544 154.3
5545 154.3
5546 154.35
5547 154.4
5548 154.4
5549 154.45
5550 154.45
5551 154.45
5552 154.5
5553 154.6
5554 154.6
5555 154.6
5556 154.6
5557 154.65
5558 154.65
5559 154.65
5560 154.65
5561 154.65
5562 154.65
5563 154.65
5564 154.65
5565 154.65
5566 154.65
5567 154.7
5568 154.7
5569 154.7
5570 154.7
5571 154.7
5572 154.7
5573 154.7
5574 154.7
5575 154.7
5576 154.75
5577 154.75
5578 154.8
5579 154.8
5580 154.85
5581 154.9
5582 154.9
5583 154.95
5584 154.95
5585 154.95
5586 154.95
5587 155.0
5588 155.1
5589 155.1
5590 155.1
5591 155.2
5592 155.2
5593 155.2
5594 155.25
5595 155.25
5596 155.25
5597 155.35
5598 155.35
5599 155.35
5600 155.35
5601 155.4
5602 155.4
5603 155.4
5604 155.4
5605 155.4
5606 155.4
5607 155.4
5608 155.4
5609 155.4
5610 155.4
5611 155.4
5612 155.4
5613 155.4
5614 155.4
5615 155.4
5616 155.4
5617 155.4
5618 155.4
5619 155.4
5620 155.4
5621 155.4
5622 155.4
5623 155.4
5624 155.4
5625 155.4
5626 155.4
5627 155.45
5628 155.5
5629 155.55
5630 155.55
5631 155.55
5632 155.55
5633 155.6
5634 155.6
5635 155.6
5636 155.65
5637 155.65
5638 155.65
5639 155.65
5640 155.65
5641 155.65
5642 155.65
5643 155.65
5644 155.65
5645 155.7
5646 155.7
5647 155.7
5648 155.7
5649 155.8
5650 155.85
5651 155.9
5652 155.9
5653 155.95
5654 156.0
5655 156.0
5656 156.0
5657 156.0
5658 156.0
5659 156.0
5660 156.0
5661 156.0
5662 156.0
5663 156.0
5664 156.0
5665 156.0
5666 156.0
5667 156.0
5668 156.0
5669 156.0
5670 156.0
5671 156.0
5672 156.0
5673 156.0
5674 156.0
5675 156.0
5676 156.0
5677 156.0
5678 156.0
5679 156.0
5680 156.05
5681 156.05
5682 156.05
5683 156.05
5684 156.05
5685 156.05
5686 156.05
5687 156.15
5688 156.15
5689 156.15
5690 156.2
5691 156.2
5692 156.2
5693 156.2
5694 156.2
5695 156.2
5696 156.2
5697 156.2
5698 156.4
5699 156.4
5700 156.4
5701 156.45
5702 156.45
5703 156.45
5704 156.5
5705 156.5
5706 156.6
5707 156.6
5708 156.65
5709 156.7
5710 156.75
5711 156.75
5712 156.75
5713 156.75
5714 156.75
5715 156.75
5716 156.75
5717 156.75
5718 156.75
5719 156.75
5720 156.8
5721 156.8
5722 156.9
5723 156.9
5724 156.9
5725 156.95
5726 156.95
5727 156.95
5728 156.95
5729 156.95
5730 156.95
5731 156.95
5732 156.95
5733 156.95
5734 156.95
5735 156.95
5736 156.95
5737 156.95
5738 157.05
5739 157.05
5740 157.05
5741 157.05
5742 157.05
5743 157.05
5744 157.05
5745 157.1
5746 157.1
5747 157.1
5748 157.1
5749 157.1
5750 157.15
5751 157.2
5752 157.2
5753 157.2
5754 157.2
5755 157.2
5756 157.2
5757 157.2
5758 157.2
5759 157.2
5760 157.25
5761 157.3
5762 157.3
5763 157.3
5764 157.3
5765 157.3
5766 157.3
5767 157.3
5768 157.35
5769 157.35
5770 157.35
5771 157.35
5772 157.35
5773 157.35
5774 157.35
5775 157.35
5776 157.35
5777 157.35
5778 157.35
5779 157.35
5780 157.35
5781 157.35
5782 157.35
5783 157.35
5784 157.35
5785 157.35
5786 157.4
5787 157.45
5788 157.45
5789 157.45
5790 157.5
5791 157.5
5792 157.5
5793 157.6
5794 157.65
5795 157.65
5796 157.65
5797 157.65
5798 157.65
5799 157.65
5800 157.65
5801 157.7
5802 157.7
5803 157.7
5804 157.7
5805 157.7
5806 157.7
5807 157.7
5808 157.7
5809 157.7
5810 157.7
5811 157.7
5812 157.75
5813 157.8
5814 157.8
5815 157.85
5816 157.95
5817 157.95
5818 158.0
5819 158.0
5820 158.0
5821 158.05
5822 158.1
5823 158.15
5824 158.2
5825 158.2
5826 158.2
5827 158.2
5828 158.3
5829 158.3
5830 158.3
5831 158.3
5832 158.3
5833 158.3
5834 158.3
5835 158.3
5836 158.3
5837 158.3
5838 158.3
5839 158.3
5840 158.35
5841 158.35
5842 158.45
5843 158.45
5844 158.45
5845 158.5
5846 158.5
5847 158.5
5848 158.5
5849 158.5
5850 158.55
5851 158.55
5852 158.55
5853 158.55
5854 158.55
5855 158.55
5856 158.55
5857 158.55
5858 158.55
5859 158.55
5860 158.55
5861 158.55
5862 158.55
5863 158.55
5864 158.55
5865 158.55
5866 158.55
5867 158.55
5868 158.55
5869 158.6
5870 158.75
5871 158.75
5872 158.75
5873 158.75
5874 158.95
5875 159.0
5876 159.05
5877 159.05
5878 159.05
5879 159.05
5880 159.05
5881 159.05
5882 159.05
5883 159.05
5884 159.05
5885 159.05
5886 159.05
5887 159.1
5888 159.1
5889 159.1
5890 159.1
5891 159.1
5892 159.1
5893 159.1
5894 159.1
5895 159.1
5896 159.1
5897 159.1
5898 159.1
5899 159.15
5900 159.15
5901 159.2
5902 159.2
5903 159.2
5904 159.25
5905 159.3
5906 159.3
5907 159.45
5908 159.45
5909 159.45
5910 159.45
5911 159.5
5912 159.5
5913 159.5
5914 159.5
5915 159.5
5916 159.5
5917 159.5
5918 159.5
5919 159.5
5920 159.5
5921 159.5
5922 159.5
5923 159.5
5924 159.5
5925 159.5
5926 159.6
5927 159.65
5928 159.7
5929 159.7
5930 159.7
5931 159.7
5932 159.7
5933 159.7
5934 159.7
5935 159.7
5936 159.7
5937 159.75
5938 159.75
5939 159.75
5940 159.75
5941 159.75
5942 159.75
5943 159.75
5944 159.75
5945 159.75
5946 159.75
5947 159.75
5948 159.75
5949 159.8
5950 159.8
5951 159.8
5952 159.8
5953 159.8
5954 159.8
5955 159.8
5956 159.8
5957 159.8
5958 159.85
5959 159.85
5960 159.85
5961 159.85
5962 159.9
5963 159.9
5964 159.9
5965 159.9
5966 159.9
5967 159.95
5968 159.95
5969 160.0
5970 160.0
5971 160.05
5972 160.05
5973 160.05
5974 160.05
5975 160.05
5976 160.1
5977 160.25
5978 160.3
5979 160.3
5980 160.3
5981 160.35
5982 160.35
5983 160.35
5984 160.35
5985 160.35
5986 160.35
5987 160.35
5988 160.35
5989 160.35
5990 160.35
5991 160.35
5992 160.4
5993 160.4
5994 160.4
5995 160.4
5996 160.4
5997 160.4
5998 160.45
5999 160.45
