#iterations fitness
0 0.0
1 0.15
2 0.3
3 0.45
4 0.75
5 0.75
6 1.0
7 1.0
8 1.1
9 1.15
10 1.15
11 1.2
12 1.3
13 1.4
14 1.55
15 1.65
16 1.7
17 1.7
18 1.75
19 1.8
20 1.8
21 1.9
22 1.9
23 2.0
24 2.15
25 2.15
26 2.15
27 2.15
28 2.15
29 2.25
30 2.3
31 2.35
32 2.4
33 2.4
34 2.45
35 2.45
36 2.5
37 2.5
38 2.5
39 2.5
40 2.5
41 2.55
42 2.65
43 2.8
44 2.8
45 2.8
46 2.8
47 2.8
48 2.8
49 2.9
50 2.95
51 2.95
52 2.95
53 2.95
54 2.95
55 2.95
56 3.05
57 3.05
58 3.05
59 3.05
60 3.1
61 3.1
62 3.1
63 3.15
64 3.2
65 3.35
66 3.35
67 3.35
68 3.5
69 3.55
70 3.6
71 3.6
72 3.6
73 3.7
74 3.75
75 3.75
76 3.75
77 3.75
78 3.85
79 3.85
80 3.85
81 3.9
82 3.9
83 3.95
84 3.95
85 4.05
86 4.15
87 4.15
88 4.25
89 4.3
90 4.6
91 4.75
92 4.85
93 4.85
94 4.9
95 5.0
96 5.0
97 5.0
98 5.1
99 5.1
100 5.1
101 5.1
102 5.2
103 5.2
104 5.2
105 5.3
106 5.3
107 5.3
108 5.3
109 5.3
110 5.3
111 5.3
112 5.3
113 5.35
114 5.4
115 5.5
116 5.5
117 5.55
118 5.55
119 5.55
120 5.55
121 5.55
122 5.65
123 5.65
124 5.65
125 5.7
126 5.75
127 5.75
128 5.75
129 5.75
130 5.8
131 5.8
132 5.85
133 5.9
134 6.1
135 6.1
136 6.1
137 6.2
138 6.25
139 6.25
140 6.25
141 6.3
142 6.3
143 6.3
144 6.3
145 6.35
146 6.45
147 6.45
148 6.45
149 6.5
150 6.55
151 6.7
152 6.8
153 6.8
154 6.8
155 6.8
156 6.9
157 6.95
158 7.0
159 7.2
160 7.3
161 7.35
162 7.6
163 7.6
164 7.6
165 7.6
166 7.6
167 7.65
168 7.8
169 7.9
170 8.0
171 8.05
172 8.05
173 8.1
174 8.15
175 8.25
176 8.25
177 8.25
178 8.3
179 8.45
180 8.45
181 8.45
182 8.45
183 8.45
184 8.45
185 8.45
186 8.45
187 8.45
188 8.5
189 8.5
190 8.5
191 8.5
192 8.5
193 8.5
194 8.5
195 8.55
196 8.55
197 8.55
198 8.6
199 8.65
200 8.7
201 8.7
202 8.7
203 8.85
204 8.9
205 8.95
206 8.95
207 8.95
208 8.95
209 9.2
210 9.25
211 9.55
212 9.55
213 9.55
214 9.65
215 9.65
216 9.8
217 9.85
218 9.85
219 9.85
220 9.9
221 9.9
222 9.95
223 9.95
224 10.0
225 10.05
226 10.1
227 10.35
228 10.35
229 10.35
230 10.4
231 10.4
232 10.55
233 10.6
234 10.7
235 10.7
236 10.7
237 10.7
238 10.7
239 11.2
240 11.2
241 11.3
242 11.4
243 11.45
244 11.45
245 11.6
246 11.6
247 11.7
248 11.85
249 11.9
250 11.9
251 11.9
252 11.9
253 11.95
254 11.95
255 12.0
256 12.05
257 12.25
258 12.3
259 12.3
260 12.3
261 12.3
262 12.35
263 12.35
264 12.35
265 12.35
266 12.35
267 12.35
268 12.35
269 12.35
270 12.4
271 12.6
272 12.6
273 12.65
274 12.65
275 12.65
276 12.85
277 13.0
278 13.0
279 13.0
280 13.1
281 13.1
282 13.25
283 13.3
284 13.3
285 13.3
286 13.3
287 13.35
288 13.4
289 13.4
290 13.4
291 13.45
292 13.45
293 13.55
294 13.55
295 13.55
296 13.55
297 13.55
298 13.6
299 13.6
300 13.7
301 13.7
302 13.7
303 13.7
304 13.7
305 13.7
306 13.7
307 13.7
308 13.85
309 13.9
310 14.05
311 14.05
312 14.05
313 14.3
314 14.35
315 14.4
316 14.4
317 14.4
318 14.4
319 14.5
320 14.55
321 14.65
322 14.7
323 14.7
324 14.7
325 14.75
326 14.75
327 14.75
328 14.8
329 14.8
330 14.8
331 14.8
332 14.95
333 14.95
334 15.2
335 15.2
336 15.25
337 15.25
338 15.35
339 15.4
340 15.4
341 15.4
342 15.4
343 15.5
344 15.55
345 15.7
346 15.9
347 16.05
348 16.15
349 16.15
350 16.2
351 16.2
352 16.2
353 16.2
354 16.35
355 16.35
356 16.35
357 16.35
358 16.35
359 16.45
360 16.45
361 16.55
362 16.55
363 16.6
364 16.65
365 16.75
366 16.75
367 16.9
368 16.9
369 16.9
370 16.95
371 16.95
372 17.0
373 17.0
374 17.05
375 17.05
376 17.2
377 17.25
378 17.25
379 17.3
380 17.3
381 17.4
382 17.4
383 17.55
384 17.6
385 17.6
386 17.65
387 17.7
388 17.75
389 17.75
390 17.9
391 17.9
392 17.9
393 17.95
394 18.0
395 18.05
396 18.05
397 18.1
398 18.15
399 18.2
400 18.2
401 18.25
402 18.25
403 18.35
404 18.45
405 18.45
406 18.55
407 18.6
408 18.6
409 18.8
410 18.8
411 18.9
412 18.9
413 18.9
414 18.95
415 19.0
416 19.0
417 19.0
418 19.0
419 19.2
420 19.2
421 19.2
422 19.3
423 19.3
424 19.3
425 19.5
426 19.5
427 19.5
428 19.5
429 19.5
430 19.5
431 19.6
432 19.65
433 19.75
434 19.75
435 19.8
436 19.8
437 19.85
438 19.9
439 19.9
440 19.95
441 19.95
442 20.0
443 20.1
444 20.15
445 20.15
446 20.2
447 20.3
448 20.3
449 20.3
450 20.3
451 20.3
452 20.35
453 20.35
454 20.35
455 20.35
456 20.35
457 20.35
458 20.35
459 20.35
460 20.35
461 20.35
462 20.45
463 20.45
464 20.45
465 20.5
466 20.5
467 20.5
468 20.6
469 20.6
470 20.6
471 20.65
472 20.8
473 20.85
474 21.05
475 21.05
476 21.15
477 21.35
478 21.35
479 21.4
480 21.4
481 21.4
482 21.5
483 21.5
484 21.55
485 21.6
486 21.6
487 21.6
488 21.85
489 22.0
490 22.0
491 22.05
492 22.05
493 22.05
494 22.05
495 22.05
496 22.3
497 22.35
498 22.35
499 22.4
500 22.45
501 22.5
502 22.55
503 22.55
504 22.55
505 22.55
506 22.65
507 22.65
508 22.7
509 22.7
510 22.8
511 22.8
512 22.9
513 22.9
514 22.9
515 23.0
516 23.0
517 23.0
518 23.0
519 23.1
520 23.15
521 23.2
522 23.2
523 23.2
524 23.2
525 23.2
526 23.25
527 23.3
528 23.35
529 23.35
530 23.35
531 23.35
532 23.5
533 23.55
534 23.55
535 23.75
536 23.75
537 23.8
538 23.85
539 23.9
540 23.9
541 23.9
542 23.9
543 24.0
544 24.0
545 24.05
546 24.05
547 24.1
548 24.1
549 24.2
550 24.2
551 24.2
552 24.3
553 24.3
554 24.3
555 24.3
556 24.3
557 24.3
558 24.3
559 24.35
560 24.35
561 24.4
562 24.4
563 24.55
564 24.55
565 24.55
566 24.65
567 24.65
568 24.65
569 24.65
570 24.65
571 24.65
572 24.8
573 24.85
574 24.9
575 24.9
576 24.9
577 24.9
578 25.0
579 25.0
580 25.0
581 25.15
582 25.2
583 25.2
584 25.2
585 25.2
586 25.3
587 25.4
588 25.4
589 25.45
590 25.45
591 25.45
592 25.45
593 25.55
594 25.55
595 25.55
596 25.6
597 25.65
598 25.7
599 25.7
600 25.85
601 25.9
602 25.9
603 25.9
604 26.0
605 26.05
606 26.15
607 26.15
608 26.15
609 26.15
610 26.3
611 26.3
612 26.3
613 26.3
614 26.3
615 26.4
616 26.4
617 26.4
618 26.4
619 26.5
620 26.55
621 26.55
622 26.65
623 26.65
624 26.7
625 26.75
626 26.75
627 26.85
628 26.9
629 26.9
630 26.9
631 26.9
632 26.9
633 26.9
634 26.9
635 26.9
636 26.95
637 26.95
638 26.95
639 26.95
640 27.0
641 27.05
642 27.15
643 27.3
644 27.3
645 27.4
646 27.45
647 27.45
648 27.45
649 27.45
650 27.45
651 27.55
652 27.55
653 27.55
654 27.6
655 27.6
656 27.7
657 27.7
658 27.8
659 27.8
660 27.8
661 27.8
662 27.95
663 27.95
664 27.95
665 27.95
666 28.0
667 28.0
668 28.0
669 28.15
670 28.3
671 28.3
672 28.3
673 28.3
674 28.4
675 28.4
676 28.4
677 28.4
678 28.4
679 28.4
680 28.6
681 28.65
682 28.65
683 28.65
684 28.7
685 28.8
686 28.8
687 28.8
688 29.0
689 29.0
690 29.0
691 29.05
692 29.1
693 29.15
694 29.15
695 29.15
696 29.25
697 29.25
698 29.25
699 29.25
700 29.4
701 29.4
702 29.55
703 29.55
704 29.65
705 29.75
706 29.75
707 29.75
708 29.8
709 29.8
710 29.8
711 29.85
712 29.9
713 29.95
714 30.0
715 30.0
716 30.0
717 30.0
718 30.15
719 30.2
720 30.2
721 30.2
722 30.2
723 30.2
724 30.2
725 30.2
726 30.25
727 30.25
728 30.25
729 30.25
730 30.35
731 30.35
732 30.4
733 30.4
734 30.4
735 30.5
736 30.55
737 30.6
738 30.6
739 30.65
740 30.65
741 30.65
742 30.7
743 30.8
744 30.95
745 31.2
746 31.2
747 31.2
748 31.2
749 31.2
750 31.3
751 31.3
752 31.45
753 31.45
754 31.45
755 31.45
756 31.55
757 31.55
758 31.55
759 31.55
760 31.55
761 31.6
762 31.65
763 31.65
764 31.65
765 31.65
766 31.75
767 31.8
768 31.85
769 31.85
770 31.85
771 32.0
772 32.0
773 32.0
774 32.1
775 32.2
776 32.2
777 32.25
778 32.35
779 32.35
780 32.35
781 32.45
782 32.45
783 32.6
784 32.6
785 32.6
786 32.6
787 32.65
788 32.65
789 32.75
790 32.75
791 32.8
792 32.8
793 32.9
794 32.9
795 32.9
796 32.9
797 32.9
798 32.95
799 32.95
800 32.95
801 33.05
802 33.05
803 33.1
804 33.15
805 33.15
806 33.2
807 33.2
808 33.2
809 33.4
810 33.5
811 33.55
812 33.75
813 33.75
814 33.75
815 33.75
816 33.85
817 33.85
818 33.85
819 33.85
820 33.85
821 33.85
822 34.05
823 34.05
824 34.05
825 34.05
826 34.1
827 34.1
828 34.1
829 34.15
830 34.4
831 34.55
832 34.55
833 34.55
834 34.6
835 34.6
836 34.7
837 34.7
838 34.7
839 34.7
840 34.7
841 34.7
842 34.7
843 34.8
844 34.85
845 35.0
846 35.0
847 35.05
848 35.05
849 35.05
850 35.15
851 35.2
852 35.25
853 35.3
854 35.45
855 35.5
856 35.55
857 35.65
858 35.75
859 35.75
860 35.75
861 35.75
862 35.75
863 35.75
864 35.85
865 35.85
866 35.85
867 35.85
868 35.95
869 35.95
870 35.95
871 35.95
872 35.95
873 35.95
874 36.05
875 36.05
876 36.05
877 36.05
878 36.05
879 36.1
880 36.1
881 36.2
882 36.2
883 36.2
884 36.2
885 36.25
886 36.25
887 36.25
888 36.25
889 36.25
890 36.25
891 36.25
892 36.25
893 36.35
894 36.35
895 36.35
896 36.35
897 36.4
898 36.4
899 36.45
900 36.55
901 36.6
902 36.6
903 36.6
904 36.6
905 36.65
906 36.75
907 36.75
908 36.75
909 36.8
910 36.8
911 36.8
912 36.95
913 36.95
914 36.95
915 36.95
916 36.95
917 37.05
918 37.2
919 37.2
920 37.2
921 37.2
922 37.35
923 37.35
924 37.4
925 37.45
926 37.6
927 37.6
928 37.6
929 37.7
930 37.7
931 37.7
932 37.75
933 37.8
934 37.8
935 37.85
936 37.85
937 37.95
938 38.0
939 38.0
940 38.0
941 38.05
942 38.05
943 38.05
944 38.05
945 38.15
946 38.15
947 38.15
948 38.2
949 38.2
950 38.2
951 38.3
952 38.35
953 38.35
954 38.35
955 38.4
956 38.55
957 38.55
958 38.65
959 38.8
960 38.8
961 38.85
962 38.9
963 38.9
964 39.0
965 39.0
966 39.0
967 39.0
968 39.0
969 39.0
970 39.1
971 39.1
972 39.1
973 39.1
974 39.1
975 39.1
976 39.1
977 39.15
978 39.15
979 39.2
980 39.35
981 39.4
982 39.4
983 39.6
984 39.65
985 39.65
986 39.8
987 39.8
988 39.85
989 39.85
990 39.9
991 39.9
992 39.95
993 39.95
994 39.95
995 39.95
996 39.95
997 40.05
998 40.05
999 40.15
1000 40.25
1001 40.25
1002 40.25
1003 40.3
1004 40.3
1005 40.3
1006 40.3
1007 40.35
1008 40.4
1009 40.4
1010 40.4
1011 40.5
1012 40.5
1013 40.6
1014 40.6
1015 40.7
1016 40.7
1017 40.7
1018 40.75
1019 40.75
1020 40.85
1021 40.85
1022 40.9
1023 40.9
1024 40.9
1025 41.0
1026 41.2
1027 41.2
1028 41.2
1029 41.2
1030 41.25
1031 41.25
1032 41.25
1033 41.25
1034 41.4
1035 41.45
1036 41.5
1037 41.5
1038 41.5
1039 41.5
1040 41.5
1041 41.5
1042 41.55
1043 41.6
1044 41.6
1045 41.6
1046 41.6
1047 41.7
1048 41.7
1049 41.7
1050 41.7
1051 41.7
1052 41.7
1053 41.7
1054 41.7
1055 41.7
1056 41.7
1057 41.7
1058 41.7
1059 41.75
1060 41.75
1061 41.8
1062 41.8
1063 41.85
1064 41.9
1065 42.05
1066 42.05
1067 42.05
1068 42.05
1069 42.05
1070 42.05
1071 42.15
1072 42.15
1073 42.15
1074 42.15
1075 42.15
1076 42.25
1077 42.25
1078 42.3
1079 42.3
1080 42.5
1081 42.6
1082 42.6
1083 42.7
1084 42.7
1085 42.75
1086 42.8
1087 42.8
1088 42.95
1089 43.0
1090 43.1
1091 43.15
1092 43.15
1093 43.15
1094 43.25
1095 43.25
1096 43.3
1097 43.3
1098 43.3
1099 43.35
1100 43.35
1101 43.35
1102 43.35
1103 43.5
1104 43.5
1105 43.55
1106 43.65
1107 43.65
1108 43.7
1109 43.7
1110 43.7
1111 43.7
1112 43.7
1113 43.75
1114 43.75
1115 43.8
1116 43.8
1117 43.8
1118 43.8
1119 43.8
1120 43.8
1121 43.95
1122 43.95
1123 43.95
1124 43.95
1125 43.95
1126 43.95
1127 43.95
1128 44.0
1129 44.1
1130 44.1
1131 44.1
1132 44.15
1133 44.25
1134 44.35
1135 44.4
1136 44.45
1137 44.5
1138 44.5
1139 44.55
1140 44.55
1141 44.55
1142 44.55
1143 44.55
1144 44.55
1145 44.55
1146 44.6
1147 44.6
1148 44.6
1149 44.6
1150 44.6
1151 44.6
1152 44.6
1153 44.65
1154 44.65
1155 44.65
1156 44.65
1157 44.65
1158 44.7
1159 44.8
1160 45.05
1161 45.1
1162 45.1
1163 45.1
1164 45.1
1165 45.1
1166 45.25
1167 45.25
1168 45.3
1169 45.3
1170 45.4
1171 45.4
1172 45.45
1173 45.6
1174 45.6
1175 45.6
1176 45.65
1177 45.75
1178 45.85
1179 45.95
1180 46.05
1181 46.1
1182 46.1
1183 46.15
1184 46.2
1185 46.2
1186 46.2
1187 46.2
1188 46.2
1189 46.2
1190 46.2
1191 46.2
1192 46.2
1193 46.2
1194 46.2
1195 46.2
1196 46.35
1197 46.35
1198 46.35
1199 46.45
1200 46.45
1201 46.5
1202 46.5
1203 46.55
1204 46.7
1205 46.75
1206 46.75
1207 46.8
1208 46.8
1209 46.85
1210 46.9
1211 47.1
1212 47.1
1213 47.15
1214 47.15
1215 47.15
1216 47.35
1217 47.35
1218 47.45
1219 47.45
1220 47.5
1221 47.5
1222 47.5
1223 47.55
1224 47.6
1225 47.6
1226 47.65
1227 47.65
1228 47.65
1229 47.65
1230 47.7
1231 47.75
1232 47.8
1233 47.8
1234 47.8
1235 47.8
1236 47.8
1237 47.9
1238 47.9
1239 47.95
1240 48.0
1241 48.0
1242 48.05
1243 48.05
1244 48.05
1245 48.15
1246 48.25
1247 48.25
1248 48.25
1249 48.25
1250 48.25
1251 48.3
1252 48.3
1253 48.3
1254 48.35
1255 48.5
1256 48.5
1257 48.55
1258 48.55
1259 48.65
1260 48.7
1261 48.7
1262 48.7
1263 48.7
1264 48.7
1265 48.7
1266 48.7
1267 48.75
1268 48.75
1269 48.75
1270 48.75
1271 48.8
1272 48.8
1273 48.9
1274 49.0
1275 49.0
1276 49.0
1277 49.05
1278 49.05
1279 49.05
1280 49.05
1281 49.05
1282 49.05
1283 49.05
1284 49.1
1285 49.1
1286 49.1
1287 49.1
1288 49.15
1289 49.15
1290 49.25
1291 49.3
1292 49.35
1293 49.35
1294 49.4
1295 49.4
1296 49.55
1297 49.7
1298 49.7
1299 49.8
1300 49.8
1301 49.9
1302 50.1
1303 50.15
1304 50.15
1305 50.15
1306 50.15
1307 50.15
1308 50.15
1309 50.15
1310 50.15
1311 50.2
1312 50.2
1313 50.25
1314 50.25
1315 50.3
1316 50.3
1317 50.3
1318 50.3
1319 50.3
1320 50.3
1321 50.3
1322 50.35
1323 50.35
1324 50.35
1325 50.35
1326 50.4
1327 50.4
1328 50.5
1329 50.5
1330 50.5
1331 50.55
1332 50.6
1333 50.6
1334 50.6
1335 50.6
1336 50.65
1337 50.65
1338 50.7
1339 50.7
1340 50.7
1341 50.7
1342 50.75
1343 50.85
1344 50.9
1345 50.9
1346 51.05
1347 51.05
1348 51.3
1349 51.3
1350 51.35
1351 51.35
1352 51.35
1353 51.35
1354 51.4
1355 51.45
1356 51.45
1357 51.45
1358 51.45
1359 51.45
1360 51.45
1361 51.55
1362 51.6
1363 51.7
1364 51.7
1365 51.85
1366 51.85
1367 51.9
1368 51.9
1369 51.95
1370 52.0
1371 52.1
1372 52.15
1373 52.2
1374 52.2
1375 52.2
1376 52.25
1377 52.3
1378 52.3
1379 52.3
1380 52.3
1381 52.3
1382 52.3
1383 52.3
1384 52.3
1385 52.3
1386 52.3
1387 52.3
1388 52.35
1389 52.45
1390 52.45
1391 52.45
1392 52.45
1393 52.55
1394 52.65
1395 52.85
1396 52.85
1397 52.9
1398 52.9
1399 52.9
1400 53.0
1401 53.0
1402 53.05
1403 53.1
1404 53.1
1405 53.3
1406 53.3
1407 53.35
1408 53.35
1409 53.35
1410 53.35
1411 53.4
1412 53.45
1413 53.45
1414 53.45
1415 53.45
1416 53.5
1417 53.5
1418 53.5
1419 53.6
1420 53.6
1421 53.65
1422 53.65
1423 53.75
1424 53.95
1425 54.0
1426 54.0
1427 54.0
1428 54.05
1429 54.05
1430 54.05
1431 54.05
1432 54.15
1433 54.2
1434 54.25
1435 54.3
1436 54.3
1437 54.3
1438 54.3
1439 54.3
1440 54.35
1441 54.45
1442 54.45
1443 54.45
1444 54.75
1445 54.85
1446 54.85
1447 54.9
1448 54.9
1449 54.9
1450 54.95
1451 54.95
1452 55.0
1453 55.1
1454 55.1
1455 55.1
1456 55.1
1457 55.1
1458 55.1
1459 55.1
1460 55.1
1461 55.1
1462 55.1
1463 55.1
1464 55.1
1465 55.1
1466 55.15
1467 55.15
1468 55.15
1469 55.15
1470 55.15
1471 55.15
1472 55.25
1473 55.25
1474 55.35
1475 55.45
1476 55.5
1477 55.5
1478 55.55
1479 55.7
1480 55.7
1481 55.75
1482 55.75
1483 55.75
1484 55.75
1485 55.75
1486 55.75
1487 55.8
1488 55.8
1489 55.95
1490 55.95
1491 56.0
1492 56.05
1493 56.05
1494 56.05
1495 56.05
1496 56.05
1497 56.1
1498 56.1
1499 56.15
1500 56.25
1501 56.45
1502 56.45
1503 56.45
1504 56.45
1505 56.45
1506 56.45
1507 56.45
1508 56.45
1509 56.45
1510 56.45
1511 56.45
1512 56.6
1513 56.6
1514 56.6
1515 56.6
1516 56.6
1517 56.7
1518 56.75
1519 56.95
1520 56.95
1521 57.0
1522 57.0
1523 57.0
1524 57.0
1525 57.1
1526 57.1
1527 57.1
1528 57.1
1529 57.1
1530 57.1
1531 57.1
1532 57.2
1533 57.2
1534 57.35
1535 57.35
1536 57.35
1537 57.35
1538 57.35
1539 57.4
1540 57.45
1541 57.45
1542 57.45
1543 57.5
1544 57.65
1545 57.7
1546 57.7
1547 57.8
1548 57.8
1549 57.9
1550 57.9
1551 57.9
1552 57.95
1553 57.95
1554 58.05
1555 58.05
1556 58.15
1557 58.15
1558 58.15
1559 58.15
1560 58.15
1561 58.15
1562 58.15
1563 58.15
1564 58.4
1565 58.4
1566 58.4
1567 58.4
1568 58.4
1569 58.4
1570 58.4
1571 58.4
1572 58.5
1573 58.55
1574 58.55
1575 58.55
1576 58.6
1577 58.75
1578 58.85
1579 58.85
1580 58.85
1581 58.85
1582 58.85
1583 58.95
1584 58.95
1585 58.95
1586 59.05
1587 59.05
1588 59.05
1589 59.05
1590 59.05
1591 59.1
1592 59.1
1593 59.2
1594 59.2
1595 59.25
1596 59.25
1597 59.3
1598 59.3
1599 59.3
1600 59.35
1601 59.35
1602 59.35
1603 59.35
1604 59.35
1605 59.35
1606 59.35
1607 59.35
1608 59.35
1609 59.55
1610 59.55
1611 59.6
1612 59.65
1613 59.65
1614 59.65
1615 59.75
1616 59.75
1617 59.85
1618 59.85
1619 59.85
1620 59.9
1621 59.95
1622 59.95
1623 60.0
1624 60.0
1625 60.1
1626 60.2
1627 60.25
1628 60.25
1629 60.25
1630 60.3
1631 60.3
1632 60.3
1633 60.3
1634 60.3
1635 60.4
1636 60.4
1637 60.45
1638 60.5
1639 60.5
1640 60.5
1641 60.6
1642 60.6
1643 60.6
1644 60.6
1645 60.6
1646 60.6
1647 60.6
1648 60.65
1649 60.65
1650 60.7
1651 60.7
1652 60.75
1653 60.8
1654 60.9
1655 60.9
1656 60.95
1657 61.0
1658 61.0
1659 61.0
1660 61.1
1661 61.1
1662 61.2
1663 61.2
1664 61.3
1665 61.3
1666 61.4
1667 61.4
1668 61.4
1669 61.4
1670 61.4
1671 61.4
1672 61.65
1673 61.65
1674 61.65
1675 61.75
1676 61.75
1677 61.75
1678 61.8
1679 61.85
1680 61.85
1681 61.85
1682 61.85
1683 61.85
1684 61.95
1685 62.0
1686 62.05
1687 62.1
1688 62.1
1689 62.15
1690 62.15
1691 62.15
1692 62.2
1693 62.2
1694 62.35
1695 62.4
1696 62.4
1697 62.4
1698 62.4
1699 62.4
1700 62.4
1701 62.7
1702 62.7
1703 62.7
1704 62.7
1705 62.7
1706 62.7
1707 62.8
1708 62.85
1709 62.85
1710 62.85
1711 62.85
1712 62.85
1713 62.85
1714 62.95
1715 62.95
1716 63.0
1717 63.05
1718 63.05
1719 63.1
1720 63.1
1721 63.1
1722 63.1
1723 63.1
1724 63.1
1725 63.15
1726 63.15
1727 63.2
1728 63.25
1729 63.25
1730 63.25
1731 63.3
1732 63.3
1733 63.3
1734 63.4
1735 63.4
1736 63.45
1737 63.45
1738 63.45
1739 63.45
1740 63.45
1741 63.45
1742 63.55
1743 63.55
1744 63.55
1745 63.55
1746 63.6
1747 63.7
1748 63.75
1749 63.75
1750 63.75
1751 63.75
1752 63.8
1753 63.8
1754 63.9
1755 63.9
1756 63.9
1757 63.9
1758 63.9
1759 63.9
1760 63.9
1761 63.9
1762 63.95
1763 64.0
1764 64.0
1765 64.0
1766 64.0
1767 64.0
1768 64.0
1769 64.0
1770 64.1
1771 64.2
1772 64.2
1773 64.2
1774 64.2
1775 64.2
1776 64.25
1777 64.3
1778 64.5
1779 64.55
1780 64.65
1781 64.65
1782 64.7
1783 64.7
1784 64.7
1785 64.7
1786 64.75
1787 64.75
1788 64.8
1789 64.85
1790 64.85
1791 65.0
1792 65.0
1793 65.0
1794 65.1
1795 65.1
1796 65.25
1797 65.25
1798 65.25
1799 65.25
1800 65.3
1801 65.35
1802 65.35
1803 65.45
1804 65.5
1805 65.6
1806 65.6
1807 65.6
1808 65.65
1809 65.65
1810 65.65
1811 65.7
1812 65.7
1813 65.7
1814 65.7
1815 65.7
1816 65.75
1817 65.9
1818 65.95
1819 65.95
1820 65.95
1821 65.95
1822 65.95
1823 65.95
1824 65.95
1825 66.0
1826 66.0
1827 66.0
1828 66.0
1829 66.0
1830 66.1
1831 66.35
1832 66.35
1833 66.35
1834 66.4
1835 66.4
1836 66.45
1837 66.45
1838 66.5
1839 66.5
1840 66.55
1841 66.55
1842 66.65
1843 66.65
1844 66.7
1845 66.7
1846 66.75
1847 66.8
1848 66.85
1849 66.85
1850 66.85
1851 66.85
1852 66.85
1853 66.95
1854 67.0
1855 67.0
1856 67.0
1857 67.0
1858 67.0
1859 67.0
1860 67.0
1861 67.0
1862 67.05
1863 67.05
1864 67.05
1865 67.05
1866 67.05
1867 67.1
1868 67.1
1869 67.2
1870 67.2
1871 67.2
1872 67.2
1873 67.2
1874 67.35
1875 67.35
1876 67.35
1877 67.35
1878 67.4
1879 67.45
1880 67.5
1881 67.5
1882 67.5
1883 67.6
1884 67.6
1885 67.65
1886 67.7
1887 67.7
1888 67.8
1889 67.9
1890 68.0
1891 68.0
1892 68.1
1893 68.1
1894 68.1
1895 68.1
1896 68.2
1897 68.2
1898 68.2
1899 68.2
1900 68.25
1901 68.4
1902 68.45
1903 68.6
1904 68.6
1905 68.6
1906 68.6
1907 68.6
1908 68.6
1909 68.6
1910 68.6
1911 68.6
1912 68.65
1913 68.65
1914 68.7
1915 68.7
1916 68.7
1917 68.7
1918 68.8
1919 68.9
1920 68.9
1921 68.9
1922 68.9
1923 68.9
1924 68.9
1925 69.0
1926 69.05
1927 69.05
1928 69.15
1929 69.2
1930 69.3
1931 69.35
1932 69.35
1933 69.35
1934 69.45
1935 69.45
1936 69.45
1937 69.45
1938 69.45
1939 69.45
1940 69.45
1941 69.5
1942 69.5
1943 69.5
1944 69.5
1945 69.55
1946 69.55
1947 69.55
1948 69.6
1949 69.7
1950 69.8
1951 69.8
1952 69.85
1953 69.85
1954 69.85
1955 69.85
1956 69.85
1957 69.85
1958 69.85
1959 69.85
1960 69.85
1961 69.95
1962 70.15
1963 70.15
1964 70.15
1965 70.2
1966 70.2
1967 70.25
1968 70.25
1969 70.25
1970 70.35
1971 70.35
1972 70.35
1973 70.45
1974 70.45
1975 70.5
1976 70.5
1977 70.5
1978 70.5
1979 70.55
1980 70.6
1981 70.75
1982 70.75
1983 70.75
1984 70.85
1985 71.05
1986 71.05
1987 71.05
1988 71.1
1989 71.1
1990 71.1
1991 71.1
1992 71.2
1993 71.2
1994 71.2
1995 71.25
1996 71.3
1997 71.3
1998 71.3
1999 71.3
2000 71.3
2001 71.45
2002 71.45
2003 71.45
2004 71.45
2005 71.45
2006 71.45
2007 71.5
2008 71.5
2009 71.5
2010 71.55
2011 71.55
2012 71.65
2013 71.75
2014 71.9
2015 71.9
2016 71.9
2017 71.9
2018 71.9
2019 72.0
2020 72.0
2021 72.0
2022 72.0
2023 72.0
2024 72.05
2025 72.05
2026 72.05
2027 72.05
2028 72.05
2029 72.05
2030 72.15
2031 72.15
2032 72.2
2033 72.2
2034 72.35
2035 72.5
2036 72.5
2037 72.5
2038 72.5
2039 72.5
2040 72.5
2041 72.7
2042 72.7
2043 72.85
2044 72.9
2045 72.9
2046 72.9
2047 72.9
2048 72.95
2049 73.0
2050 73.0
2051 73.0
2052 73.0
2053 73.15
2054 73.15
2055 73.15
2056 73.15
2057 73.15
2058 73.2
2059 73.25
2060 73.45
2061 73.45
2062 73.5
2063 73.6
2064 73.6
2065 73.6
2066 73.6
2067 73.65
2068 73.65
2069 73.65
2070 73.65
2071 73.65
2072 73.65
2073 73.7
2074 73.75
2075 73.75
2076 73.75
2077 73.8
2078 73.8
2079 73.8
2080 73.85
2081 73.9
2082 73.9
2083 73.9
2084 73.9
2085 73.9
2086 74.0
2087 74.05
2088 74.05
2089 74.2
2090 74.2
2091 74.2
2092 74.25
2093 74.25
2094 74.25
2095 74.4
2096 74.5
2097 74.5
2098 74.55
2099 74.55
2100 74.55
2101 74.6
2102 74.6
2103 74.6
2104 74.6
2105 74.65
2106 74.7
2107 74.8
2108 74.8
2109 74.9
2110 74.9
2111 74.9
2112 74.9
2113 74.9
2114 74.95
2115 74.95
2116 74.95
2117 74.95
2118 74.95
2119 74.95
2120 74.95
2121 74.95
2122 75.05
2123 75.05
2124 75.05
2125 75.05
2126 75.05
2127 75.1
2128 75.15
2129 75.15
2130 75.2
2131 75.3
2132 75.3
2133 75.3
2134 75.45
2135 75.45
2136 75.45
2137 75.45
2138 75.45
2139 75.45
2140 75.45
2141 75.5
2142 75.5
2143 75.5
2144 75.5
2145 75.5
2146 75.5
2147 75.5
2148 75.5
2149 75.55
2150 75.55
2151 75.55
2152 75.55
2153 75.6
2154 75.7
2155 75.7
2156 75.7
2157 75.7
2158 75.7
2159 75.7
2160 75.7
2161 75.7
2162 75.85
2163 75.85
2164 75.85
2165 75.9
2166 75.9
2167 75.95
2168 76.05
2169 76.05
2170 76.15
2171 76.15
2172 76.15
2173 76.15
2174 76.15
2175 76.2
2176 76.25
2177 76.25
2178 76.3
2179 76.3
2180 76.3
2181 76.3
2182 76.3
2183 76.3
2184 76.3
2185 76.3
2186 76.3
2187 76.35
2188 76.4
2189 76.4
2190 76.4
2191 76.6
2192 76.7
2193 76.7
2194 76.7
2195 76.75
2196 76.8
2197 76.8
2198 76.8
2199 76.8
2200 76.8
2201 76.8
2202 76.8
2203 76.9
2204 76.9
2205 76.9
2206 77.0
2207 77.15
2208 77.2
2209 77.2
2210 77.2
2211 77.25
2212 77.25
2213 77.25
2214 77.25
2215 77.25
2216 77.3
2217 77.3
2218 77.3
2219 77.35
2220 77.35
2221 77.35
2222 77.35
2223 77.35
2224 77.35
2225 77.55
2226 77.65
2227 77.7
2228 77.7
2229 77.7
2230 77.7
2231 77.7
2232 77.7
2233 77.7
2234 77.7
2235 77.8
2236 77.8
2237 77.8
2238 77.8
2239 77.85
2240 77.9
2241 77.95
2242 77.95
2243 77.95
2244 77.95
2245 77.95
2246 77.95
2247 78.0
2248 78.05
2249 78.1
2250 78.1
2251 78.1
2252 78.2
2253 78.2
2254 78.2
2255 78.3
2256 78.3
2257 78.35
2258 78.35
2259 78.35
2260 78.4
2261 78.4
2262 78.4
2263 78.45
2264 78.45
2265 78.45
2266 78.5
2267 78.5
2268 78.5
2269 78.55
2270 78.55
2271 78.55
2272 78.55
2273 78.55
2274 78.55
2275 78.55
2276 78.55
2277 78.55
2278 78.55
2279 78.55
2280 78.65
2281 78.65
2282 78.7
2283 78.7
2284 78.75
2285 78.75
2286 78.75
2287 78.75
2288 78.75
2289 78.75
2290 78.75
2291 78.8
2292 78.8
2293 78.85
2294 78.85
2295 78.85
2296 78.9
2297 78.95
2298 79.1
2299 79.1
2300 79.1
2301 79.1
2302 79.1
2303 79.15
2304 79.15
2305 79.2
2306 79.2
2307 79.2
2308 79.2
2309 79.25
2310 79.25
2311 79.3
2312 79.4
2313 79.4
2314 79.5
2315 79.7
2316 79.7
2317 79.7
2318 79.7
2319 79.75
2320 79.85
2321 79.85
2322 79.9
2323 79.95
2324 79.95
2325 80.0
2326 80.0
2327 80.0
2328 80.0
2329 80.0
2330 80.05
2331 80.05
2332 80.05
2333 80.25
2334 80.3
2335 80.3
2336 80.35
2337 80.35
2338 80.35
2339 80.35
2340 80.4
2341 80.4
2342 80.4
2343 80.4
2344 80.5
2345 80.5
2346 80.5
2347 80.75
2348 80.75
2349 80.75
2350 80.8
2351 80.95
2352 81.05
2353 81.3
2354 81.3
2355 81.3
2356 81.35
2357 81.55
2358 81.55
2359 81.55
2360 81.6
2361 81.6
2362 81.6
2363 81.6
2364 81.6
2365 81.6
2366 81.65
2367 81.65
2368 81.65
2369 81.65
2370 81.7
2371 81.7
2372 81.75
2373 81.75
2374 81.75
2375 81.75
2376 81.75
2377 81.75
2378 81.9
2379 81.9
2380 82.0
2381 82.0
2382 82.0
2383 82.0
2384 82.0
2385 82.0
2386 82.0
2387 82.1
2388 82.1
2389 82.1
2390 82.1
2391 82.15
2392 82.15
2393 82.25
2394 82.25
2395 82.25
2396 82.35
2397 82.35
2398 82.35
2399 82.55
2400 82.55
2401 82.55
2402 82.55
2403 82.55
2404 82.55
2405 82.65
2406 82.65
2407 82.75
2408 82.75
2409 82.75
2410 82.85
2411 82.9
2412 82.9
2413 82.9
2414 83.05
2415 83.1
2416 83.15
2417 83.15
2418 83.15
2419 83.15
2420 83.15
2421 83.15
2422 83.2
2423 83.2
2424 83.2
2425 83.3
2426 83.3
2427 83.35
2428 83.45
2429 83.45
2430 83.5
2431 83.5
2432 83.5
2433 83.5
2434 83.55
2435 83.55
2436 83.55
2437 83.55
2438 83.65
2439 83.65
2440 83.65
2441 83.65
2442 83.65
2443 83.75
2444 83.75
2445 83.75
2446 83.75
2447 83.75
2448 83.75
2449 83.75
2450 83.75
2451 83.75
2452 83.75
2453 83.75
2454 83.75
2455 83.75
2456 83.75
2457 83.85
2458 83.85
2459 83.85
2460 83.85
2461 83.85
2462 83.85
2463 83.85
2464 84.0
2465 84.0
2466 84.0
2467 84.0
2468 84.1
2469 84.2
2470 84.2
2471 84.2
2472 84.2
2473 84.2
2474 84.2
2475 84.2
2476 84.3
2477 84.3
2478 84.4
2479 84.4
2480 84.4
2481 84.4
2482 84.4
2483 84.4
2484 84.4
2485 84.4
2486 84.4
2487 84.45
2488 84.5
2489 84.5
2490 84.55
2491 84.55
2492 84.55
2493 84.55
2494 84.55
2495 84.6
2496 84.65
2497 84.65
2498 84.65
2499 84.65
2500 84.95
2501 84.95
2502 85.1
2503 85.1
2504 85.1
2505 85.15
2506 85.15
2507 85.15
2508 85.15
2509 85.2
2510 85.2
2511 85.2
2512 85.2
2513 85.2
2514 85.4
2515 85.4
2516 85.4
2517 85.6
2518 85.6
2519 85.6
2520 85.65
2521 85.65
2522 85.65
2523 85.65
2524 85.65
2525 85.65
2526 85.65
2527 85.65
2528 85.65
2529 85.65
2530 85.8
2531 85.8
2532 85.8
2533 85.85
2534 85.9
2535 85.95
2536 86.0
2537 86.05
2538 86.05
2539 86.05
2540 86.05
2541 86.15
2542 86.15
2543 86.15
2544 86.15
2545 86.2
2546 86.2
2547 86.3
2548 86.35
2549 86.35
2550 86.35
2551 86.35
2552 86.35
2553 86.35
2554 86.35
2555 86.35
2556 86.35
2557 86.35
2558 86.35
2559 86.35
2560 86.4
2561 86.5
2562 86.5
2563 86.55
2564 86.6
2565 86.6
2566 86.6
2567 86.6
2568 86.6
2569 86.7
2570 86.7
2571 86.7
2572 86.7
2573 86.7
2574 86.7
2575 86.75
2576 86.75
2577 86.75
2578 86.8
2579 86.8
2580 86.95
2581 86.95
2582 86.95
2583 86.95
2584 86.95
2585 86.95
2586 86.95
2587 87.05
2588 87.05
2589 87.05
2590 87.05
2591 87.05
2592 87.2
2593 87.2
2594 87.25
2595 87.25
2596 87.3
2597 87.35
2598 87.35
2599 87.35
2600 87.35
2601 87.35
2602 87.4
2603 87.4
2604 87.4
2605 87.4
2606 87.4
2607 87.55
2608 87.55
2609 87.55
2610 87.55
2611 87.55
2612 87.55
2613 87.55
2614 87.6
2615 87.9
2616 87.9
2617 87.9
2618 87.9
2619 88.0
2620 88.0
2621 88.0
2622 88.0
2623 88.0
2624 88.0
2625 88.0
2626 88.0
2627 88.05
2628 88.05
2629 88.1
2630 88.25
2631 88.25
2632 88.25
2633 88.3
2634 88.3
2635 88.35
2636 88.35
2637 88.45
2638 88.55
2639 88.6
2640 88.6
2641 88.6
2642 88.6
2643 88.6
2644 88.6
2645 88.65
2646 88.7
2647 88.7
2648 88.7
2649 88.7
2650 88.75
2651 88.75
2652 88.75
2653 88.75
2654 88.8
2655 88.8
2656 88.85
2657 88.85
2658 88.85
2659 88.85
2660 88.95
2661 88.95
2662 88.95
2663 88.95
2664 89.0
2665 89.1
2666 89.1
2667 89.1
2668 89.1
2669 89.1
2670 89.1
2671 89.1
2672 89.15
2673 89.15
2674 89.2
2675 89.2
2676 89.2
2677 89.2
2678 89.25
2679 89.25
2680 89.45
2681 89.5
2682 89.5
2683 89.5
2684 89.5
2685 89.5
2686 89.5
2687 89.5
2688 89.55
2689 89.6
2690 89.6
2691 89.6
2692 89.7
2693 89.7
2694 89.7
2695 89.7
2696 89.75
2697 89.75
2698 89.75
2699 89.75
2700 89.75
2701 89.75
2702 89.75
2703 89.75
2704 89.75
2705 89.75
2706 89.75
2707 89.75
2708 89.75
2709 89.85
2710 89.95
2711 89.95
2712 89.95
2713 89.95
2714 90.0
2715 90.05
2716 90.1
2717 90.1
2718 90.3
2719 90.3
2720 90.45
2721 90.45
2722 90.45
2723 90.45
2724 90.45
2725 90.5
2726 90.5
2727 90.5
2728 90.55
2729 90.55
2730 90.55
2731 90.55
2732 90.55
2733 90.65
2734 90.65
2735 90.65
2736 90.65
2737 90.65
2738 90.65
2739 90.65
2740 90.65
2741 90.65
2742 90.75
2743 90.75
2744 90.75
2745 90.75
2746 90.75
2747 90.75
2748 90.75
2749 90.8
2750 90.8
2751 90.8
2752 90.95
2753 90.95
2754 91.0
2755 91.2
2756 91.2
2757 91.2
2758 91.2
2759 91.2
2760 91.3
2761 91.3
2762 91.3
2763 91.35
2764 91.4
2765 91.5
2766 91.5
2767 91.5
2768 91.55
2769 91.55
2770 91.55
2771 91.55
2772 91.55
2773 91.55
2774 91.6
2775 91.8
2776 91.8
2777 91.8
2778 91.8
2779 91.85
2780 91.85
2781 91.85
2782 91.85
2783 91.95
2784 91.95
2785 91.95
2786 91.95
2787 91.95
2788 92.0
2789 92.0
2790 92.0
2791 92.0
2792 92.0
2793 92.05
2794 92.05
2795 92.05
2796 92.05
2797 92.05
2798 92.05
2799 92.05
2800 92.15
2801 92.15
2802 92.15
2803 92.15
2804 92.15
2805 92.15
2806 92.2
2807 92.25
2808 92.25
2809 92.35
2810 92.35
2811 92.4
2812 92.4
2813 92.4
2814 92.4
2815 92.4
2816 92.4
2817 92.4
2818 92.4
2819 92.4
2820 92.4
2821 92.4
2822 92.4
2823 92.6
2824 92.6
2825 92.75
2826 92.75
2827 92.75
2828 92.75
2829 92.8
2830 92.8
2831 92.8
2832 92.8
2833 92.8
2834 92.8
2835 92.8
2836 92.8
2837 92.8
2838 92.8
2839 93.0
2840 93.05
2841 93.05
2842 93.1
2843 93.1
2844 93.1
2845 93.1
2846 93.1
2847 93.1
2848 93.1
2849 93.1
2850 93.2
2851 93.2
2852 93.2
2853 93.2
2854 93.25
2855 93.3
2856 93.35
2857 93.35
2858 93.4
2859 93.4
2860 93.5
2861 93.5
2862 93.5
2863 93.5
2864 93.5
2865 93.5
2866 93.5
2867 93.5
2868 93.6
2869 93.6
2870 93.7
2871 93.7
2872 93.75
2873 93.75
2874 93.75
2875 93.8
2876 93.9
2877 93.95
2878 94.05
2879 94.05
2880 94.05
2881 94.05
2882 94.05
2883 94.1
2884 94.15
2885 94.2
2886 94.2
2887 94.2
2888 94.2
2889 94.2
2890 94.2
2891 94.25
2892 94.35
2893 94.35
2894 94.4
2895 94.4
2896 94.4
2897 94.45
2898 94.45
2899 94.45
2900 94.45
2901 94.45
2902 94.45
2903 94.45
2904 94.45
2905 94.45
2906 94.6
2907 94.6
2908 94.6
2909 94.6
2910 94.6
2911 94.6
2912 94.6
2913 94.6
2914 94.6
2915 94.6
2916 94.65
2917 94.65
2918 94.75
2919 94.75
2920 94.75
2921 94.75
2922 94.75
2923 94.8
2924 94.8
2925 94.8
2926 94.8
2927 94.8
2928 94.85
2929 94.85
2930 94.85
2931 94.9
2932 95.0
2933 95.05
2934 95.05
2935 95.05
2936 95.05
2937 95.05
2938 95.05
2939 95.1
2940 95.15
2941 95.25
2942 95.3
2943 95.3
2944 95.3
2945 95.3
2946 95.3
2947 95.45
2948 95.45
2949 95.45
2950 95.45
2951 95.45
2952 95.45
2953 95.45
2954 95.45
2955 95.45
2956 95.6
2957 95.6
2958 95.65
2959 95.65
2960 95.65
2961 95.75
2962 95.75
2963 95.75
2964 95.75
2965 95.8
2966 95.9
2967 95.95
2968 95.95
2969 95.95
2970 95.95
2971 95.95
2972 95.95
2973 96.0
2974 96.0
2975 96.0
2976 96.0
2977 96.0
2978 96.1
2979 96.1
2980 96.1
2981 96.15
2982 96.2
2983 96.2
2984 96.3
2985 96.3
2986 96.3
2987 96.35
2988 96.4
2989 96.4
2990 96.45
2991 96.45
2992 96.45
2993 96.55
2994 96.6
2995 96.6
2996 96.6
2997 96.6
2998 96.6
2999 96.6
3000 96.6
3001 96.6
3002 96.6
3003 96.6
3004 96.65
3005 96.7
3006 96.7
3007 96.7
3008 96.7
3009 96.7
3010 96.7
3011 96.75
3012 96.8
3013 96.85
3014 96.85
3015 96.85
3016 96.85
3017 96.9
3018 96.9
3019 96.95
3020 96.95
3021 97.0
3022 97.0
3023 97.1
3024 97.1
3025 97.1
3026 97.2
3027 97.2
3028 97.3
3029 97.3
3030 97.3
3031 97.4
3032 97.4
3033 97.4
3034 97.45
3035 97.45
3036 97.45
3037 97.45
3038 97.45
3039 97.5
3040 97.6
3041 97.6
3042 97.6
3043 97.6
3044 97.6
3045 97.6
3046 97.7
3047 97.7
3048 97.7
3049 97.7
3050 97.75
3051 97.75
3052 97.75
3053 97.8
3054 97.8
3055 97.9
3056 97.9
3057 97.95
3058 98.05
3059 98.1
3060 98.15
3061 98.15
3062 98.15
3063 98.15
3064 98.15
3065 98.15
3066 98.2
3067 98.2
3068 98.2
3069 98.35
3070 98.35
3071 98.35
3072 98.35
3073 98.4
3074 98.4
3075 98.45
3076 98.5
3077 98.5
3078 98.55
3079 98.55
3080 98.65
3081 98.65
3082 98.65
3083 98.65
3084 98.65
3085 98.65
3086 98.65
3087 98.75
3088 98.75
3089 98.75
3090 98.75
3091 98.8
3092 98.8
3093 98.8
3094 98.8
3095 98.8
3096 98.85
3097 98.85
3098 98.9
3099 98.95
3100 98.95
3101 99.0
3102 99.0
3103 99.0
3104 99.05
3105 99.05
3106 99.05
3107 99.1
3108 99.1
3109 99.1
3110 99.1
3111 99.1
3112 99.1
3113 99.1
3114 99.1
3115 99.1
3116 99.1
3117 99.1
3118 99.1
3119 99.15
3120 99.15
3121 99.15
3122 99.15
3123 99.15
3124 99.2
3125 99.25
3126 99.25
3127 99.25
3128 99.25
3129 99.3
3130 99.3
3131 99.3
3132 99.3
3133 99.35
3134 99.4
3135 99.4
3136 99.4
3137 99.4
3138 99.45
3139 99.45
3140 99.45
3141 99.5
3142 99.55
3143 99.6
3144 99.8
3145 99.8
3146 99.85
3147 99.85
3148 99.85
3149 99.85
3150 99.85
3151 99.85
3152 99.95
3153 100.05
3154 100.05
3155 100.05
3156 100.05
3157 100.05
3158 100.1
3159 100.1
3160 100.1
3161 100.1
3162 100.1
3163 100.1
3164 100.1
3165 100.15
3166 100.2
3167 100.2
3168 100.2
3169 100.2
3170 100.25
3171 100.25
3172 100.25
3173 100.3
3174 100.45
3175 100.45
3176 100.45
3177 100.45
3178 100.45
3179 100.45
3180 100.45
3181 100.5
3182 100.5
3183 100.5
3184 100.5
3185 100.5
3186 100.5
3187 100.5
3188 100.5
3189 100.55
3190 100.6
3191 100.6
3192 100.6
3193 100.6
3194 100.7
3195 100.75
3196 100.75
3197 100.8
3198 100.8
3199 100.8
3200 100.8
3201 100.8
3202 100.9
3203 100.9
3204 100.9
3205 100.9
3206 100.9
3207 100.9
3208 100.95
3209 100.95
3210 100.95
3211 101.05
3212 101.05
3213 101.05
3214 101.05
3215 101.05
3216 101.05
3217 101.1
3218 101.1
3219 101.15
3220 101.15
3221 101.15
3222 101.25
3223 101.25
3224 101.25
3225 101.25
3226 101.35
3227 101.35
3228 101.35
3229 101.35
3230 101.35
3231 101.45
3232 101.45
3233 101.55
3234 101.6
3235 101.6
3236 101.6
3237 101.6
3238 101.6
3239 101.75
3240 101.75
3241 101.8
3242 101.8
3243 101.8
3244 101.8
3245 101.8
3246 101.8
3247 101.8
3248 101.85
3249 101.85
3250 101.85
3251 101.85
3252 101.95
3253 101.95
3254 101.95
3255 101.95
3256 101.95
3257 101.95
3258 101.95
3259 101.95
3260 101.95
3261 101.95
3262 101.95
3263 101.95
3264 101.95
3265 101.95
3266 102.0
3267 102.0
3268 102.05
3269 102.05
3270 102.05
3271 102.05
3272 102.05
3273 102.05
3274 102.2
3275 102.2
3276 102.2
3277 102.3
3278 102.3
3279 102.3
3280 102.3
3281 102.3
3282 102.35
3283 102.4
3284 102.4
3285 102.45
3286 102.45
3287 102.45
3288 102.5
3289 102.55
3290 102.55
3291 102.55
3292 102.55
3293 102.55
3294 102.55
3295 102.55
3296 102.55
3297 102.6
3298 102.7
3299 102.7
3300 102.85
3301 102.85
3302 102.85
3303 102.85
3304 102.85
3305 102.85
3306 102.85
3307 103.0
3308 103.0
3309 103.1
3310 103.1
3311 103.1
3312 103.15
3313 103.25
3314 103.4
3315 103.4
3316 103.4
3317 103.4
3318 103.4
3319 103.45
3320 103.45
3321 103.45
3322 103.5
3323 103.6
3324 103.65
3325 103.65
3326 103.7
3327 103.7
3328 103.7
3329 103.7
3330 103.7
3331 103.7
3332 103.7
3333 103.7
3334 103.75
3335 103.75
3336 103.8
3337 103.8
3338 103.8
3339 103.8
3340 103.8
3341 103.8
3342 103.85
3343 103.85
3344 103.85
3345 103.85
3346 103.85
3347 103.9
3348 103.95
3349 104.05
3350 104.05
3351 104.05
3352 104.05
3353 104.05
3354 104.15
3355 104.15
3356 104.15
3357 104.25
3358 104.25
3359 104.25
3360 104.25
3361 104.25
3362 104.25
3363 104.3
3364 104.3
3365 104.3
3366 104.3
3367 104.3
3368 104.35
3369 104.35
3370 104.4
3371 104.4
3372 104.4
3373 104.4
3374 104.4
3375 104.4
3376 104.4
3377 104.4
3378 104.45
3379 104.5
3380 104.5
3381 104.5
3382 104.5
3383 104.5
3384 104.6
3385 104.6
3386 104.6
3387 104.6
3388 104.6
3389 104.6
3390 104.65
3391 104.7
3392 104.7
3393 104.7
3394 104.7
3395 104.7
3396 104.7
3397 104.75
3398 104.75
3399 104.75
3400 104.75
3401 104.8
3402 104.85
3403 104.9
3404 104.9
3405 104.9
3406 105.0
3407 105.0
3408 105.0
3409 105.0
3410 105.0
3411 105.05
3412 105.15
3413 105.15
3414 105.15
3415 105.15
3416 105.15
3417 105.15
3418 105.15
3419 105.15
3420 105.15
3421 105.15
3422 105.15
3423 105.15
3424 105.2
3425 105.2
3426 105.2
3427 105.2
3428 105.35
3429 105.35
3430 105.35
3431 105.35
3432 105.35
3433 105.4
3434 105.45
3435 105.5
3436 105.5
3437 105.5
3438 105.55
3439 105.65
3440 105.7
3441 105.7
3442 105.75
3443 105.75
3444 105.75
3445 105.75
3446 105.75
3447 105.8
3448 105.8
3449 105.85
3450 105.85
3451 105.85
3452 105.85
3453 105.85
3454 105.95
3455 105.95
3456 105.95
3457 105.95
3458 105.95
3459 106.1
3460 106.1
3461 106.15
3462 106.15
3463 106.15
3464 106.2
3465 106.2
3466 106.25
3467 106.25
3468 106.3
3469 106.3
3470 106.3
3471 106.3
3472 106.3
3473 106.3
3474 106.35
3475 106.35
3476 106.4
3477 106.4
3478 106.4
3479 106.45
3480 106.45
3481 106.45
3482 106.5
3483 106.5
3484 106.5
3485 106.5
3486 106.55
3487 106.55
3488 106.55
3489 106.65
3490 106.7
3491 106.75
3492 106.85
3493 106.9
3494 106.9
3495 106.9
3496 106.9
3497 106.9
3498 106.9
3499 106.9
3500 106.9
3501 106.9
3502 106.95
3503 106.95
3504 106.95
3505 106.95
3506 107.0
3507 107.0
3508 107.0
3509 107.0
3510 107.05
3511 107.05
3512 107.05
3513 107.1
3514 107.1
3515 107.15
3516 107.2
3517 107.25
3518 107.25
3519 107.3
3520 107.3
3521 107.3
3522 107.3
3523 107.3
3524 107.3
3525 107.3
3526 107.35
3527 107.35
3528 107.35
3529 107.35
3530 107.35
3531 107.35
3532 107.35
3533 107.35
3534 107.4
3535 107.4
3536 107.45
3537 107.45
3538 107.45
3539 107.45
3540 107.45
3541 107.45
3542 107.45
3543 107.45
3544 107.45
3545 107.45
3546 107.55
3547 107.55
3548 107.65
3549 107.65
3550 107.65
3551 107.65
3552 107.65
3553 107.65
3554 107.65
3555 107.7
3556 107.85
3557 107.95
3558 107.95
3559 107.95
3560 107.95
3561 107.95
3562 107.95
3563 107.95
3564 107.95
3565 108.1
3566 108.1
3567 108.1
3568 108.1
3569 108.1
3570 108.2
3571 108.2
3572 108.2
3573 108.2
3574 108.2
3575 108.25
3576 108.35
3577 108.35
3578 108.35
3579 108.35
3580 108.35
3581 108.4
3582 108.4
3583 108.5
3584 108.5
3585 108.5
3586 108.5
3587 108.5
3588 108.55
3589 108.65
3590 108.65
3591 108.65
3592 108.65
3593 108.65
3594 108.7
3595 108.7
3596 108.7
3597 108.7
3598 108.7
3599 108.7
3600 108.75
3601 108.9
3602 108.9
3603 108.95
3604 108.95
3605 108.95
3606 108.95
3607 108.95
3608 109.1
3609 109.15
3610 109.15
3611 109.15
3612 109.2
3613 109.2
3614 109.2
3615 109.2
3616 109.2
3617 109.2
3618 109.2
3619 109.25
3620 109.25
3621 109.25
3622 109.25
3623 109.25
3624 109.25
3625 109.3
3626 109.35
3627 109.35
3628 109.35
3629 109.35
3630 109.4
3631 109.4
3632 109.5
3633 109.5
3634 109.65
3635 109.65
3636 109.65
3637 109.8
3638 109.8
3639 109.8
3640 109.8
3641 109.8
3642 109.8
3643 109.8
3644 109.85
3645 109.85
3646 109.85
3647 109.85
3648 109.85
3649 109.85
3650 109.85
3651 109.85
3652 109.9
3653 109.9
3654 109.9
3655 109.9
3656 109.95
3657 109.95
3658 109.95
3659 110.0
3660 110.1
3661 110.15
3662 110.25
3663 110.25
3664 110.25
3665 110.45
3666 110.45
3667 110.45
3668 110.45
3669 110.45
3670 110.45
3671 110.45
3672 110.45
3673 110.5
3674 110.5
3675 110.5
3676 110.5
3677 110.5
3678 110.5
3679 110.5
3680 110.55
3681 110.55
3682 110.6
3683 110.6
3684 110.6
3685 110.6
3686 110.6
3687 110.65
3688 110.7
3689 110.7
3690 110.7
3691 110.7
3692 111.0
3693 111.0
3694 111.0
3695 111.0
3696 111.0
3697 111.0
3698 111.05
3699 111.05
3700 111.05
3701 111.05
3702 111.1
3703 111.1
3704 111.1
3705 111.1
3706 111.1
3707 111.15
3708 111.15
3709 111.15
3710 111.15
3711 111.15
3712 111.15
3713 111.15
3714 111.15
3715 111.15
3716 111.15
3717 111.2
3718 111.2
3719 111.2
3720 111.2
3721 111.3
3722 111.3
3723 111.3
3724 111.3
3725 111.3
3726 111.3
3727 111.35
3728 111.35
3729 111.4
3730 111.5
3731 111.65
3732 111.65
3733 111.65
3734 111.65
3735 111.65
3736 111.65
3737 111.65
3738 111.65
3739 111.75
3740 111.75
3741 111.75
3742 111.75
3743 111.75
3744 111.8
3745 111.8
3746 111.8
3747 111.8
3748 111.85
3749 111.85
3750 111.9
3751 111.95
3752 111.95
3753 111.95
3754 111.95
3755 112.0
3756 112.0
3757 112.0
3758 112.0
3759 112.0
3760 112.05
3761 112.1
3762 112.1
3763 112.25
3764 112.4
3765 112.5
3766 112.6
3767 112.65
3768 112.65
3769 112.65
3770 112.65
3771 112.65
3772 112.65
3773 112.65
3774 112.65
3775 112.65
3776 112.65
3777 112.65
3778 112.65
3779 112.65
3780 112.65
3781 112.75
3782 112.75
3783 112.85
3784 112.9
3785 112.9
3786 112.9
3787 112.95
3788 112.95
3789 112.95
3790 113.0
3791 113.0
3792 113.0
3793 113.05
3794 113.05
3795 113.05
3796 113.05
3797 113.05
3798 113.05
3799 113.05
3800 113.05
3801 113.05
3802 113.1
3803 113.2
3804 113.2
3805 113.3
3806 113.3
3807 113.35
3808 113.35
3809 113.35
3810 113.35
3811 113.35
3812 113.35
3813 113.35
3814 113.35
3815 113.45
3816 113.45
3817 113.45
3818 113.45
3819 113.45
3820 113.45
3821 113.45
3822 113.45
3823 113.55
3824 113.6
3825 113.6
3826 113.6
3827 113.6
3828 113.65
3829 113.65
3830 113.7
3831 113.7
3832 113.7
3833 113.75
3834 113.75
3835 113.75
3836 113.85
3837 113.85
3838 113.85
3839 113.85
3840 113.85
3841 113.85
3842 113.85
3843 113.85
3844 113.85
3845 113.85
3846 114.0
3847 114.15
3848 114.15
3849 114.15
3850 114.15
3851 114.15
3852 114.2
3853 114.2
3854 114.25
3855 114.3
3856 114.3
3857 114.35
3858 114.35
3859 114.35
3860 114.4
3861 114.4
3862 114.4
3863 114.45
3864 114.5
3865 114.55
3866 114.55
3867 114.55
3868 114.6
3869 114.65
3870 114.75
3871 114.75
3872 114.75
3873 114.75
3874 114.75
3875 114.75
3876 114.75
3877 114.8
3878 114.8
3879 114.8
3880 114.8
3881 114.85
3882 114.9
3883 115.05
3884 115.05
3885 115.05
3886 115.05
3887 115.15
3888 115.15
3889 115.15
3890 115.15
3891 115.15
3892 115.15
3893 115.15
3894 115.15
3895 115.2
3896 115.25
3897 115.25
3898 115.25
3899 115.25
3900 115.35
3901 115.35
3902 115.35
3903 115.35
3904 115.35
3905 115.35
3906 115.35
3907 115.35
3908 115.35
3909 115.35
3910 115.35
3911 115.4
3912 115.4
3913 115.4
3914 115.4
3915 115.4
3916 115.4
3917 115.4
3918 115.4
3919 115.45
3920 115.45
3921 115.45
3922 115.45
3923 115.5
3924 115.5
3925 115.5
3926 115.55
3927 115.55
3928 115.55
3929 115.55
3930 115.55
3931 115.65
3932 115.7
3933 115.75
3934 115.75
3935 115.75
3936 115.8
3937 115.8
3938 115.8
3939 115.8
3940 115.8
3941 115.8
3942 115.8
3943 115.8
3944 115.8
3945 115.8
3946 115.8
3947 115.8
3948 115.85
3949 115.85
3950 115.9
3951 115.9
3952 115.9
3953 115.9
3954 115.9
3955 115.95
3956 116.05
3957 116.05
3958 116.05
3959 116.1
3960 116.1
3961 116.15
3962 116.15
3963 116.15
3964 116.2
3965 116.2
3966 116.2
3967 116.2
3968 116.2
3969 116.2
3970 116.2
3971 116.2
3972 116.3
3973 116.3
3974 116.35
3975 116.45
3976 116.5
3977 116.5
3978 116.5
3979 116.5
3980 116.5
3981 116.5
3982 116.5
3983 116.5
3984 116.5
3985 116.5
3986 116.5
3987 116.5
3988 116.5
3989 116.7
3990 116.7
3991 116.7
3992 116.75
3993 116.75
3994 116.75
3995 116.75
3996 116.8
3997 116.85
3998 116.85
3999 116.95
4000 116.95
4001 116.95
4002 116.95
4003 117.05
4004 117.1
4005 117.15
4006 117.2
4007 117.2
4008 117.2
4009 117.2
4010 117.2
4011 117.2
4012 117.25
4013 117.25
4014 117.25
4015 117.25
4016 117.25
4017 117.3
4018 117.3
4019 117.3
4020 117.3
4021 117.3
4022 117.3
4023 117.3
4024 117.35
4025 117.35
4026 117.35
4027 117.35
4028 117.35
4029 117.35
4030 117.35
4031 117.35
4032 117.4
4033 117.4
4034 117.4
4035 117.5
4036 117.55
4037 117.55
4038 117.55
4039 117.55
4040 117.55
4041 117.55
4042 117.55
4043 117.6
4044 117.65
4045 117.75
4046 117.8
4047 117.8
4048 117.85
4049 117.85
4050 117.95
4051 117.95
4052 117.95
4053 117.95
4054 118.0
4055 118.05
4056 118.05
4057 118.05
4058 118.05
4059 118.05
4060 118.05
4061 118.05
4062 118.15
4063 118.15
4064 118.15
4065 118.15
4066 118.15
4067 118.15
4068 118.2
4069 118.2
4070 118.3
4071 118.3
4072 118.35
4073 118.35
4074 118.35
4075 118.35
4076 118.35
4077 118.5
4078 118.5
4079 118.55
4080 118.55
4081 118.55
4082 118.55
4083 118.55
4084 118.55
4085 118.55
4086 118.55
4087 118.55
4088 118.55
4089 118.55
4090 118.55
4091 118.55
4092 118.7
4093 118.7
4094 118.75
4095 118.75
4096 118.75
4097 118.75
4098 118.75
4099 118.9
4100 118.9
4101 118.9
4102 118.9
4103 118.95
4104 118.95
4105 118.95
4106 118.95
4107 118.95
4108 118.95
4109 119.05
4110 119.05
4111 119.05
4112 119.05
4113 119.05
4114 119.05
4115 119.05
4116 119.05
4117 119.1
4118 119.1
4119 119.15
4120 119.15
4121 119.25
4122 119.3
4123 119.3
4124 119.35
4125 119.35
4126 119.4
4127 119.4
4128 119.4
4129 119.4
4130 119.4
4131 119.45
4132 119.45
4133 119.5
4134 119.5
4135 119.6
4136 119.6
4137 119.65
4138 119.65
4139 119.65
4140 119.75
4141 119.75
4142 119.8
4143 119.8
4144 119.8
4145 119.8
4146 119.8
4147 119.8
4148 119.9
4149 119.9
4150 119.9
4151 119.9
4152 119.95
4153 119.95
4154 119.95
4155 119.95
4156 119.95
4157 120.0
4158 120.0
4159 120.0
4160 120.0
4161 120.0
4162 120.0
4163 120.0
4164 120.1
4165 120.2
4166 120.2
4167 120.25
4168 120.25
4169 120.25
4170 120.35
4171 120.35
4172 120.35
4173 120.35
4174 120.35
4175 120.5
4176 120.5
4177 120.5
4178 120.5
4179 120.6
4180 120.65
4181 120.65
4182 120.65
4183 120.65
4184 120.75
4185 120.75
4186 120.75
4187 120.9
4188 120.9
4189 120.9
4190 120.9
4191 120.95
4192 120.95
4193 121.05
4194 121.1
4195 121.1
4196 121.1
4197 121.1
4198 121.1
4199 121.1
4200 121.1
4201 121.2
4202 121.2
4203 121.2
4204 121.2
4205 121.2
4206 121.2
4207 121.25
4208 121.25
4209 121.25
4210 121.25
4211 121.25
4212 121.25
4213 121.25
4214 121.25
4215 121.25
4216 121.25
4217 121.35
4218 121.35
4219 121.35
4220 121.4
4221 121.4
4222 121.45
4223 121.45
4224 121.45
4225 121.45
4226 121.45
4227 121.45
4228 121.45
4229 121.45
4230 121.45
4231 121.5
4232 121.5
4233 121.55
4234 121.55
4235 121.55
4236 121.65
4237 121.65
4238 121.65
4239 121.65
4240 121.65
4241 121.75
4242 121.75
4243 121.75
4244 121.75
4245 121.75
4246 121.75
4247 121.75
4248 121.75
4249 121.75
4250 121.75
4251 121.75
4252 121.8
4253 121.8
4254 121.85
4255 121.85
4256 121.85
4257 121.85
4258 121.9
4259 121.9
4260 121.9
4261 121.9
4262 121.95
4263 121.95
4264 121.95
4265 121.95
4266 121.95
4267 122.0
4268 122.1
4269 122.1
4270 122.15
4271 122.15
4272 122.2
4273 122.25
4274 122.25
4275 122.3
4276 122.3
4277 122.3
4278 122.3
4279 122.3
4280 122.35
4281 122.4
4282 122.4
4283 122.45
4284 122.45
4285 122.45
4286 122.45
4287 122.45
4288 122.45
4289 122.45
4290 122.55
4291 122.6
4292 122.6
4293 122.6
4294 122.65
4295 122.65
4296 122.65
4297 122.65
4298 122.65
4299 122.65
4300 122.65
4301 122.65
4302 122.65
4303 122.65
4304 122.65
4305 122.65
4306 122.65
4307 122.65
4308 122.65
4309 122.65
4310 122.65
4311 122.65
4312 122.65
4313 122.65
4314 122.65
4315 122.65
4316 122.65
4317 122.65
4318 122.8
4319 122.85
4320 122.85
4321 122.85
4322 122.85
4323 122.85
4324 122.85
4325 122.9
4326 123.05
4327 123.05
4328 123.05
4329 123.15
4330 123.15
4331 123.15
4332 123.2
4333 123.25
4334 123.25
4335 123.25
4336 123.35
4337 123.35
4338 123.35
4339 123.35
4340 123.45
4341 123.45
4342 123.45
4343 123.45
4344 123.5
4345 123.5
4346 123.5
4347 123.5
4348 123.5
4349 123.5
4350 123.55
4351 123.55
4352 123.6
4353 123.6
4354 123.75
4355 123.75
4356 123.75
4357 123.75
4358 123.75
4359 123.75
4360 123.75
4361 123.75
4362 123.75
4363 123.75
4364 123.75
4365 123.8
4366 123.8
4367 123.8
4368 123.8
4369 123.8
4370 123.85
4371 123.85
4372 123.95
4373 123.95
4374 123.95
4375 123.95
4376 124.0
4377 124.0
4378 124.05
4379 124.15
4380 124.2
4381 124.2
4382 124.2
4383 124.2
4384 124.2
4385 124.2
4386 124.2
4387 124.2
4388 124.2
4389 124.3
4390 124.3
4391 124.3
4392 124.3
4393 124.3
4394 124.3
4395 124.4
4396 124.4
4397 124.45
4398 124.45
4399 124.45
4400 124.5
4401 124.5
4402 124.5
4403 124.55
4404 124.55
4405 124.55
4406 124.55
4407 124.55
4408 124.6
4409 124.6
4410 124.6
4411 124.6
4412 124.6
4413 124.6
4414 124.6
4415 124.6
4416 124.6
4417 124.6
4418 124.75
4419 124.75
4420 124.75
4421 124.8
4422 124.9
4423 124.9
4424 124.95
4425 124.95
4426 124.95
4427 125.15
4428 125.2
4429 125.3
4430 125.3
4431 125.3
4432 125.3
4433 125.3
4434 125.3
4435 125.3
4436 125.3
4437 125.3
4438 125.3
4439 125.3
4440 125.3
4441 125.35
4442 125.45
4443 125.45
4444 125.5
4445 125.5
4446 125.5
4447 125.5
4448 125.55
4449 125.55
4450 125.55
4451 125.6
4452 125.6
4453 125.7
4454 125.75
4455 125.85
4456 125.85
4457 125.9
4458 125.9
4459 125.9
4460 125.9
4461 125.95
4462 126.0
4463 126.0
4464 126.0
4465 126.0
4466 126.0
4467 126.0
4468 126.0
4469 126.0
4470 126.0
4471 126.0
4472 126.0
4473 126.05
4474 126.05
4475 126.05
4476 126.05
4477 126.05
4478 126.05
4479 126.1
4480 126.15
4481 126.15
4482 126.15
4483 126.2
4484 126.2
4485 126.2
4486 126.2
4487 126.2
4488 126.2
4489 126.25
4490 126.25
4491 126.25
4492 126.25
4493 126.35
4494 126.35
4495 126.35
4496 126.4
4497 126.55
4498 126.55
4499 126.55
4500 126.55
4501 126.6
4502 126.6
4503 126.6
4504 126.6
4505 126.6
4506 126.65
4507 126.7
4508 126.7
4509 126.7
4510 126.7
4511 126.7
4512 126.7
4513 126.7
4514 126.7
4515 126.7
4516 126.7
4517 126.7
4518 126.7
4519 126.7
4520 126.8
4521 126.8
4522 126.8
4523 126.8
4524 126.8
4525 126.8
4526 126.85
4527 126.85
4528 126.85
4529 126.85
4530 126.85
4531 126.85
4532 126.85
4533 126.85
4534 126.85
4535 126.85
4536 126.85
4537 126.85
4538 126.9
4539 126.95
4540 126.95
4541 126.95
4542 127.0
4543 127.0
4544 127.0
4545 127.0
4546 127.05
4547 127.05
4548 127.1
4549 127.1
4550 127.1
4551 127.1
4552 127.25
4553 127.25
4554 127.25
4555 127.3
4556 127.35
4557 127.35
4558 127.35
4559 127.35
4560 127.35
4561 127.35
4562 127.35
4563 127.35
4564 127.35
4565 127.4
4566 127.4
4567 127.4
4568 127.45
4569 127.45
4570 127.45
4571 127.45
4572 127.45
4573 127.45
4574 127.45
4575 127.45
4576 127.45
4577 127.45
4578 127.5
4579 127.5
4580 127.5
4581 127.5
4582 127.5
4583 127.55
4584 127.6
4585 127.6
4586 127.6
4587 127.6
4588 127.6
4589 127.6
4590 127.65
4591 127.65
4592 127.65
4593 127.7
4594 127.75
4595 127.75
4596 127.8
4597 127.8
4598 127.8
4599 127.8
4600 127.8
4601 127.9
4602 127.9
4603 127.9
4604 127.9
4605 128.0
4606 128.0
4607 128.0
4608 128.0
4609 128.05
4610 128.05
4611 128.05
4612 128.05
4613 128.1
4614 128.15
4615 128.2
4616 128.2
4617 128.2
4618 128.2
4619 128.2
4620 128.2
4621 128.2
4622 128.2
4623 128.2
4624 128.25
4625 128.35
4626 128.35
4627 128.35
4628 128.35
4629 128.35
4630 128.35
4631 128.35
4632 128.35
4633 128.35
4634 128.35
4635 128.35
4636 128.35
4637 128.4
4638 128.4
4639 128.4
4640 128.5
4641 128.5
4642 128.5
4643 128.5
4644 128.5
4645 128.5
4646 128.5
4647 128.5
4648 128.55
4649 128.6
4650 128.6
4651 128.6
4652 128.65
4653 128.7
4654 128.75
4655 128.75
4656 128.8
4657 128.8
4658 128.8
4659 128.8
4660 128.8
4661 128.8
4662 128.8
4663 128.8
4664 128.8
4665 128.8
4666 128.9
4667 128.95
4668 128.95
4669 129.0
4670 129.0
4671 129.0
4672 129.0
4673 129.0
4674 129.0
4675 129.05
4676 129.1
4677 129.1
4678 129.1
4679 129.1
4680 129.15
4681 129.15
4682 129.15
4683 129.15
4684 129.15
4685 129.15
4686 129.15
4687 129.15
4688 129.15
4689 129.15
4690 129.15
4691 129.15
4692 129.15
4693 129.15
4694 129.15
4695 129.15
4696 129.2
4697 129.2
4698 129.2
4699 129.2
4700 129.2
4701 129.2
4702 129.2
4703 129.2
4704 129.2
4705 129.2
4706 129.25
4707 129.3
4708 129.3
4709 129.3
4710 129.3
4711 129.3
4712 129.4
4713 129.4
4714 129.4
4715 129.4
4716 129.4
4717 129.4
4718 129.45
4719 129.55
4720 129.55
4721 129.65
4722 129.75
4723 129.8
4724 129.8
4725 129.8
4726 129.8
4727 129.9
4728 129.95
4729 129.95
4730 129.95
4731 129.95
4732 129.95
4733 130.05
4734 130.15
4735 130.15
4736 130.15
4737 130.15
4738 130.15
4739 130.15
4740 130.15
4741 130.15
4742 130.2
4743 130.2
4744 130.2
4745 130.2
4746 130.2
4747 130.2
4748 130.2
4749 130.2
4750 130.25
4751 130.25
4752 130.3
4753 130.3
4754 130.3
4755 130.3
4756 130.3
4757 130.35
4758 130.35
4759 130.35
4760 130.35
4761 130.35
4762 130.35
4763 130.35
4764 130.35
4765 130.45
4766 130.45
4767 130.45
4768 130.45
4769 130.5
4770 130.65
4771 130.75
4772 130.75
4773 130.75
4774 130.8
4775 130.8
4776 130.9
4777 130.9
4778 130.9
4779 130.9
4780 130.9
4781 130.95
4782 130.95
4783 131.0
4784 131.0
4785 131.0
4786 131.0
4787 131.0
4788 131.0
4789 131.0
4790 131.0
4791 131.0
4792 131.0
4793 131.0
4794 131.1
4795 131.1
4796 131.25
4797 131.25
4798 131.25
4799 131.25
4800 131.25
4801 131.3
4802 131.3
4803 131.3
4804 131.3
4805 131.35
4806 131.35
4807 131.35
4808 131.35
4809 131.35
4810 131.35
4811 131.4
4812 131.4
4813 131.4
4814 131.4
4815 131.4
4816 131.4
4817 131.4
4818 131.4
4819 131.4
4820 131.4
4821 131.4
4822 131.4
4823 131.4
4824 131.4
4825 131.4
4826 131.4
4827 131.4
4828 131.4
4829 131.4
4830 131.4
4831 131.4
4832 131.4
4833 131.5
4834 131.5
4835 131.5
4836 131.5
4837 131.5
4838 131.5
4839 131.5
4840 131.5
4841 131.55
4842 131.55
4843 131.55
4844 131.55
4845 131.55
4846 131.55
4847 131.55
4848 131.55
4849 131.55
4850 131.6
4851 131.6
4852 131.6
4853 131.6
4854 131.7
4855 131.7
4856 131.7
4857 131.7
4858 131.8
4859 132.0
4860 132.0
4861 132.0
4862 132.0
4863 132.0
4864 132.05
4865 132.1
4866 132.1
4867 132.1
4868 132.1
4869 132.15
4870 132.15
4871 132.2
4872 132.25
4873 132.25
4874 132.25
4875 132.25
4876 132.25
4877 132.25
4878 132.3
4879 132.3
4880 132.35
4881 132.35
4882 132.35
4883 132.4
4884 132.4
4885 132.4
4886 132.4
4887 132.4
4888 132.5
4889 132.55
4890 132.55
4891 132.6
4892 132.65
4893 132.65
4894 132.65
4895 132.65
4896 132.65
4897 132.65
4898 132.65
4899 132.65
4900 132.65
4901 132.7
4902 132.7
4903 132.7
4904 132.7
4905 132.7
4906 132.7
4907 132.7
4908 132.7
4909 132.7
4910 132.75
4911 132.75
4912 132.75
4913 132.75
4914 132.75
4915 132.75
4916 132.8
4917 132.8
4918 132.8
4919 132.85
4920 132.85
4921 132.85
4922 132.85
4923 132.95
4924 133.1
4925 133.1
4926 133.1
4927 133.1
4928 133.1
4929 133.1
4930 133.25
4931 133.25
4932 133.3
4933 133.3
4934 133.3
4935 133.3
4936 133.3
4937 133.35
4938 133.35
4939 133.35
4940 133.4
4941 133.4
4942 133.4
4943 133.4
4944 133.45
4945 133.45
4946 133.45
4947 133.45
4948 133.45
4949 133.45
4950 133.5
4951 133.65
4952 133.65
4953 133.65
4954 133.65
4955 133.65
4956 133.65
4957 133.65
4958 133.65
4959 133.65
4960 133.65
4961 133.65
4962 133.65
4963 133.65
4964 133.7
4965 133.75
4966 133.75
4967 133.75
4968 133.8
4969 133.8
4970 133.8
4971 133.85
4972 133.85
4973 133.85
4974 133.85
4975 133.85
4976 133.9
4977 133.9
4978 133.95
4979 133.95
4980 133.95
4981 134.0
4982 134.0
4983 134.0
4984 134.05
4985 134.05
4986 134.05
4987 134.05
4988 134.05
4989 134.05
4990 134.05
4991 134.1
4992 134.1
4993 134.1
4994 134.4
4995 134.45
4996 134.45
4997 134.45
4998 134.45
4999 134.45
5000 134.45
5001 134.45
5002 134.45
5003 134.45
5004 134.45
5005 134.5
5006 134.55
5007 134.55
5008 134.55
5009 134.55
5010 134.55
5011 134.55
5012 134.6
5013 134.6
5014 134.6
5015 134.6
5016 134.6
5017 134.6
5018 134.6
5019 134.6
5020 134.6
5021 134.65
5022 134.65
5023 134.65
5024 134.65
5025 134.65
5026 134.7
5027 134.7
5028 134.7
5029 134.7
5030 134.7
5031 134.8
5032 134.8
5033 134.85
5034 134.85
5035 134.85
5036 134.85
5037 134.85
5038 134.85
5039 134.85
5040 134.9
5041 134.9
5042 134.9
5043 134.9
5044 134.9
5045 134.95
5046 134.95
5047 135.0
5048 135.0
5049 135.05
5050 135.05
5051 135.05
5052 135.05
5053 135.05
5054 135.05
5055 135.05
5056 135.05
5057 135.05
5058 135.05
5059 135.05
5060 135.05
5061 135.1
5062 135.1
5063 135.25
5064 135.25
5065 135.3
5066 135.35
5067 135.35
5068 135.35
5069 135.35
5070 135.4
5071 135.4
5072 135.4
5073 135.4
5074 135.4
5075 135.4
5076 135.45
5077 135.5
5078 135.5
5079 135.5
5080 135.55
5081 135.55
5082 135.6
5083 135.6
5084 135.6
5085 135.6
5086 135.6
5087 135.6
5088 135.6
5089 135.6
5090 135.7
5091 135.7
5092 135.7
5093 135.8
5094 135.8
5095 135.9
5096 135.9
5097 135.9
5098 135.9
5099 135.95
5100 135.95
5101 135.95
5102 135.95
5103 135.95
5104 135.95
5105 135.95
5106 136.0
5107 136.15
5108 136.15
5109 136.15
5110 136.15
5111 136.2
5112 136.2
5113 136.2
5114 136.2
5115 136.2
5116 136.2
5117 136.2
5118 136.2
5119 136.2
5120 136.2
5121 136.3
5122 136.3
5123 136.3
5124 136.3
5125 136.3
5126 136.35
5127 136.35
5128 136.35
5129 136.35
5130 136.35
5131 136.35
5132 136.35
5133 136.35
5134 136.45
5135 136.45
5136 136.45
5137 136.45
5138 136.45
5139 136.45
5140 136.45
5141 136.45
5142 136.45
5143 136.45
5144 136.5
5145 136.5
5146 136.5
5147 136.5
5148 136.5
5149 136.5
5150 136.5
5151 136.5
5152 136.5
5153 136.5
5154 136.5
5155 136.5
5156 136.5
5157 136.55
5158 136.55
5159 136.7
5160 136.7
5161 136.8
5162 136.8
5163 136.8
5164 136.85
5165 136.95
5166 137.1
5167 137.1
5168 137.15
5169 137.15
5170 137.15
5171 137.25
5172 137.35
5173 137.35
5174 137.35
5175 137.4
5176 137.4
5177 137.4
5178 137.4
5179 137.4
5180 137.4
5181 137.4
5182 137.4
5183 137.4
5184 137.45
5185 137.45
5186 137.45
5187 137.5
5188 137.6
5189 137.6
5190 137.6
5191 137.6
5192 137.6
5193 137.6
5194 137.6
5195 137.65
5196 137.65
5197 137.65
5198 137.75
5199 137.75
5200 137.75
5201 137.75
5202 137.8
5203 137.8
5204 137.8
5205 137.85
5206 137.85
5207 137.85
5208 137.95
5209 137.95
5210 137.95
5211 137.95
5212 137.95
5213 137.95
5214 137.95
5215 137.95
5216 137.95
5217 137.95
5218 137.95
5219 137.95
5220 138.0
5221 138.0
5222 138.0
5223 138.1
5224 138.1
5225 138.15
5226 138.15
5227 138.15
5228 138.15
5229 138.15
5230 138.15
5231 138.15
5232 138.15
5233 138.15
5234 138.15
5235 138.25
5236 138.25
5237 138.25
5238 138.25
5239 138.3
5240 138.3
5241 138.35
5242 138.35
5243 138.35
5244 138.35
5245 138.35
5246 138.35
5247 138.35
5248 138.35
5249 138.35
5250 138.35
5251 138.4
5252 138.4
5253 138.55
5254 138.55
5255 138.6
5256 138.6
5257 138.6
5258 138.6
5259 138.6
5260 138.6
5261 138.6
5262 138.6
5263 138.6
5264 138.6
5265 138.6
5266 138.6
5267 138.65
5268 138.75
5269 138.75
5270 138.75
5271 138.75
5272 138.8
5273 138.8
5274 138.8
5275 138.8
5276 138.8
5277 138.8
5278 138.8
5279 138.8
5280 138.8
5281 138.8
5282 138.8
5283 138.8
5284 138.9
5285 138.95
5286 138.95
5287 139.0
5288 139.05
5289 139.05
5290 139.15
5291 139.2
5292 139.2
5293 139.3
5294 139.3
5295 139.3
5296 139.3
5297 139.35
5298 139.35
5299 139.35
5300 139.35
5301 139.35
5302 139.35
5303 139.35
5304 139.35
5305 139.35
5306 139.45
5307 139.45
5308 139.45
5309 139.45
5310 139.5
5311 139.5
5312 139.55
5313 139.6
5314 139.6
5315 139.6
5316 139.6
5317 139.6
5318 139.7
5319 139.7
5320 139.7
5321 139.7
5322 139.7
5323 139.7
5324 139.7
5325 139.7
5326 139.7
5327 139.7
5328 139.7
5329 139.75
5330 139.75
5331 139.75
5332 139.75
5333 139.75
5334 139.75
5335 139.75
5336 139.75
5337 139.75
5338 139.75
5339 139.75
5340 139.75
5341 139.75
5342 139.75
5343 139.8
5344 139.8
5345 139.8
5346 139.8
5347 139.8
5348 139.85
5349 139.85
5350 139.85
5351 139.9
5352 139.9
5353 139.9
5354 139.95
5355 139.95
5356 139.95
5357 139.95
5358 139.95
5359 139.95
5360 139.95
5361 139.95
5362 139.95
5363 140.0
5364 140.0
5365 140.05
5366 140.05
5367 140.1
5368 140.15
5369 140.15
5370 140.15
5371 140.25
5372 140.25
5373 140.25
5374 140.25
5375 140.25
5376 140.25
5377 140.25
5378 140.4
5379 140.4
5380 140.4
5381 140.4
5382 140.4
5383 140.4
5384 140.4
5385 140.45
5386 140.45
5387 140.45
5388 140.45
5389 140.45
5390 140.45
5391 140.45
5392 140.45
5393 140.45
5394 140.55
5395 140.55
5396 140.55
5397 140.55
5398 140.55
5399 140.55
5400 140.75
5401 140.75
5402 140.75
5403 140.75
5404 140.8
5405 140.8
5406 140.85
5407 140.85
5408 140.85
5409 140.85
5410 140.9
5411 141.0
5412 141.0
5413 141.0
5414 141.05
5415 141.05
5416 141.05
5417 141.05
5418 141.1
5419 141.1
5420 141.1
5421 141.1
5422 141.1
5423 141.1
5424 141.1
5425 141.15
5426 141.15
5427 141.15
5428 141.15
5429 141.15
5430 141.15
5431 141.15
5432 141.15
5433 141.25
5434 141.25
5435 141.25
5436 141.25
5437 141.25
5438 141.25
5439 141.25
5440 141.35
5441 141.35
5442 141.35
5443 141.35
5444 141.35
5445 141.35
5446 141.45
5447 141.45
5448 141.45
5449 141.5
5450 141.5
5451 141.5
5452 141.5
5453 141.6
5454 141.6
5455 141.6
5456 141.6
5457 141.65
5458 141.75
5459 141.75
5460 141.8
5461 141.8
5462 141.8
5463 141.85
5464 141.85
5465 141.85
5466 141.85
5467 141.9
5468 141.95
5469 141.95
5470 141.95
5471 141.95
5472 142.0
5473 142.0
5474 142.1
5475 142.1
5476 142.1
5477 142.1
5478 142.1
5479 142.1
5480 142.1
5481 142.1
5482 142.1
5483 142.1
5484 142.2
5485 142.2
5486 142.2
5487 142.2
5488 142.2
5489 142.2
5490 142.2
5491 142.2
5492 142.2
5493 142.2
5494 142.2
5495 142.25
5496 142.25
5497 142.25
5498 142.25
5499 142.25
5500 142.25
5501 142.25
5502 142.25
5503 142.25
5504 142.25
5505 142.25
5506 142.25
5507 142.25
5508 142.25
5509 142.3
5510 142.3
5511 142.3
5512 142.3
5513 142.3
5514 142.3
5515 142.35
5516 142.4
5517 142.4
5518 142.4
5519 142.4
5520 142.4
5521 142.4
5522 142.45
5523 142.45
5524 142.45
5525 142.5
5526 142.5
5527 142.5
5528 142.5
5529 142.6
5530 142.6
5531 142.65
5532 142.65
5533 142.7
5534 142.7
5535 142.75
5536 142.75
5537 142.75
5538 142.75
5539 142.75
5540 142.8
5541 142.8
5542 142.8
5543 142.8
5544 142.8
5545 142.8
5546 142.85
5547 142.85
5548 142.95
5549 143.0
5550 143.0
5551 143.05
5552 143.05
5553 143.05
5554 143.1
5555 143.15
5556 143.15
5557 143.2
5558 143.2
5559 143.3
5560 143.3
5561 143.3
5562 143.3
5563 143.3
5564 143.35
5565 143.35
5566 143.35
5567 143.35
5568 143.35
5569 143.35
5570 143.35
5571 143.35
5572 143.35
5573 143.4
5574 143.4
5575 143.55
5576 143.55
5577 143.65
5578 143.65
5579 143.7
5580 143.7
5581 143.7
5582 143.75
5583 143.75
5584 143.75
5585 143.75
5586 143.75
5587 143.75
5588 143.75
5589 143.75
5590 143.75
5591 143.75
5592 143.75
5593 143.75
5594 143.75
5595 143.75
5596 143.75
5597 143.75
5598 143.75
5599 143.75
5600 143.75
5601 143.85
5602 143.85
5603 143.85
5604 143.85
5605 143.85
5606 143.85
5607 143.85
5608 143.85
5609 143.9
5610 143.9
5611 143.95
5612 143.95
5613 143.95
5614 143.95
5615 143.95
5616 143.95
5617 143.95
5618 143.95
5619 143.95
5620 143.95
5621 144.0
5622 144.0
5623 144.0
5624 144.0
5625 144.05
5626 144.05
5627 144.05
5628 144.1
5629 144.1
5630 144.1
5631 144.1
5632 144.1
5633 144.15
5634 144.15
5635 144.15
5636 144.15
5637 144.15
5638 144.15
5639 144.15
5640 144.15
5641 144.2
5642 144.2
5643 144.2
5644 144.2
5645 144.2
5646 144.2
5647 144.25
5648 144.25
5649 144.25
5650 144.3
5651 144.3
5652 144.35
5653 144.4
5654 144.4
5655 144.45
5656 144.5
5657 144.5
5658 144.5
5659 144.55
5660 144.55
5661 144.55
5662 144.55
5663 144.7
5664 144.7
5665 144.7
5666 144.75
5667 144.75
5668 144.75
5669 144.75
5670 144.75
5671 144.8
5672 144.8
5673 144.85
5674 144.85
5675 144.85
5676 144.85
5677 144.9
5678 145.0
5679 145.0
5680 145.0
5681 145.0
5682 145.0
5683 145.0
5684 145.0
5685 145.05
5686 145.1
5687 145.1
5688 145.1
5689 145.1
5690 145.1
5691 145.1
5692 145.15
5693 145.15
5694 145.15
5695 145.15
5696 145.15
5697 145.2
5698 145.2
5699 145.2
5700 145.2
5701 145.2
5702 145.25
5703 145.25
5704 145.3
5705 145.3
5706 145.3
5707 145.3
5708 145.3
5709 145.3
5710 145.3
5711 145.3
5712 145.3
5713 145.35
5714 145.35
5715 145.4
5716 145.4
5717 145.45
5718 145.45
5719 145.45
5720 145.45
5721 145.45
5722 145.45
5723 145.5
5724 145.55
5725 145.55
5726 145.6
5727 145.6
5728 145.65
5729 145.65
5730 145.7
5731 145.7
5732 145.7
5733 145.7
5734 145.7
5735 145.7
5736 145.7
5737 145.75
5738 145.8
5739 145.8
5740 145.8
5741 145.8
5742 145.85
5743 145.85
5744 145.85
5745 145.85
5746 145.85
5747 145.85
5748 145.85
5749 145.85
5750 145.85
5751 145.85
5752 145.85
5753 145.85
5754 145.9
5755 146.0
5756 146.0
5757 146.0
5758 146.0
5759 146.0
5760 146.05
5761 146.05
5762 146.05
5763 146.05
5764 146.05
5765 146.05
5766 146.05
5767 146.05
5768 146.05
5769 146.05
5770 146.15
5771 146.15
5772 146.15
5773 146.15
5774 146.15
5775 146.15
5776 146.15
5777 146.15
5778 146.2
5779 146.2
5780 146.2
5781 146.2
5782 146.2
5783 146.2
5784 146.2
5785 146.2
5786 146.2
5787 146.2
5788 146.2
5789 146.25
5790 146.25
5791 146.25
5792 146.25
5793 146.25
5794 146.25
5795 146.25
5796 146.25
5797 146.3
5798 146.3
5799 146.35
5800 146.35
5801 146.35
5802 146.35
5803 146.35
5804 146.4
5805 146.4
5806 146.4
5807 146.45
5808 146.45
5809 146.45
5810 146.45
5811 146.45
5812 146.45
5813 146.45
5814 146.5
5815 146.5
5816 146.5
5817 146.55
5818 146.55
5819 146.55
5820 146.6
5821 146.6
5822 146.65
5823 146.65
5824 146.65
5825 146.65
5826 146.8
5827 146.9
5828 146.9
5829 146.9
5830 146.95
5831 146.95
5832 146.95
5833 146.95
5834 146.95
5835 146.95
5836 147.0
5837 147.0
5838 147.0
5839 147.05
5840 147.05
5841 147.05
5842 147.05
5843 147.05
5844 147.05
5845 147.1
5846 147.1
5847 147.1
5848 147.1
5849 147.1
5850 147.1
5851 147.1
5852 147.1
5853 147.1
5854 147.2
5855 147.3
5856 147.4
5857 147.45
5858 147.45
5859 147.45
5860 147.5
5861 147.5
5862 147.5
5863 147.55
5864 147.55
5865 147.55
5866 147.55
5867 147.55
5868 147.55
5869 147.6
5870 147.6
5871 147.6
5872 147.6
5873 147.6
5874 147.6
5875 147.65
5876 147.65
5877 147.65
5878 147.65
5879 147.65
5880 147.7
5881 147.7
5882 147.7
5883 147.7
5884 147.7
5885 147.75
5886 147.75
5887 147.75
5888 147.75
5889 147.75
5890 147.75
5891 147.75
5892 147.75
5893 147.75
5894 147.8
5895 147.8
5896 147.8
5897 147.8
5898 147.8
5899 148.0
5900 148.0
5901 148.0
5902 148.0
5903 148.0
5904 148.0
5905 148.15
5906 148.15
5907 148.15
5908 148.15
5909 148.15
5910 148.15
5911 148.15
5912 148.15
5913 148.2
5914 148.2
5915 148.2
5916 148.3
5917 148.3
5918 148.3
5919 148.3
5920 148.3
5921 148.3
5922 148.3
5923 148.3
5924 148.3
5925 148.3
5926 148.3
5927 148.3
5928 148.3
5929 148.3
5930 148.3
5931 148.3
5932 148.3
5933 148.35
5934 148.35
5935 148.35
5936 148.35
5937 148.35
5938 148.35
5939 148.35
5940 148.35
5941 148.35
5942 148.35
5943 148.4
5944 148.4
5945 148.4
5946 148.45
5947 148.45
5948 148.45
5949 148.5
5950 148.5
5951 148.5
5952 148.65
5953 148.65
5954 148.65
5955 148.7
5956 148.7
5957 148.7
5958 148.7
5959 148.7
5960 148.7
5961 148.7
5962 148.7
5963 148.7
5964 148.7
5965 148.7
5966 148.75
5967 148.8
5968 148.8
5969 148.8
5970 148.8
5971 148.8
5972 148.8
5973 148.85
5974 148.85
5975 148.85
5976 148.85
5977 148.85
5978 149.0
5979 149.0
5980 149.05
5981 149.05
5982 149.05
5983 149.05
5984 149.05
5985 149.1
5986 149.1
5987 149.2
5988 149.2
5989 149.2
5990 149.2
5991 149.2
5992 149.2
5993 149.2
5994 149.2
5995 149.25
5996 149.25
5997 149.25
5998 149.3
5999 149.3
