#iterations fitness
0 0.0
1 0.25
2 0.45
3 0.55
4 0.6
5 0.75
6 0.8
7 0.9
8 0.9
9 1.35
10 1.4
11 1.4
12 1.55
13 1.75
14 2.0
15 2.1
16 2.25
17 2.35
18 2.4
19 2.4
20 2.75
21 2.8
22 2.8
23 2.9
24 3.05
25 3.2
26 3.35
27 3.35
28 3.5
29 3.8
30 3.8
31 3.85
32 3.85
33 3.95
34 4.0
35 4.2
36 4.25
37 4.4
38 4.45
39 4.75
40 5.0
41 5.25
42 5.25
43 5.35
44 5.55
45 5.65
46 5.65
47 5.7
48 5.7
49 5.95
50 6.3
51 6.4
52 6.6
53 6.6
54 6.65
55 6.75
56 6.9
57 7.0
58 7.0
59 7.15
60 7.45
61 7.7
62 7.7
63 7.75
64 7.8
65 7.8
66 7.8
67 7.85
68 8.05
69 8.3
70 8.55
71 8.75
72 8.85
73 8.85
74 8.85
75 8.95
76 8.95
77 9.05
78 9.1
79 9.2
80 9.25
81 9.25
82 9.3
83 9.35
84 9.55
85 9.55
86 9.6
87 9.7
88 9.85
89 10.05
90 10.15
91 10.25
92 10.3
93 10.45
94 10.5
95 10.55
96 10.65
97 10.85
98 11.05
99 11.1
100 11.2
101 11.3
102 11.4
103 11.45
104 11.6
105 11.65
106 11.95
107 11.95
108 12.15
109 12.2
110 12.4
111 12.5
112 12.55
113 12.6
114 12.7
115 12.85
116 12.95
117 13.05
118 13.05
119 13.25
120 13.3
121 13.3
122 13.3
123 13.5
124 13.65
125 13.8
126 13.95
127 14.15
128 14.15
129 14.25
130 14.4
131 14.4
132 14.5
133 14.65
134 14.75
135 14.9
136 14.95
137 15.0
138 15.15
139 15.2
140 15.3
141 15.3
142 15.3
143 15.35
144 15.45
145 15.6
146 15.7
147 15.85
148 15.95
149 16.05
150 16.15
151 16.4
152 16.45
153 16.5
154 16.7
155 16.95
156 17.0
157 17.25
158 17.45
159 17.55
160 17.55
161 17.65
162 17.85
163 18.05
164 18.15
165 18.15
166 18.4
167 18.65
168 18.75
169 18.8
170 18.8
171 18.9
172 19.05
173 19.05
174 19.25
175 19.35
176 19.5
177 19.6
178 19.7
179 19.8
180 19.9
181 19.9
182 19.9
183 20.0
184 20.25
185 20.35
186 20.55
187 20.65
188 20.75
189 20.8
190 20.85
191 20.9
192 20.9
193 21.05
194 21.1
195 21.25
196 21.25
197 21.25
198 21.4
199 21.45
200 21.65
201 21.7
202 21.75
203 21.75
204 21.75
205 21.9
206 22.05
207 22.35
208 22.6
209 22.7
210 22.7
211 22.85
212 22.95
213 23.0
214 23.1
215 23.2
216 23.2
217 23.25
218 23.55
219 23.55
220 23.85
221 23.9
222 24.0
223 24.2
224 24.35
225 24.35
226 24.45
227 24.55
228 24.55
229 24.7
230 24.75
231 25.0
232 25.25
233 25.3
234 25.4
235 25.5
236 25.55
237 25.65
238 25.8
239 26.0
240 26.15
241 26.4
242 26.55
243 26.65
244 27.0
245 27.1
246 27.15
247 27.3
248 27.3
249 27.6
250 27.65
251 27.75
252 27.85
253 27.85
254 27.95
255 27.95
256 27.95
257 28.1
258 28.1
259 28.2
260 28.4
261 28.4
262 28.45
263 28.45
264 28.65
265 28.7
266 28.7
267 28.75
268 28.95
269 28.95
270 29.05
271 29.15
272 29.3
273 29.3
274 29.75
275 29.95
276 29.95
277 30.0
278 30.1
279 30.15
280 30.15
281 30.35
282 30.35
283 30.45
284 30.55
285 30.55
286 30.55
287 30.65
288 30.75
289 30.85
290 30.85
291 30.85
292 30.9
293 30.9
294 31.15
295 31.15
296 31.15
297 31.4
298 31.5
299 31.7
300 31.7
301 31.8
302 31.9
303 31.9
304 31.9
305 32.3
306 32.4
307 32.4
308 32.7
309 32.8
310 32.9
311 33.1
312 33.3
313 33.45
314 33.5
315 33.6
316 33.75
317 33.75
318 33.75
319 33.75
320 33.9
321 33.95
322 34.15
323 34.25
324 34.25
325 34.3
326 34.5
327 34.65
328 34.7
329 34.9
330 34.9
331 34.95
332 35.0
333 35.2
334 35.35
335 35.45
336 35.45
337 35.45
338 35.5
339 35.55
340 35.85
341 35.85
342 35.95
343 35.95
344 36.1
345 36.2
346 36.3
347 36.3
348 36.3
349 36.3
350 36.3
351 36.5
352 36.5
353 36.5
354 36.5
355 36.65
356 36.8
357 36.8
358 36.9
359 36.9
360 37.1
361 37.25
362 37.3
363 37.3
364 37.45
365 37.5
366 37.6
367 37.85
368 37.85
369 37.85
370 37.9
371 37.95
372 38.05
373 38.1
374 38.25
375 38.3
376 38.3
377 38.35
378 38.4
379 38.4
380 38.6
381 38.9
382 39.1
383 39.3
384 39.3
385 39.35
386 39.5
387 39.5
388 39.6
389 39.65
390 39.75
391 39.95
392 40.0
393 40.05
394 40.05
395 40.05
396 40.05
397 40.55
398 40.6
399 40.65
400 40.75
401 40.8
402 40.8
403 40.8
404 41.05
405 41.15
406 41.2
407 41.2
408 41.3
409 41.3
410 41.45
411 41.5
412 41.6
413 41.6
414 41.6
415 41.75
416 41.85
417 41.85
418 41.85
419 41.85
420 41.9
421 41.95
422 42.05
423 42.15
424 42.35
425 42.35
426 42.35
427 42.35
428 42.6
429 42.65
430 42.65
431 42.65
432 42.7
433 42.75
434 42.85
435 42.85
436 43.0
437 43.05
438 43.15
439 43.25
440 43.25
441 43.3
442 43.3
443 43.35
444 43.4
445 43.5
446 43.5
447 43.55
448 43.6
449 43.7
450 43.75
451 43.95
452 43.95
453 44.15
454 44.25
455 44.4
456 44.4
457 44.6
458 44.7
459 44.7
460 44.7
461 44.7
462 45.0
463 45.1
464 45.1
465 45.15
466 45.2
467 45.3
468 45.3
469 45.3
470 45.35
471 45.35
472 45.45
473 45.45
474 45.45
475 45.5
476 45.55
477 45.65
478 45.7
479 45.7
480 45.85
481 46.0
482 46.15
483 46.2
484 46.4
485 46.45
486 46.45
487 46.45
488 46.6
489 46.6
490 46.6
491 46.7
492 46.75
493 46.85
494 46.95
495 46.95
496 47.05
497 47.2
498 47.25
499 47.25
500 47.5
501 47.5
502 47.65
503 47.7
504 47.8
505 47.85
506 47.85
507 47.95
508 48.0
509 48.0
510 48.1
511 48.1
512 48.15
513 48.15
514 48.25
515 48.45
516 48.45
517 48.45
518 48.55
519 48.6
520 48.65
521 48.7
522 48.85
523 49.05
524 49.1
525 49.35
526 49.45
527 49.6
528 49.75
529 49.85
530 49.85
531 50.0
532 50.1
533 50.1
534 50.15
535 50.35
536 50.55
537 50.65
538 50.75
539 50.95
540 50.95
541 51.0
542 51.15
543 51.25
544 51.3
545 51.35
546 51.35
547 51.35
548 51.5
549 51.6
550 51.65
551 51.7
552 51.75
553 51.75
554 51.9
555 51.95
556 52.05
557 52.1
558 52.15
559 52.3
560 52.45
561 52.45
562 52.5
563 52.5
564 52.6
565 52.7
566 52.8
567 52.8
568 52.95
569 53.05
570 53.05
571 53.05
572 53.25
573 53.25
574 53.3
575 53.45
576 53.8
577 53.95
578 53.95
579 54.1
580 54.1
581 54.1
582 54.2
583 54.25
584 54.3
585 54.35
586 54.4
587 54.4
588 54.45
589 54.6
590 54.65
591 54.65
592 54.65
593 54.75
594 54.95
595 55.15
596 55.2
597 55.3
598 55.35
599 55.4
600 55.7
601 55.7
602 55.9
603 55.9
604 55.9
605 55.95
606 55.95
607 56.0
608 56.2
609 56.3
610 56.35
611 56.4
612 56.4
613 56.45
614 56.45
615 56.45
616 56.5
617 56.6
618 56.85
619 56.85
620 57.05
621 57.05
622 57.05
623 57.1
624 57.1
625 57.25
626 57.45
627 57.65
628 57.8
629 57.9
630 57.9
631 57.9
632 58.0
633 58.15
634 58.35
635 58.5
636 58.5
637 58.55
638 58.7
639 58.8
640 58.8
641 58.9
642 58.95
643 59.0
644 59.0
645 59.0
646 59.05
647 59.1
648 59.25
649 59.35
650 59.5
651 59.5
652 59.65
653 59.65
654 59.8
655 60.0
656 60.05
657 60.05
658 60.15
659 60.15
660 60.25
661 60.35
662 60.35
663 60.5
664 60.75
665 60.9
666 60.95
667 61.05
668 61.05
669 61.05
670 61.15
671 61.25
672 61.55
673 61.6
674 61.65
675 61.65
676 61.7
677 61.75
678 61.75
679 61.75
680 61.75
681 61.8
682 61.85
683 61.95
684 62.0
685 62.2
686 62.25
687 62.4
688 62.45
689 62.5
690 62.6
691 62.7
692 62.7
693 62.7
694 62.75
695 62.75
696 62.75
697 62.9
698 62.95
699 63.1
700 63.3
701 63.3
702 63.3
703 63.4
704 63.45
705 63.5
706 63.5
707 63.6
708 63.6
709 63.6
710 63.65
711 63.75
712 63.8
713 63.8
714 63.85
715 63.9
716 64.15
717 64.2
718 64.2
719 64.2
720 64.35
721 64.35
722 64.35
723 64.45
724 64.45
725 64.55
726 64.55
727 64.7
728 64.7
729 64.7
730 64.75
731 64.85
732 64.95
733 65.3
734 65.4
735 65.5
736 65.55
737 65.6
738 65.65
739 65.75
740 65.8
741 65.8
742 65.85
743 65.95
744 66.0
745 66.15
746 66.2
747 66.2
748 66.25
749 66.35
750 66.55
751 66.55
752 66.75
753 66.75
754 66.8
755 66.8
756 66.8
757 66.8
758 66.85
759 66.85
760 66.95
761 67.1
762 67.1
763 67.3
764 67.3
765 67.35
766 67.35
767 67.35
768 67.45
769 67.5
770 67.65
771 67.7
772 67.85
773 67.85
774 67.95
775 67.95
776 68.0
777 68.0
778 68.05
779 68.05
780 68.15
781 68.15
782 68.25
783 68.25
784 68.25
785 68.35
786 68.55
787 68.55
788 68.65
789 68.65
790 69.0
791 69.1
792 69.25
793 69.25
794 69.25
795 69.25
796 69.25
797 69.5
798 69.55
799 69.65
800 69.7
801 69.7
802 69.75
803 69.85
804 69.95
805 70.05
806 70.15
807 70.15
808 70.15
809 70.35
810 70.55
811 70.65
812 70.7
813 70.7
814 70.75
815 70.75
816 70.9
817 70.9
818 70.9
819 70.95
820 71.1
821 71.25
822 71.25
823 71.25
824 71.35
825 71.35
826 71.6
827 71.6
828 71.75
829 71.8
830 71.85
831 71.9
832 72.0
833 72.0
834 72.0
835 72.1
836 72.2
837 72.25
838 72.3
839 72.35
840 72.35
841 72.4
842 72.5
843 72.6
844 72.65
845 72.65
846 72.75
847 72.85
848 72.85
849 72.9
850 72.95
851 72.95
852 73.05
853 73.15
854 73.2
855 73.2
856 73.3
857 73.35
858 73.35
859 73.35
860 73.4
861 73.4
862 73.5
863 73.6
864 73.65
865 73.7
866 73.75
867 73.85
868 74.0
869 74.05
870 74.05
871 74.1
872 74.3
873 74.3
874 74.4
875 74.5
876 74.5
877 74.55
878 74.7
879 74.8
880 74.85
881 75.0
882 75.0
883 75.05
884 75.05
885 75.15
886 75.25
887 75.4
888 75.4
889 75.5
890 75.55
891 75.6
892 75.6
893 75.65
894 75.7
895 75.8
896 75.85
897 75.85
898 75.9
899 75.9
900 75.95
901 75.95
902 76.0
903 76.0
904 76.0
905 76.3
906 76.35
907 76.5
908 76.5
909 76.5
910 76.5
911 76.6
912 76.6
913 76.7
914 76.75
915 76.75
916 76.75
917 76.8
918 76.8
919 76.8
920 76.85
921 76.9
922 76.9
923 76.9
924 76.95
925 77.0
926 77.1
927 77.2
928 77.25
929 77.35
930 77.45
931 77.5
932 77.6
933 77.65
934 77.65
935 77.65
936 77.7
937 77.75
938 77.75
939 77.75
940 77.75
941 77.95
942 77.95
943 77.95
944 77.95
945 77.95
946 78.05
947 78.05
948 78.15
949 78.2
950 78.3
951 78.35
952 78.35
953 78.35
954 78.4
955 78.45
956 78.5
957 78.5
958 78.55
959 78.55
960 78.65
961 78.75
962 78.75
963 78.8
964 78.8
965 78.8
966 78.8
967 78.85
968 78.9
969 79.05
970 79.25
971 79.35
972 79.45
973 79.45
974 79.45
975 79.45
976 79.45
977 79.45
978 79.55
979 79.55
980 79.65
981 79.7
982 79.75
983 79.85
984 79.9
985 79.95
986 79.95
987 80.05
988 80.1
989 80.3
990 80.35
991 80.4
992 80.55
993 80.65
994 80.75
995 80.75
996 80.75
997 80.9
998 80.9
999 80.95
1000 80.95
1001 81.0
1002 81.05
1003 81.15
1004 81.2
1005 81.2
1006 81.25
1007 81.25
1008 81.35
1009 81.45
1010 81.5
1011 81.55
1012 81.55
1013 81.65
1014 81.65
1015 81.9
1016 81.9
1017 81.9
1018 82.05
1019 82.05
1020 82.2
1021 82.2
1022 82.2
1023 82.4
1024 82.55
1025 82.65
1026 82.7
1027 82.75
1028 82.75
1029 82.75
1030 82.8
1031 82.85
1032 83.0
1033 83.0
1034 83.05
1035 83.1
1036 83.1
1037 83.2
1038 83.2
1039 83.3
1040 83.3
1041 83.4
1042 83.45
1043 83.5
1044 83.5
1045 83.7
1046 83.7
1047 83.7
1048 83.7
1049 83.75
1050 83.75
1051 83.95
1052 84.05
1053 84.1
1054 84.3
1055 84.35
1056 84.4
1057 84.4
1058 84.45
1059 84.7
1060 84.7
1061 84.7
1062 84.75
1063 84.75
1064 84.8
1065 84.95
1066 85.25
1067 85.3
1068 85.3
1069 85.45
1070 85.6
1071 85.75
1072 85.85
1073 85.9
1074 86.0
1075 86.15
1076 86.15
1077 86.2
1078 86.3
1079 86.3
1080 86.4
1081 86.55
1082 86.55
1083 86.75
1084 86.85
1085 86.95
1086 86.95
1087 86.95
1088 87.0
1089 87.1
1090 87.1
1091 87.3
1092 87.3
1093 87.4
1094 87.45
1095 87.45
1096 87.45
1097 87.45
1098 87.45
1099 87.55
1100 87.55
1101 87.55
1102 87.55
1103 87.55
1104 87.6
1105 87.85
1106 87.85
1107 87.85
1108 87.9
1109 88.05
1110 88.05
1111 88.05
1112 88.1
1113 88.1
1114 88.2
1115 88.2
1116 88.2
1117 88.2
1118 88.2
1119 88.3
1120 88.5
1121 88.5
1122 88.5
1123 88.65
1124 88.75
1125 88.85
1126 88.85
1127 88.9
1128 88.95
1129 88.95
1130 88.95
1131 88.95
1132 88.95
1133 88.95
1134 89.0
1135 89.1
1136 89.2
1137 89.25
1138 89.3
1139 89.4
1140 89.4
1141 89.6
1142 89.6
1143 89.65
1144 89.65
1145 89.9
1146 89.95
1147 90.0
1148 90.1
1149 90.1
1150 90.2
1151 90.2
1152 90.2
1153 90.4
1154 90.5
1155 90.5
1156 90.5
1157 90.55
1158 90.75
1159 90.75
1160 90.9
1161 91.05
1162 91.25
1163 91.25
1164 91.25
1165 91.25
1166 91.3
1167 91.35
1168 91.45
1169 91.45
1170 91.55
1171 91.65
1172 91.65
1173 91.75
1174 91.75
1175 91.95
1176 91.95
1177 91.95
1178 92.0
1179 92.0
1180 92.05
1181 92.15
1182 92.2
1183 92.2
1184 92.2
1185 92.25
1186 92.25
1187 92.25
1188 92.3
1189 92.3
1190 92.35
1191 92.45
1192 92.5
1193 92.6
1194 92.6
1195 92.8
1196 92.8
1197 92.8
1198 92.8
1199 92.85
1200 92.85
1201 93.0
1202 93.05
1203 93.05
1204 93.05
1205 93.1
1206 93.15
1207 93.35
1208 93.4
1209 93.4
1210 93.4
1211 93.4
1212 93.4
1213 93.4
1214 93.55
1215 93.55
1216 93.65
1217 93.65
1218 93.7
1219 93.7
1220 93.8
1221 93.8
1222 93.85
1223 93.95
1224 94.0
1225 94.1
1226 94.1
1227 94.1
1228 94.1
1229 94.15
1230 94.35
1231 94.45
1232 94.45
1233 94.65
1234 94.75
1235 94.75
1236 94.8
1237 95.05
1238 95.15
1239 95.15
1240 95.15
1241 95.2
1242 95.35
1243 95.35
1244 95.35
1245 95.35
1246 95.4
1247 95.45
1248 95.5
1249 95.5
1250 95.5
1251 95.55
1252 95.55
1253 95.6
1254 95.6
1255 95.6
1256 95.6
1257 95.6
1258 95.7
1259 95.75
1260 95.75
1261 95.85
1262 95.9
1263 96.0
1264 96.05
1265 96.05
1266 96.1
1267 96.1
1268 96.15
1269 96.2
1270 96.2
1271 96.2
1272 96.2
1273 96.25
1274 96.25
1275 96.4
1276 96.5
1277 96.55
1278 96.6
1279 96.65
1280 96.65
1281 96.7
1282 96.7
1283 96.7
1284 96.75
1285 96.75
1286 96.75
1287 96.8
1288 97.0
1289 97.1
1290 97.1
1291 97.1
1292 97.2
1293 97.25
1294 97.4
1295 97.45
1296 97.45
1297 97.5
1298 97.55
1299 97.6
1300 97.6
1301 97.65
1302 97.65
1303 97.7
1304 97.7
1305 97.9
1306 97.95
1307 98.05
1308 98.05
1309 98.1
1310 98.25
1311 98.25
1312 98.25
1313 98.3
1314 98.3
1315 98.4
1316 98.4
1317 98.5
1318 98.5
1319 98.5
1320 98.5
1321 98.6
1322 98.6
1323 98.6
1324 98.7
1325 98.75
1326 98.8
1327 98.85
1328 98.85
1329 98.85
1330 98.9
1331 99.05
1332 99.15
1333 99.2
1334 99.2
1335 99.25
1336 99.3
1337 99.35
1338 99.5
1339 99.6
1340 99.75
1341 99.8
1342 99.85
1343 99.85
1344 99.9
1345 100.0
1346 100.05
1347 100.05
1348 100.05
1349 100.1
1350 100.1
1351 100.2
1352 100.2
1353 100.2
1354 100.35
1355 100.35
1356 100.35
1357 100.4
1358 100.6
1359 100.6
1360 100.7
1361 100.75
1362 100.75
1363 100.85
1364 100.85
1365 100.85
1366 100.9
1367 101.0
1368 101.0
1369 101.0
1370 101.0
1371 101.0
1372 101.0
1373 101.1
1374 101.1
1375 101.4
1376 101.4
1377 101.45
1378 101.5
1379 101.55
1380 101.55
1381 101.6
1382 101.6
1383 101.65
1384 101.7
1385 101.7
1386 101.75
1387 101.75
1388 101.75
1389 101.8
1390 101.95
1391 102.05
1392 102.15
1393 102.25
1394 102.3
1395 102.3
1396 102.4
1397 102.4
1398 102.4
1399 102.45
1400 102.45
1401 102.45
1402 102.55
1403 102.55
1404 102.55
1405 102.55
1406 102.65
1407 102.65
1408 102.7
1409 102.75
1410 102.75
1411 102.75
1412 102.75
1413 102.75
1414 102.75
1415 103.0
1416 103.0
1417 103.0
1418 103.0
1419 103.05
1420 103.05
1421 103.05
1422 103.1
1423 103.1
1424 103.1
1425 103.15
1426 103.15
1427 103.15
1428 103.15
1429 103.15
1430 103.15
1431 103.2
1432 103.3
1433 103.35
1434 103.4
1435 103.4
1436 103.45
1437 103.55
1438 103.65
1439 103.7
1440 103.85
1441 103.9
1442 103.9
1443 104.1
1444 104.1
1445 104.15
1446 104.25
1447 104.4
1448 104.5
1449 104.5
1450 104.55
1451 104.55
1452 104.55
1453 104.6
1454 104.65
1455 104.65
1456 104.65
1457 104.75
1458 104.75
1459 104.75
1460 104.9
1461 104.95
1462 105.1
1463 105.15
1464 105.15
1465 105.15
1466 105.35
1467 105.4
1468 105.4
1469 105.45
1470 105.5
1471 105.5
1472 105.5
1473 105.5
1474 105.55
1475 105.55
1476 105.55
1477 105.6
1478 105.7
1479 105.7
1480 105.75
1481 105.95
1482 106.1
1483 106.1
1484 106.15
1485 106.2
1486 106.2
1487 106.2
1488 106.2
1489 106.25
1490 106.25
1491 106.3
1492 106.3
1493 106.3
1494 106.3
1495 106.45
1496 106.45
1497 106.5
1498 106.55
1499 106.55
1500 106.65
1501 106.75
1502 106.75
1503 106.75
1504 106.75
1505 106.75
1506 106.75
1507 106.85
1508 106.85
1509 106.85
1510 106.85
1511 106.85
1512 106.9
1513 106.9
1514 106.95
1515 107.1
1516 107.15
1517 107.15
1518 107.2
1519 107.3
1520 107.4
1521 107.45
1522 107.45
1523 107.55
1524 107.55
1525 107.6
1526 107.65
1527 107.9
1528 107.95
1529 107.95
1530 108.0
1531 108.0
1532 108.15
1533 108.15
1534 108.15
1535 108.4
1536 108.4
1537 108.4
1538 108.4
1539 108.45
1540 108.5
1541 108.55
1542 108.65
1543 108.7
1544 108.7
1545 108.7
1546 108.75
1547 108.75
1548 108.85
1549 108.95
1550 108.95
1551 108.95
1552 108.95
1553 108.95
1554 108.95
1555 108.95
1556 108.95
1557 108.95
1558 108.95
1559 109.05
1560 109.05
1561 109.05
1562 109.05
1563 109.1
1564 109.1
1565 109.25
1566 109.3
1567 109.35
1568 109.35
1569 109.4
1570 109.45
1571 109.45
1572 109.5
1573 109.5
1574 109.6
1575 109.65
1576 109.7
1577 109.75
1578 109.75
1579 109.8
1580 109.8
1581 109.8
1582 109.9
1583 109.9
1584 109.9
1585 110.05
1586 110.1
1587 110.1
1588 110.15
1589 110.15
1590 110.2
1591 110.2
1592 110.3
1593 110.3
1594 110.3
1595 110.3
1596 110.35
1597 110.35
1598 110.4
1599 110.45
1600 110.5
1601 110.5
1602 110.5
1603 110.5
1604 110.55
1605 110.55
1606 110.65
1607 110.7
1608 110.7
1609 110.7
1610 110.7
1611 110.7
1612 110.75
1613 110.85
1614 110.95
1615 111.0
1616 111.15
1617 111.25
1618 111.3
1619 111.4
1620 111.4
1621 111.45
1622 111.55
1623 111.6
1624 111.6
1625 111.75
1626 111.75
1627 111.8
1628 111.8
1629 111.8
1630 111.85
1631 111.85
1632 111.85
1633 111.9
1634 111.9
1635 111.95
1636 112.05
1637 112.05
1638 112.15
1639 112.2
1640 112.2
1641 112.25
1642 112.25
1643 112.3
1644 112.3
1645 112.4
1646 112.5
1647 112.5
1648 112.5
1649 112.5
1650 112.5
1651 112.55
1652 112.6
1653 112.65
1654 112.65
1655 112.65
1656 112.7
1657 112.75
1658 112.75
1659 112.75
1660 112.75
1661 112.75
1662 112.8
1663 112.8
1664 112.9
1665 113.05
1666 113.05
1667 113.05
1668 113.05
1669 113.1
1670 113.1
1671 113.2
1672 113.3
1673 113.35
1674 113.35
1675 113.4
1676 113.4
1677 113.4
1678 113.4
1679 113.4
1680 113.4
1681 113.45
1682 113.45
1683 113.5
1684 113.6
1685 113.65
1686 113.7
1687 113.7
1688 113.7
1689 113.8
1690 113.8
1691 113.8
1692 113.9
1693 113.95
1694 114.05
1695 114.05
1696 114.05
1697 114.05
1698 114.15
1699 114.2
1700 114.2
1701 114.25
1702 114.25
1703 114.25
1704 114.25
1705 114.3
1706 114.35
1707 114.35
1708 114.4
1709 114.45
1710 114.5
1711 114.55
1712 114.6
1713 114.6
1714 114.6
1715 114.6
1716 114.6
1717 114.65
1718 114.65
1719 114.65
1720 114.7
1721 114.7
1722 114.7
1723 114.75
1724 114.85
1725 114.95
1726 114.95
1727 115.0
1728 115.0
1729 115.05
1730 115.05
1731 115.05
1732 115.1
1733 115.2
1734 115.2
1735 115.25
1736 115.25
1737 115.3
1738 115.3
1739 115.35
1740 115.45
1741 115.45
1742 115.5
1743 115.55
1744 115.6
1745 115.6
1746 115.65
1747 115.65
1748 115.75
1749 115.75
1750 115.8
1751 115.8
1752 115.8
1753 115.9
1754 115.9
1755 115.95
1756 115.95
1757 115.95
1758 115.95
1759 115.95
1760 116.0
1761 116.05
1762 116.05
1763 116.05
1764 116.05
1765 116.05
1766 116.05
1767 116.05
1768 116.1
1769 116.2
1770 116.25
1771 116.25
1772 116.4
1773 116.4
1774 116.45
1775 116.45
1776 116.45
1777 116.45
1778 116.5
1779 116.55
1780 116.75
1781 116.75
1782 116.75
1783 116.8
1784 116.9
1785 116.95
1786 116.95
1787 116.95
1788 116.95
1789 117.05
1790 117.05
1791 117.1
1792 117.1
1793 117.1
1794 117.15
1795 117.15
1796 117.15
1797 117.15
1798 117.2
1799 117.2
1800 117.2
1801 117.25
1802 117.3
1803 117.3
1804 117.3
1805 117.3
1806 117.35
1807 117.4
1808 117.4
1809 117.45
1810 117.45
1811 117.45
1812 117.45
1813 117.6
1814 117.6
1815 117.7
1816 118.05
1817 118.05
1818 118.05
1819 118.1
1820 118.1
1821 118.1
1822 118.1
1823 118.1
1824 118.1
1825 118.1
1826 118.1
1827 118.1
1828 118.1
1829 118.1
1830 118.1
1831 118.3
1832 118.3
1833 118.3
1834 118.3
1835 118.35
1836 118.4
1837 118.45
1838 118.45
1839 118.45
1840 118.45
1841 118.6
1842 118.6
1843 118.6
1844 118.6
1845 118.7
1846 118.8
1847 118.8
1848 118.8
1849 118.8
1850 118.85
1851 118.85
1852 118.85
1853 118.85
1854 118.85
1855 118.9
1856 118.9
1857 118.95
1858 118.95
1859 118.95
1860 118.95
1861 119.0
1862 119.0
1863 119.0
1864 119.05
1865 119.1
1866 119.1
1867 119.1
1868 119.15
1869 119.2
1870 119.2
1871 119.2
1872 119.25
1873 119.35
1874 119.45
1875 119.55
1876 119.6
1877 119.65
1878 119.65
1879 119.65
1880 119.7
1881 119.9
1882 119.9
1883 119.9
1884 119.95
1885 120.05
1886 120.1
1887 120.1
1888 120.1
1889 120.1
1890 120.15
1891 120.15
1892 120.2
1893 120.2
1894 120.2
1895 120.2
1896 120.35
1897 120.4
1898 120.4
1899 120.4
1900 120.5
1901 120.5
1902 120.5
1903 120.55
1904 120.55
1905 120.55
1906 120.6
1907 120.6
1908 120.6
1909 120.6
1910 120.65
1911 120.65
1912 120.75
1913 120.85
1914 120.85
1915 120.85
1916 120.95
1917 121.0
1918 121.15
1919 121.15
1920 121.15
1921 121.15
1922 121.2
1923 121.2
1924 121.2
1925 121.25
1926 121.25
1927 121.25
1928 121.4
1929 121.4
1930 121.45
1931 121.45
1932 121.45
1933 121.5
1934 121.55
1935 121.55
1936 121.55
1937 121.55
1938 121.6
1939 121.6
1940 121.7
1941 121.75
1942 121.75
1943 121.75
1944 121.75
1945 121.8
1946 121.85
1947 121.9
1948 121.9
1949 121.9
1950 121.95
1951 121.95
1952 121.95
1953 121.95
1954 122.0
1955 122.0
1956 122.0
1957 122.0
1958 122.05
1959 122.1
1960 122.15
1961 122.2
1962 122.25
1963 122.25
1964 122.25
1965 122.3
1966 122.5
1967 122.65
1968 122.65
1969 122.7
1970 122.7
1971 122.7
1972 122.7
1973 122.75
1974 122.95
1975 122.95
1976 122.95
1977 123.05
1978 123.1
1979 123.1
1980 123.15
1981 123.2
1982 123.2
1983 123.2
1984 123.2
1985 123.2
1986 123.2
1987 123.25
1988 123.3
1989 123.3
1990 123.35
1991 123.35
1992 123.35
1993 123.35
1994 123.35
1995 123.4
1996 123.4
1997 123.4
1998 123.5
1999 123.55
2000 123.55
2001 123.6
2002 123.6
2003 123.6
2004 123.7
2005 123.7
2006 123.75
2007 123.75
2008 123.75
2009 123.85
2010 123.85
2011 123.9
2012 123.9
2013 123.95
2014 123.95
2015 124.05
2016 124.1
2017 124.2
2018 124.25
2019 124.25
2020 124.25
2021 124.4
2022 124.4
2023 124.4
2024 124.4
2025 124.45
2026 124.45
2027 124.5
2028 124.5
2029 124.5
2030 124.55
2031 124.55
2032 124.55
2033 124.55
2034 124.55
2035 124.6
2036 124.6
2037 124.6
2038 124.7
2039 124.7
2040 124.7
2041 124.75
2042 124.8
2043 124.8
2044 124.85
2045 124.9
2046 125.0
2047 125.0
2048 125.05
2049 125.15
2050 125.15
2051 125.25
2052 125.25
2053 125.35
2054 125.35
2055 125.4
2056 125.5
2057 125.5
2058 125.5
2059 125.5
2060 125.5
2061 125.5
2062 125.6
2063 125.65
2064 125.65
2065 125.65
2066 125.65
2067 125.7
2068 125.8
2069 125.8
2070 125.8
2071 125.9
2072 125.9
2073 125.9
2074 125.9
2075 125.95
2076 125.95
2077 125.95
2078 125.95
2079 125.95
2080 125.95
2081 126.0
2082 126.0
2083 126.05
2084 126.05
2085 126.05
2086 126.1
2087 126.1
2088 126.1
2089 126.1
2090 126.1
2091 126.1
2092 126.15
2093 126.2
2094 126.2
2095 126.2
2096 126.2
2097 126.2
2098 126.2
2099 126.2
2100 126.2
2101 126.25
2102 126.4
2103 126.45
2104 126.45
2105 126.45
2106 126.5
2107 126.55
2108 126.65
2109 126.65
2110 126.7
2111 126.75
2112 126.75
2113 126.85
2114 126.85
2115 126.9
2116 126.9
2117 126.95
2118 127.05
2119 127.05
2120 127.05
2121 127.05
2122 127.05
2123 127.1
2124 127.1
2125 127.25
2126 127.25
2127 127.25
2128 127.25
2129 127.25
2130 127.3
2131 127.3
2132 127.3
2133 127.35
2134 127.4
2135 127.55
2136 127.6
2137 127.75
2138 127.75
2139 127.8
2140 127.9
2141 127.9
2142 127.9
2143 127.9
2144 128.0
2145 128.0
2146 128.1
2147 128.1
2148 128.25
2149 128.25
2150 128.25
2151 128.35
2152 128.35
2153 128.55
2154 128.6
2155 128.6
2156 128.6
2157 128.6
2158 128.7
2159 128.75
2160 128.85
2161 128.85
2162 128.85
2163 129.0
2164 129.05
2165 129.05
2166 129.05
2167 129.2
2168 129.2
2169 129.2
2170 129.2
2171 129.25
2172 129.25
2173 129.25
2174 129.25
2175 129.45
2176 129.45
2177 129.45
2178 129.45
2179 129.45
2180 129.45
2181 129.45
2182 129.45
2183 129.6
2184 129.7
2185 129.7
2186 129.7
2187 129.7
2188 129.8
2189 129.9
2190 129.95
2191 130.05
2192 130.05
2193 130.05
2194 130.05
2195 130.05
2196 130.05
2197 130.05
2198 130.1
2199 130.1
2200 130.1
2201 130.1
2202 130.1
2203 130.15
2204 130.15
2205 130.15
2206 130.15
2207 130.2
2208 130.2
2209 130.2
2210 130.3
2211 130.3
2212 130.45
2213 130.45
2214 130.5
2215 130.55
2216 130.65
2217 130.7
2218 130.7
2219 130.7
2220 130.7
2221 130.7
2222 130.7
2223 130.75
2224 130.75
2225 130.85
2226 130.9
2227 130.95
2228 131.0
2229 131.0
2230 131.0
2231 131.15
2232 131.15
2233 131.15
2234 131.2
2235 131.2
2236 131.25
2237 131.3
2238 131.45
2239 131.55
2240 131.65
2241 131.7
2242 131.7
2243 131.75
2244 131.8
2245 131.8
2246 131.8
2247 131.8
2248 131.95
2249 131.95
2250 132.0
2251 132.0
2252 132.15
2253 132.2
2254 132.2
2255 132.2
2256 132.25
2257 132.3
2258 132.3
2259 132.3
2260 132.3
2261 132.3
2262 132.3
2263 132.3
2264 132.3
2265 132.3
2266 132.35
2267 132.45
2268 132.45
2269 132.5
2270 132.5
2271 132.5
2272 132.5
2273 132.5
2274 132.5
2275 132.5
2276 132.5
2277 132.5
2278 132.5
2279 132.5
2280 132.55
2281 132.55
2282 132.55
2283 132.65
2284 132.65
2285 132.8
2286 132.85
2287 132.9
2288 132.95
2289 132.95
2290 132.95
2291 132.95
2292 133.0
2293 133.0
2294 133.1
2295 133.15
2296 133.2
2297 133.35
2298 133.35
2299 133.4
2300 133.4
2301 133.4
2302 133.4
2303 133.45
2304 133.45
2305 133.45
2306 133.45
2307 133.45
2308 133.5
2309 133.55
2310 133.55
2311 133.55
2312 133.6
2313 133.6
2314 133.6
2315 133.6
2316 133.65
2317 133.65
2318 133.75
2319 133.75
2320 133.75
2321 133.75
2322 133.75
2323 133.85
2324 133.85
2325 133.85
2326 133.85
2327 134.0
2328 134.05
2329 134.05
2330 134.05
2331 134.05
2332 134.05
2333 134.05
2334 134.05
2335 134.1
2336 134.1
2337 134.2
2338 134.2
2339 134.2
2340 134.3
2341 134.35
2342 134.35
2343 134.6
2344 134.6
2345 134.65
2346 134.65
2347 134.65
2348 134.65
2349 134.65
2350 134.65
2351 134.65
2352 134.7
2353 134.75
2354 134.8
2355 134.9
2356 134.9
2357 134.9
2358 134.95
2359 135.0
2360 135.0
2361 135.1
2362 135.1
2363 135.15
2364 135.15
2365 135.2
2366 135.2
2367 135.2
2368 135.2
2369 135.2
2370 135.25
2371 135.35
2372 135.35
2373 135.45
2374 135.55
2375 135.6
2376 135.6
2377 135.65
2378 135.7
2379 135.7
2380 135.7
2381 135.7
2382 135.75
2383 135.8
2384 135.8
2385 135.8
2386 135.8
2387 136.0
2388 136.0
2389 136.0
2390 136.0
2391 136.05
2392 136.3
2393 136.3
2394 136.3
2395 136.4
2396 136.4
2397 136.5
2398 136.5
2399 136.5
2400 136.5
2401 136.55
2402 136.65
2403 136.7
2404 136.7
2405 136.7
2406 136.7
2407 136.7
2408 136.75
2409 136.75
2410 136.75
2411 136.75
2412 136.8
2413 136.9
2414 136.95
2415 137.1
2416 137.1
2417 137.1
2418 137.1
2419 137.15
2420 137.25
2421 137.25
2422 137.25
2423 137.3
2424 137.35
2425 137.35
2426 137.35
2427 137.45
2428 137.45
2429 137.45
2430 137.5
2431 137.6
2432 137.7
2433 137.8
2434 137.8
2435 137.8
2436 137.8
2437 137.8
2438 137.95
2439 137.95
2440 137.95
2441 137.95
2442 137.95
2443 138.05
2444 138.1
2445 138.15
2446 138.15
2447 138.25
2448 138.3
2449 138.3
2450 138.4
2451 138.4
2452 138.4
2453 138.45
2454 138.5
2455 138.5
2456 138.55
2457 138.55
2458 138.55
2459 138.55
2460 138.55
2461 138.55
2462 138.55
2463 138.55
2464 138.6
2465 138.6
2466 138.65
2467 138.65
2468 138.65
2469 138.65
2470 138.65
2471 138.65
2472 138.65
2473 138.7
2474 138.7
2475 138.7
2476 138.7
2477 138.7
2478 138.7
2479 138.7
2480 138.7
2481 138.7
2482 138.75
2483 138.75
2484 138.75
2485 138.75
2486 138.75
2487 138.85
2488 138.9
2489 138.95
2490 139.1
2491 139.2
2492 139.2
2493 139.2
2494 139.3
2495 139.3
2496 139.35
2497 139.4
2498 139.4
2499 139.4
2500 139.4
2501 139.4
2502 139.45
2503 139.55
2504 139.6
2505 139.6
2506 139.65
2507 139.65
2508 139.75
2509 139.8
2510 139.8
2511 139.8
2512 139.8
2513 139.95
2514 139.95
2515 140.0
2516 140.0
2517 140.0
2518 140.05
2519 140.05
2520 140.05
2521 140.1
2522 140.1
2523 140.1
2524 140.2
2525 140.2
2526 140.2
2527 140.25
2528 140.25
2529 140.25
2530 140.25
2531 140.25
2532 140.25
2533 140.3
2534 140.4
2535 140.5
2536 140.55
2537 140.55
2538 140.55
2539 140.6
2540 140.6
2541 140.65
2542 140.65
2543 140.7
2544 140.7
2545 140.7
2546 140.7
2547 140.7
2548 140.7
2549 140.7
2550 140.7
2551 140.75
2552 140.75
2553 140.75
2554 140.75
2555 140.75
2556 140.75
2557 140.75
2558 140.75
2559 140.75
2560 140.75
2561 140.75
2562 140.75
2563 140.75
2564 140.8
2565 140.8
2566 140.8
2567 140.95
2568 141.05
2569 141.05
2570 141.1
2571 141.1
2572 141.1
2573 141.1
2574 141.15
2575 141.25
2576 141.25
2577 141.25
2578 141.25
2579 141.25
2580 141.25
2581 141.25
2582 141.25
2583 141.3
2584 141.3
2585 141.35
2586 141.35
2587 141.35
2588 141.4
2589 141.4
2590 141.4
2591 141.45
2592 141.45
2593 141.5
2594 141.5
2595 141.5
2596 141.5
2597 141.55
2598 141.55
2599 141.55
2600 141.55
2601 141.55
2602 141.55
2603 141.55
2604 141.55
2605 141.6
2606 141.7
2607 141.7
2608 141.7
2609 141.7
2610 141.7
2611 141.8
2612 141.8
2613 141.8
2614 141.8
2615 141.8
2616 141.85
2617 141.85
2618 141.9
2619 141.95
2620 142.05
2621 142.05
2622 142.05
2623 142.05
2624 142.15
2625 142.2
2626 142.25
2627 142.25
2628 142.25
2629 142.25
2630 142.25
2631 142.25
2632 142.25
2633 142.35
2634 142.35
2635 142.4
2636 142.4
2637 142.4
2638 142.4
2639 142.4
2640 142.4
2641 142.4
2642 142.4
2643 142.4
2644 142.45
2645 142.45
2646 142.45
2647 142.5
2648 142.5
2649 142.6
2650 142.6
2651 142.7
2652 142.7
2653 142.7
2654 142.8
2655 142.8
2656 142.8
2657 142.8
2658 142.8
2659 142.85
2660 142.9
2661 142.9
2662 142.9
2663 142.9
2664 142.9
2665 142.9
2666 142.9
2667 142.9
2668 142.9
2669 142.9
2670 142.95
2671 142.95
2672 143.0
2673 143.0
2674 143.1
2675 143.2
2676 143.2
2677 143.2
2678 143.2
2679 143.2
2680 143.2
2681 143.3
2682 143.3
2683 143.3
2684 143.35
2685 143.4
2686 143.45
2687 143.5
2688 143.5
2689 143.55
2690 143.55
2691 143.65
2692 143.65
2693 143.65
2694 143.65
2695 143.65
2696 143.65
2697 143.65
2698 143.75
2699 143.75
2700 143.75
2701 143.75
2702 143.8
2703 143.85
2704 143.95
2705 143.95
2706 143.95
2707 143.95
2708 143.95
2709 143.95
2710 143.95
2711 143.95
2712 144.05
2713 144.05
2714 144.05
2715 144.1
2716 144.1
2717 144.1
2718 144.1
2719 144.2
2720 144.25
2721 144.3
2722 144.4
2723 144.45
2724 144.5
2725 144.55
2726 144.55
2727 144.6
2728 144.7
2729 144.7
2730 144.8
2731 144.85
2732 144.85
2733 144.85
2734 144.85
2735 144.85
2736 144.85
2737 144.85
2738 144.85
2739 144.85
2740 144.9
2741 145.1
2742 145.1
2743 145.1
2744 145.1
2745 145.1
2746 145.15
2747 145.2
2748 145.2
2749 145.25
2750 145.25
2751 145.35
2752 145.4
2753 145.4
2754 145.4
2755 145.4
2756 145.4
2757 145.55
2758 145.55
2759 145.55
2760 145.6
2761 145.6
2762 145.6
2763 145.6
2764 145.6
2765 145.6
2766 145.6
2767 145.65
2768 145.65
2769 145.65
2770 145.65
2771 145.65
2772 145.7
2773 145.7
2774 145.75
2775 145.75
2776 145.75
2777 145.85
2778 145.85
2779 145.85
2780 145.85
2781 145.85
2782 145.85
2783 145.85
2784 145.85
2785 145.85
2786 145.95
2787 146.0
2788 146.0
2789 146.05
2790 146.1
2791 146.1
2792 146.1
2793 146.15
2794 146.2
2795 146.25
2796 146.25
2797 146.25
2798 146.25
2799 146.25
2800 146.25
2801 146.3
2802 146.4
2803 146.5
2804 146.5
2805 146.5
2806 146.5
2807 146.55
2808 146.55
2809 146.55
2810 146.6
2811 146.6
2812 146.6
2813 146.75
2814 146.8
2815 146.8
2816 146.8
2817 146.8
2818 146.8
2819 146.8
2820 146.8
2821 146.8
2822 146.9
2823 146.9
2824 146.9
2825 146.95
2826 146.95
2827 146.95
2828 146.95
2829 147.05
2830 147.05
2831 147.05
2832 147.05
2833 147.05
2834 147.1
2835 147.2
2836 147.25
2837 147.25
2838 147.25
2839 147.25
2840 147.25
2841 147.25
2842 147.25
2843 147.25
2844 147.25
2845 147.25
2846 147.25
2847 147.25
2848 147.25
2849 147.25
2850 147.25
2851 147.25
2852 147.3
2853 147.3
2854 147.35
2855 147.35
2856 147.5
2857 147.55
2858 147.55
2859 147.55
2860 147.55
2861 147.55
2862 147.55
2863 147.55
2864 147.55
2865 147.55
2866 147.55
2867 147.65
2868 147.65
2869 147.7
2870 147.7
2871 147.7
2872 147.7
2873 147.7
2874 147.7
2875 147.7
2876 147.7
2877 147.7
2878 147.7
2879 147.7
2880 147.7
2881 147.7
2882 147.7
2883 147.7
2884 147.7
2885 147.7
2886 147.7
2887 147.7
2888 147.75
2889 147.8
2890 147.8
2891 147.8
2892 147.9
2893 147.95
2894 147.95
2895 147.95
2896 147.95
2897 147.95
2898 147.95
2899 148.0
2900 148.15
2901 148.15
2902 148.25
2903 148.25
2904 148.25
2905 148.3
2906 148.35
2907 148.35
2908 148.35
2909 148.4
2910 148.4
2911 148.4
2912 148.4
2913 148.4
2914 148.45
2915 148.45
2916 148.45
2917 148.45
2918 148.5
2919 148.5
2920 148.55
2921 148.55
2922 148.55
2923 148.55
2924 148.55
2925 148.6
2926 148.6
2927 148.6
2928 148.6
2929 148.65
2930 148.65
2931 148.65
2932 148.65
2933 148.65
2934 148.65
2935 148.65
2936 148.65
2937 148.7
2938 148.8
2939 148.8
2940 148.8
2941 148.8
2942 148.8
2943 148.8
2944 148.85
2945 148.85
2946 148.85
2947 148.9
2948 148.95
2949 148.95
2950 149.0
2951 149.05
2952 149.05
2953 149.05
2954 149.05
2955 149.15
2956 149.2
2957 149.2
2958 149.25
2959 149.35
2960 149.35
2961 149.4
2962 149.4
2963 149.4
2964 149.4
2965 149.45
2966 149.45
2967 149.5
2968 149.5
2969 149.5
2970 149.6
2971 149.6
2972 149.6
2973 149.6
2974 149.6
2975 149.6
2976 149.7
2977 149.7
2978 149.7
2979 149.75
2980 149.75
2981 149.8
2982 149.8
2983 149.8
2984 149.8
2985 149.8
2986 149.85
2987 149.85
2988 149.85
2989 149.85
2990 149.85
2991 149.85
2992 149.85
2993 149.85
2994 149.9
2995 149.95
2996 149.95
2997 149.95
2998 149.95
2999 150.05
