#iterations fitness
0 0.0
1 3.0
2 3.6
3 3.6
4 3.6
5 3.6
6 4.4
7 5.0
8 5.6
9 5.6
10 6.2
11 6.8
12 6.8
13 6.8
14 7.4
15 7.4
16 8.0
17 8.2
18 8.8
19 9.4
20 9.4
21 9.4
22 9.4
23 9.4
24 9.4
25 9.4
26 9.4
27 9.4
28 10.0
29 10.0
30 10.0
31 10.0
32 10.4
33 10.4
34 10.4
35 10.4
36 10.4
37 11.0
38 11.0
39 11.0
40 11.0
41 12.2
42 12.2
43 12.2
44 12.2
45 12.2
46 12.2
47 12.2
48 12.2
49 12.8
50 12.8
51 12.8
52 12.8
53 12.8
54 12.8
55 12.8
56 13.4
57 13.4
58 13.4
59 13.4
60 14.0
61 14.0
62 14.0
63 14.0
64 14.0
65 14.0
66 14.0
67 14.0
68 14.0
69 14.0
70 14.6
71 14.6
72 14.6
73 15.2
74 15.2
75 15.2
76 15.2
77 15.2
78 15.4
79 16.0
80 16.6
81 16.6
82 16.6
83 16.6
84 16.6
85 16.6
86 16.6
87 16.6
88 17.2
89 17.8
90 18.0
91 18.6
92 18.6
93 18.6
94 18.6
95 18.8
96 18.8
97 18.8
98 19.2
99 19.2
100 19.2
101 19.2
102 19.2
103 19.6
104 20.2
105 20.2
106 20.6
107 20.6
108 20.6
109 21.2
110 21.2
111 21.2
112 21.2
113 21.2
114 21.2
115 21.2
116 21.2
117 21.4
118 21.4
119 21.4
120 21.4
121 21.4
122 21.6
123 22.8
124 23.4
125 23.4
126 23.4
127 23.4
128 23.4
129 24.0
130 24.0
131 24.0
132 24.4
133 25.0
134 25.0
135 25.6
136 25.6
137 26.2
138 26.2
139 26.2
140 26.2
141 26.4
142 26.4
143 27.0
144 27.0
145 27.0
146 27.0
147 27.6
148 27.6
149 27.6
150 27.6
151 27.6
152 28.2
153 28.8
154 28.8
155 28.8
156 28.8
157 28.8
158 28.8
159 28.8
160 29.2
161 29.2
162 29.2
163 29.2
164 29.2
165 29.2
166 29.2
167 29.6
168 30.2
169 30.2
170 30.2
171 30.2
172 30.2
173 30.2
174 30.2
175 30.2
176 30.2
177 30.2
178 30.2
179 30.2
180 30.8
181 30.8
182 31.0
183 31.0
184 31.0
185 31.2
186 31.2
187 31.2
188 31.2
189 31.2
190 31.2
191 31.2
192 31.2
193 31.2
194 31.6
195 32.0
196 32.0
197 32.0
198 32.0
199 32.0
200 32.0
201 32.0
202 32.0
203 32.0
204 32.0
205 32.6
206 33.2
207 33.6
208 33.6
209 33.6
210 34.2
211 34.2
212 34.2
213 34.8
214 34.8
215 34.8
216 34.8
217 34.8
218 34.8
219 34.8
220 34.8
221 34.8
222 34.8
223 34.8
224 34.8
225 34.8
226 34.8
227 34.8
228 34.8
229 34.8
230 35.4
231 35.4
232 35.4
233 35.4
234 36.0
235 36.4
236 36.4
237 36.4
238 36.4
239 36.4
240 36.8
241 36.8
242 36.8
243 38.0
244 38.0
245 38.0
246 38.0
247 38.6
248 39.2
249 39.2
250 39.2
251 39.2
252 39.2
253 39.2
254 39.2
255 39.2
256 39.8
257 39.8
258 39.8
259 40.0
260 40.4
261 40.4
262 40.6
263 40.6
264 40.6
265 40.6
266 41.0
267 41.0
268 41.8
269 42.4
270 42.4
271 42.4
272 42.4
273 42.4
274 42.4
275 42.4
276 42.4
277 42.4
278 42.4
279 42.4
280 43.0
281 43.0
282 43.0
283 43.0
284 43.2
285 43.2
286 43.2
287 43.2
288 43.8
289 43.8
290 43.8
291 43.8
292 43.8
293 43.8
294 43.8
295 43.8
296 43.8
297 43.8
298 43.8
299 44.4
300 45.0
301 45.4
302 45.4
303 45.4
304 45.4
305 46.0
306 46.0
307 46.0
308 46.0
309 46.0
310 46.0
311 46.0
312 46.0
313 46.0
314 46.6
315 46.6
316 46.6
317 46.6
318 46.6
319 46.6
320 46.6
321 47.2
322 47.2
323 47.2
324 47.2
325 47.2
326 47.6
327 47.6
328 47.8
329 47.8
330 48.4
331 48.4
332 48.4
333 48.4
334 48.6
335 49.2
336 49.2
337 49.4
338 49.4
339 49.4
340 49.4
341 49.4
342 49.8
343 50.0
344 50.6
345 50.6
346 50.6
347 50.6
348 50.6
349 50.6
350 51.0
351 51.2
352 51.2
353 51.2
354 51.2
355 51.2
356 51.4
357 51.4
358 51.6
359 51.6
360 51.6
361 51.6
362 51.6
363 52.2
364 52.2
365 52.2
366 52.2
367 52.2
368 52.2
369 52.8
370 52.8
371 52.8
372 52.8
373 52.8
374 53.0
375 53.0
376 53.0
377 53.0
378 53.6
379 53.6
380 54.0
381 54.6
382 54.6
383 54.6
384 55.2
385 55.4
386 55.6
387 55.6
388 55.6
389 55.6
390 55.6
391 55.6
392 55.6
393 55.6
394 56.2
395 56.2
396 56.2
397 56.2
398 56.2
399 56.2
400 56.2
401 56.2
402 56.2
403 56.2
404 56.6
405 56.6
406 56.6
407 57.2
408 57.8
409 57.8
410 57.8
411 58.0
412 58.0
413 58.6
414 58.6
415 59.2
416 59.2
417 59.2
418 59.2
419 59.2
420 59.2
421 60.0
422 60.0
423 60.0
424 60.0
425 60.6
426 61.2
427 61.2
428 61.2
429 61.2
430 61.2
431 61.2
432 61.8
433 61.8
434 62.2
435 62.2
436 62.4
437 62.4
438 62.4
439 63.0
440 63.2
441 63.8
442 63.8
443 64.0
444 64.0
445 64.0
446 64.0
447 64.2
448 64.6
449 64.6
450 64.6
451 64.6
452 64.6
453 65.2
454 65.2
455 65.2
456 65.2
457 65.2
458 65.8
459 65.8
460 66.0
461 66.0
462 66.0
463 66.0
464 66.0
465 66.0
466 66.0
467 66.4
468 66.6
469 66.6
470 67.2
471 67.2
472 67.2
473 67.2
474 67.2
475 67.2
476 67.2
477 67.2
478 67.8
479 67.8
480 68.0
481 68.0
482 68.0
483 68.0
484 68.4
485 68.4
486 68.4
487 69.0
488 69.0
489 69.6
490 69.6
491 70.2
492 70.2
493 70.8
494 70.8
495 70.8
496 71.0
497 71.0
498 71.0
499 71.0
500 71.6
501 71.6
502 71.6
503 71.8
504 71.8
505 71.8
506 71.8
507 71.8
508 71.8
509 71.8
510 71.8
511 71.8
512 71.8
513 71.8
514 71.8
515 72.2
516 72.2
517 72.2
518 72.2
519 72.2
520 72.8
521 72.8
522 72.8
523 72.8
524 72.8
525 72.8
526 72.8
527 72.8
528 72.8
529 72.8
530 72.8
531 72.8
532 72.8
533 72.8
534 73.0
535 73.0
536 73.2
537 73.2
538 73.2
539 73.2
540 73.2
541 73.2
542 73.2
543 73.2
544 73.2
545 73.2
546 73.2
547 73.6
548 73.6
549 73.6
550 73.6
551 73.6
552 74.0
553 74.0
554 74.2
555 74.2
556 74.2
557 74.2
558 74.4
559 74.6
560 75.4
561 75.4
562 75.4
563 76.2
564 76.2
565 76.2
566 76.8
567 76.8
568 76.8
569 77.6
570 78.2
571 78.2
572 78.2
573 78.2
574 78.2
575 78.2
576 78.2
577 78.2
578 78.2
579 78.2
580 78.2
581 78.8
582 78.8
583 78.8
584 78.8
585 78.8
586 78.8
587 79.0
588 79.0
589 79.6
590 79.6
591 79.6
592 79.6
593 79.6
594 79.6
595 79.6
596 79.6
597 79.6
598 79.6
599 79.8
600 80.0
601 80.2
602 80.2
603 80.6
604 80.6
605 80.8
606 80.8
607 81.0
608 81.0
609 81.0
610 81.0
611 81.0
612 81.0
613 81.2
614 81.2
615 81.6
616 81.6
617 82.0
618 82.6
619 82.6
620 82.6
621 82.6
622 82.6
623 82.6
624 82.6
625 82.6
626 82.6
627 82.6
628 83.0
629 83.0
630 83.0
631 83.8
632 83.8
633 83.8
634 83.8
635 83.8
636 83.8
637 84.0
638 84.0
639 84.2
640 84.4
641 85.2
642 85.2
643 85.6
644 85.6
645 85.6
646 86.0
647 86.2
648 86.2
649 86.6
650 86.6
651 86.6
652 86.6
653 86.6
654 87.2
655 87.4
656 87.4
657 87.6
658 87.6
659 87.8
660 87.8
661 87.8
662 88.0
663 88.0
664 88.0
665 88.0
666 88.0
667 88.6
668 88.6
669 88.6
670 88.6
671 88.6
672 88.6
673 88.6
674 88.6
675 88.6
676 89.2
677 89.2
678 89.2
679 89.2
680 89.8
681 90.2
682 90.2
683 90.6
684 90.6
685 90.6
686 90.6
687 90.6
688 91.0
689 91.0
690 91.0
691 91.4
692 91.4
693 91.4
694 91.4
695 91.4
696 91.4
697 91.4
698 91.4
699 91.4
700 91.6
701 91.6
702 91.6
703 91.6
704 92.0
705 92.0
706 92.0
707 92.2
708 92.2
709 92.2
710 92.4
711 92.4
712 93.2
713 93.2
714 93.2
715 93.2
716 93.2
717 93.4
718 93.4
719 93.4
720 93.4
721 93.8
722 94.2
723 94.2
724 94.2
725 94.2
726 94.2
727 94.2
728 94.2
729 94.2
730 94.2
731 94.2
732 94.2
733 94.2
734 94.4
735 94.6
736 95.0
737 95.0
738 95.2
739 95.4
740 95.6
741 95.6
742 95.6
743 95.6
744 95.6
745 95.6
746 95.8
747 95.8
748 96.4
749 96.4
750 96.4
751 96.4
752 96.4
753 96.4
754 97.2
755 97.2
756 97.2
757 97.2
758 97.2
759 97.6
760 97.6
761 97.6
762 97.6
763 97.6
764 97.8
765 97.8
766 97.8
767 97.8
768 98.4
769 98.4
770 98.8
771 99.0
772 99.0
773 99.6
774 99.6
775 99.6
776 99.6
777 99.8
778 100.4
779 101.0
780 101.0
781 101.0
782 101.0
783 101.0
784 101.0
785 101.2
786 101.2
787 101.2
788 101.4
789 101.4
790 101.4
791 101.8
792 101.8
793 101.8
794 101.8
795 101.8
796 101.8
797 101.8
798 101.8
799 101.8
800 101.8
801 101.8
802 101.8
803 101.8
804 101.8
805 102.0
806 102.0
807 102.0
808 102.0
809 102.4
810 102.4
811 102.6
812 102.6
813 102.8
814 102.8
815 102.8
816 102.8
817 104.4
818 104.4
819 104.4
820 104.4
821 104.4
822 104.4
823 104.4
824 104.4
825 104.4
826 104.4
827 104.4
828 104.6
829 104.8
830 104.8
831 104.8
832 104.8
833 104.8
834 105.0
835 105.2
836 105.2
837 105.2
838 105.2
839 105.2
840 105.4
841 105.6
842 105.6
843 105.6
844 105.6
845 105.8
846 105.8
847 106.2
848 106.6
849 106.6
850 106.6
851 106.6
852 106.6
853 107.0
854 107.0
855 107.6
856 107.6
857 107.6
858 107.6
859 108.2
860 108.2
861 108.2
862 108.2
863 108.2
864 108.2
865 108.4
866 108.4
867 108.4
868 108.4
869 108.4
870 108.4
871 108.4
872 108.4
873 108.4
874 108.4
875 108.4
876 108.4
877 108.4
878 108.4
879 108.4
880 109.0
881 109.6
882 109.6
883 109.6
884 109.6
885 109.6
886 109.6
887 109.6
888 109.6
889 109.6
890 110.2
891 110.2
892 110.2
893 110.6
894 110.8
895 110.8
896 110.8
897 110.8
898 110.8
899 110.8
900 110.8
901 110.8
902 111.0
903 111.0
904 111.0
905 111.0
906 111.0
907 111.0
908 111.4
909 111.4
910 111.8
911 112.0
912 112.0
913 112.0
914 112.0
915 112.0
916 112.0
917 112.0
918 112.0
919 112.0
920 112.0
921 112.0
922 112.0
923 112.0
924 112.6
925 112.6
926 112.6
927 112.6
928 112.8
929 112.8
930 112.8
931 112.8
932 112.8
933 112.8
934 112.8
935 112.8
936 113.0
937 113.0
938 113.4
939 113.4
940 113.4
941 113.4
942 113.4
943 113.4
944 113.4
945 113.4
946 113.4
947 113.4
948 113.4
949 113.4
950 113.4
951 113.4
952 113.4
953 113.4
954 113.4
955 113.4
956 113.4
957 113.8
958 113.8
959 114.4
960 114.4
961 114.4
962 114.4
963 114.4
964 114.4
965 114.4
966 114.4
967 114.4
968 114.4
969 114.4
970 114.6
971 114.6
972 115.2
973 115.2
974 115.4
975 115.8
976 115.8
977 116.0
978 116.0
979 116.2
980 116.2
981 116.2
982 116.2
983 116.2
984 116.2
985 116.2
986 116.4
987 116.4
988 117.0
989 117.0
990 117.0
991 117.0
992 117.2
993 117.2
994 117.2
995 117.2
996 117.2
997 117.2
998 117.2
999 117.2
1000 117.8
1001 117.8
1002 118.4
1003 118.4
1004 118.4
1005 118.4
1006 118.4
1007 118.4
1008 118.4
1009 118.4
1010 118.4
1011 118.4
1012 119.0
1013 119.0
1014 119.2
1015 119.6
1016 119.6
1017 119.6
1018 119.6
1019 119.6
1020 119.6
1021 119.6
1022 119.6
1023 119.6
1024 119.6
1025 119.6
1026 120.2
1027 120.4
1028 120.4
1029 120.4
1030 120.4
1031 120.4
1032 120.6
1033 120.6
1034 120.6
1035 120.6
1036 120.6
1037 120.6
1038 121.0
1039 121.4
1040 121.4
1041 122.0
1042 122.0
1043 122.4
1044 122.4
1045 123.0
1046 123.0
1047 123.0
1048 123.0
1049 123.0
1050 123.0
1051 123.0
1052 123.0
1053 123.0
1054 123.0
1055 123.2
1056 123.2
1057 123.2
1058 123.2
1059 123.2
1060 123.2
1061 123.2
1062 123.2
1063 123.2
1064 123.2
1065 123.2
1066 123.6
1067 123.6
1068 124.0
1069 124.0
1070 124.0
1071 124.0
1072 124.0
1073 124.0
1074 124.0
1075 124.0
1076 124.2
1077 124.2
1078 124.2
1079 124.2
1080 124.4
1081 124.4
1082 124.4
1083 124.4
1084 124.4
1085 124.4
1086 124.4
1087 124.4
1088 124.4
1089 124.4
1090 124.8
1091 124.8
1092 124.8
1093 124.8
1094 124.8
1095 124.8
1096 124.8
1097 125.0
1098 125.0
1099 125.0
1100 125.0
1101 125.0
1102 125.0
1103 125.0
1104 125.0
1105 125.2
1106 125.2
1107 125.2
1108 125.4
1109 125.4
1110 125.6
1111 125.6
1112 125.6
1113 125.6
1114 125.6
1115 125.6
1116 125.6
1117 125.6
1118 125.6
1119 126.2
1120 126.4
1121 126.4
1122 127.0
1123 127.4
1124 127.6
1125 128.0
1126 128.2
1127 128.2
1128 128.2
1129 128.2
1130 128.4
1131 128.4
1132 128.4
1133 128.4
1134 128.4
1135 128.4
1136 128.4
1137 128.4
1138 128.4
1139 128.6
1140 129.0
1141 129.0
1142 129.0
1143 129.2
1144 129.2
1145 129.2
1146 129.2
1147 129.2
1148 129.2
1149 129.4
1150 129.4
1151 129.4
1152 129.4
1153 129.4
1154 129.6
1155 130.2
1156 130.2
1157 130.4
1158 130.4
1159 130.4
1160 130.4
1161 131.0
1162 131.0
1163 131.2
1164 131.2
1165 131.2
1166 131.6
1167 131.6
1168 131.6
1169 131.6
1170 132.2
1171 132.2
1172 132.2
1173 132.2
1174 132.2
1175 132.2
1176 132.6
1177 132.8
1178 132.8
1179 132.8
1180 132.8
1181 132.8
1182 132.8
1183 132.8
1184 132.8
1185 132.8
1186 133.0
1187 133.2
1188 133.4
1189 133.6
1190 133.8
1191 133.8
1192 133.8
1193 133.8
1194 133.8
1195 134.2
1196 134.6
1197 134.6
1198 134.8
1199 134.8
1200 135.0
1201 135.0
1202 135.0
1203 135.0
1204 135.4
1205 135.4
1206 135.6
1207 135.6
1208 135.8
1209 135.8
1210 135.8
1211 135.8
1212 135.8
1213 135.8
1214 136.4
1215 136.4
1216 136.6
1217 136.6
1218 136.6
1219 136.6
1220 136.6
1221 136.6
1222 136.6
1223 136.6
1224 136.6
1225 136.6
1226 136.6
1227 136.6
1228 136.6
1229 137.0
1230 137.0
1231 137.0
1232 137.0
1233 137.0
1234 137.2
1235 137.2
1236 137.2
1237 137.2
1238 137.2
1239 137.2
1240 137.6
1241 137.8
1242 138.0
1243 138.2
1244 138.2
1245 138.4
1246 138.4
1247 138.6
1248 138.6
1249 138.6
1250 138.6
1251 138.6
1252 138.6
1253 139.0
1254 139.0
1255 139.0
1256 139.0
1257 139.0
1258 139.0
1259 139.0
1260 139.0
1261 139.0
1262 139.0
1263 139.0
1264 139.0
1265 139.0
1266 139.0
1267 139.0
1268 139.0
1269 139.0
1270 139.6
1271 139.6
1272 139.6
1273 139.6
1274 139.6
1275 139.8
1276 139.8
1277 139.8
1278 139.8
1279 140.4
1280 141.0
1281 141.0
1282 141.0
1283 141.6
1284 141.6
1285 141.6
1286 142.2
1287 142.2
1288 142.2
1289 142.2
1290 142.2
1291 142.2
1292 142.2
1293 142.2
1294 142.8
1295 142.8
1296 142.8
1297 142.8
1298 142.8
1299 142.8
1300 143.0
1301 143.0
1302 143.6
1303 143.6
1304 143.6
1305 143.6
1306 143.6
1307 143.6
1308 143.6
1309 143.6
1310 143.6
1311 143.6
1312 143.6
1313 143.6
1314 143.6
1315 143.6
1316 143.6
1317 143.6
1318 143.6
1319 143.6
1320 143.6
1321 143.6
1322 143.8
1323 143.8
1324 143.8
1325 144.2
1326 144.2
1327 144.2
1328 144.2
1329 144.2
1330 144.2
1331 144.2
1332 144.8
1333 145.0
1334 145.0
1335 145.0
1336 145.0
1337 145.0
1338 145.0
1339 145.0
1340 145.4
1341 145.4
1342 146.0
1343 146.0
1344 146.0
1345 146.0
1346 146.2
1347 146.2
1348 146.2
1349 146.2
1350 146.2
1351 146.2
1352 146.2
1353 146.2
1354 146.2
1355 146.8
1356 147.4
1357 147.4
1358 147.4
1359 147.4
1360 147.4
1361 147.4
1362 147.4
1363 147.4
1364 147.4
1365 147.4
1366 147.4
1367 147.6
1368 147.6
1369 147.6
1370 147.6
1371 147.6
1372 147.6
1373 147.6
1374 147.6
1375 147.8
1376 148.0
1377 148.0
1378 148.0
1379 148.0
1380 148.0
1381 148.0
1382 148.6
1383 148.6
1384 148.6
1385 148.6
1386 148.6
1387 148.6
1388 148.6
1389 148.6
1390 148.6
1391 148.6
1392 149.0
1393 149.0
1394 149.0
1395 149.0
1396 149.2
1397 149.2
1398 149.2
1399 149.2
1400 149.2
1401 149.2
1402 149.4
1403 149.4
1404 149.4
1405 149.4
1406 149.4
1407 149.4
1408 149.4
1409 149.4
1410 150.0
1411 150.0
1412 150.0
1413 150.0
1414 150.0
1415 150.0
1416 150.0
1417 150.0
1418 150.0
1419 150.2
1420 150.2
1421 150.2
1422 150.2
1423 150.2
1424 150.2
1425 150.2
1426 150.2
1427 150.2
1428 150.2
1429 150.4
1430 150.4
1431 150.4
1432 150.4
1433 150.6
1434 150.6
1435 150.6
1436 150.6
1437 150.6
1438 150.6
1439 150.6
1440 150.6
1441 150.6
1442 151.0
1443 151.4
1444 151.4
1445 151.4
1446 151.4
1447 151.6
1448 151.6
1449 152.0
1450 152.0
1451 152.6
1452 152.6
1453 152.8
1454 152.8
1455 152.8
1456 153.0
1457 153.0
1458 153.0
1459 153.0
1460 153.0
1461 153.0
1462 153.0
1463 153.0
1464 153.0
1465 153.0
1466 153.0
1467 153.0
1468 153.0
1469 153.0
1470 153.0
1471 153.6
1472 153.6
1473 153.8
1474 153.8
1475 153.8
1476 153.8
1477 154.0
1478 154.0
1479 154.0
1480 154.0
1481 154.2
1482 154.2
1483 154.2
1484 154.2
1485 154.2
1486 154.2
1487 154.6
1488 154.8
1489 154.8
1490 154.8
1491 154.8
1492 154.8
1493 155.0
1494 155.0
1495 155.2
1496 155.2
1497 155.2
1498 155.2
1499 155.4
1500 155.4
1501 155.4
1502 155.4
1503 155.4
1504 155.8
1505 155.8
1506 156.0
1507 156.6
1508 156.8
1509 156.8
1510 156.8
1511 156.8
1512 156.8
1513 156.8
1514 156.8
1515 157.0
1516 157.0
1517 157.0
1518 157.0
1519 157.0
1520 157.0
1521 157.0
1522 157.0
1523 157.0
1524 157.0
1525 157.0
1526 157.0
1527 157.0
1528 157.0
1529 157.2
1530 157.8
1531 157.8
1532 157.8
1533 157.8
1534 157.8
1535 157.8
1536 157.8
1537 157.8
1538 157.8
1539 157.8
1540 157.8
1541 157.8
1542 157.8
1543 157.8
1544 157.8
1545 157.8
1546 157.8
1547 158.4
1548 158.4
1549 158.4
1550 158.4
1551 158.4
1552 158.4
1553 158.4
1554 158.4
1555 158.8
1556 159.6
1557 159.6
1558 159.6
1559 160.2
1560 160.2
1561 160.2
1562 160.2
1563 160.2
1564 160.2
1565 160.2
1566 160.2
1567 160.2
1568 160.4
1569 160.4
1570 160.4
1571 160.4
1572 161.0
1573 161.0
1574 161.0
1575 161.0
1576 161.0
1577 161.0
1578 161.0
1579 161.0
1580 161.0
1581 161.0
1582 161.0
1583 161.0
1584 161.0
1585 161.0
1586 161.0
1587 161.0
1588 161.0
1589 161.2
1590 161.2
1591 161.2
1592 162.0
1593 162.0
1594 162.0
1595 162.0
1596 162.0
1597 162.0
1598 162.0
1599 162.0
1600 162.2
1601 162.2
1602 162.2
1603 162.2
1604 162.2
1605 162.2
1606 162.2
1607 162.4
1608 162.4
1609 162.4
1610 162.4
1611 162.4
1612 162.6
1613 162.6
1614 163.0
1615 163.6
1616 163.6
1617 163.6
1618 163.8
1619 163.8
1620 163.8
1621 163.8
1622 163.8
1623 164.0
1624 164.0
1625 164.4
1626 165.0
1627 165.0
1628 165.2
1629 165.2
1630 165.2
1631 165.6
1632 165.6
1633 165.6
1634 165.6
1635 165.6
1636 165.6
1637 165.6
1638 165.6
1639 165.6
1640 165.6
1641 165.6
1642 165.6
1643 165.6
1644 165.6
1645 165.6
1646 165.6
1647 165.6
1648 165.6
1649 165.6
1650 165.6
1651 165.8
1652 165.8
1653 165.8
1654 165.8
1655 165.8
1656 165.8
1657 165.8
1658 166.0
1659 166.4
1660 166.6
1661 166.6
1662 166.8
1663 166.8
1664 166.8
1665 166.8
1666 166.8
1667 166.8
1668 166.8
1669 166.8
1670 167.4
1671 167.4
1672 167.4
1673 167.4
1674 167.4
1675 167.4
1676 167.6
1677 167.6
1678 167.6
1679 168.0
1680 168.0
1681 168.0
1682 168.0
1683 168.0
1684 168.0
1685 168.0
1686 168.0
1687 168.0
1688 168.4
1689 168.4
1690 168.4
1691 168.8
1692 168.8
1693 168.8
1694 168.8
1695 168.8
1696 168.8
1697 168.8
1698 169.0
1699 169.0
1700 169.0
1701 169.4
1702 169.4
1703 169.4
1704 169.4
1705 169.4
1706 169.4
1707 169.4
1708 169.4
1709 169.8
1710 169.8
1711 169.8
1712 170.4
1713 170.4
1714 170.8
1715 170.8
1716 170.8
1717 170.8
1718 170.8
1719 170.8
1720 170.8
1721 170.8
1722 170.8
1723 170.8
1724 170.8
1725 170.8
1726 170.8
1727 170.8
1728 170.8
1729 170.8
1730 170.8
1731 170.8
1732 170.8
1733 170.8
1734 170.8
1735 170.8
1736 170.8
1737 171.4
1738 171.4
1739 171.4
1740 171.4
1741 171.4
1742 171.4
1743 171.4
1744 171.4
1745 171.4
1746 171.4
1747 171.8
1748 171.8
1749 171.8
1750 171.8
1751 171.8
1752 172.0
1753 172.4
1754 172.4
1755 172.6
1756 172.6
1757 172.6
1758 172.6
1759 172.6
1760 172.6
1761 172.6
1762 172.6
1763 172.6
1764 172.8
1765 172.8
1766 173.2
1767 173.2
1768 173.2
1769 173.2
1770 173.2
1771 173.4
1772 173.4
1773 173.4
1774 173.4
1775 173.6
1776 173.6
1777 173.6
1778 173.6
1779 173.6
1780 173.8
1781 173.8
1782 174.4
1783 174.4
1784 174.4
1785 175.0
1786 175.2
1787 175.2
1788 175.2
1789 175.2
1790 175.4
1791 175.4
1792 175.4
1793 175.4
1794 175.6
1795 175.6
1796 175.6
1797 175.6
1798 175.6
1799 175.6
1800 175.6
1801 175.6
1802 175.6
1803 175.6
1804 175.6
1805 175.6
1806 175.6
1807 175.6
1808 176.0
1809 176.0
1810 176.4
1811 176.4
1812 176.4
1813 176.4
1814 176.4
1815 176.4
1816 176.4
1817 176.4
1818 176.4
1819 176.6
1820 176.6
1821 176.6
1822 176.6
1823 176.6
1824 176.6
1825 176.6
1826 176.6
1827 176.6
1828 176.6
1829 176.6
1830 176.6
1831 177.2
1832 177.2
1833 177.4
1834 177.4
1835 177.4
1836 177.4
1837 177.4
1838 177.4
1839 177.4
1840 177.4
1841 177.4
1842 177.4
1843 177.4
1844 177.8
1845 177.8
1846 177.8
1847 177.8
1848 177.8
1849 177.8
1850 177.8
1851 177.8
1852 177.8
1853 177.8
1854 177.8
1855 177.8
1856 177.8
1857 178.0
1858 178.0
1859 178.0
1860 178.0
1861 178.0
1862 178.0
1863 178.0
1864 178.2
1865 178.4
1866 178.6
1867 178.6
1868 178.8
1869 179.2
1870 179.2
1871 179.2
1872 179.2
1873 179.2
1874 179.4
1875 179.4
1876 179.4
1877 179.4
1878 179.6
1879 179.6
1880 179.6
1881 179.6
1882 179.6
1883 179.6
1884 179.6
1885 180.2
1886 180.2
1887 180.2
1888 180.2
1889 180.2
1890 180.4
1891 180.4
1892 180.6
1893 180.6
1894 180.6
1895 180.6
1896 180.6
1897 180.8
1898 180.8
1899 180.8
1900 180.8
1901 180.8
1902 180.8
1903 180.8
1904 180.8
1905 180.8
1906 180.8
1907 180.8
1908 180.8
1909 180.8
1910 180.8
1911 180.8
1912 180.8
1913 180.8
1914 180.8
1915 180.8
1916 180.8
1917 180.8
1918 180.8
1919 181.0
1920 181.0
1921 181.0
1922 181.0
1923 181.0
1924 181.0
1925 181.0
1926 181.0
1927 181.2
1928 181.2
1929 181.2
1930 181.2
1931 181.2
1932 181.2
1933 181.2
1934 181.6
1935 181.6
1936 181.6
1937 181.6
1938 181.6
1939 181.6
1940 182.4
1941 182.4
1942 182.4
1943 182.4
1944 182.4
1945 182.4
1946 182.4
1947 182.4
1948 182.4
1949 182.4
1950 182.4
1951 182.4
1952 182.4
1953 182.4
1954 182.4
1955 182.4
1956 182.4
1957 182.4
1958 182.6
1959 182.6
1960 182.6
1961 183.2
1962 183.2
1963 183.2
1964 183.2
1965 183.2
1966 183.4
1967 183.4
1968 183.4
1969 183.4
1970 183.4
1971 183.4
1972 183.4
1973 183.6
1974 183.6
1975 183.6
1976 183.6
1977 183.8
1978 183.8
1979 183.8
1980 183.8
1981 183.8
1982 183.8
1983 183.8
1984 183.8
1985 183.8
1986 183.8
1987 183.8
1988 183.8
1989 184.0
1990 184.0
1991 184.0
1992 184.8
1993 184.8
1994 184.8
1995 184.8
1996 185.2
1997 185.2
1998 185.2
1999 185.2
2000 185.2
2001 185.2
2002 185.6
2003 185.6
2004 185.6
2005 185.6
2006 185.6
2007 185.6
2008 185.6
2009 185.6
2010 185.6
2011 186.2
2012 186.2
2013 186.2
2014 186.4
2015 186.4
2016 186.4
2017 186.4
2018 186.4
2019 186.4
2020 186.4
2021 186.6
2022 186.6
2023 186.6
2024 186.6
2025 186.6
2026 186.8
2027 186.8
2028 186.8
2029 186.8
2030 186.8
2031 186.8
2032 186.8
2033 186.8
2034 186.8
2035 186.8
2036 186.8
2037 186.8
2038 186.8
2039 186.8
2040 186.8
2041 186.8
2042 186.8
2043 186.8
2044 186.8
2045 186.8
2046 187.0
2047 187.2
2048 187.4
2049 187.4
2050 187.4
2051 187.4
2052 187.4
2053 187.4
2054 187.4
2055 187.6
2056 188.0
2057 188.0
2058 188.2
2059 188.4
2060 189.0
2061 189.0
2062 189.0
2063 189.0
2064 189.0
2065 189.0
2066 189.0
2067 189.0
2068 189.0
2069 189.0
2070 189.0
2071 189.0
2072 189.0
2073 189.0
2074 189.0
2075 189.0
2076 189.2
2077 189.2
2078 189.2
2079 189.4
2080 189.4
2081 189.4
2082 189.4
2083 189.4
2084 189.4
2085 189.4
2086 189.4
2087 189.4
2088 189.4
2089 190.0
2090 190.0
2091 190.0
2092 190.0
2093 190.2
2094 190.2
2095 190.2
2096 190.2
2097 190.2
2098 190.2
2099 190.2
2100 190.4
2101 190.4
2102 190.4
2103 190.4
2104 190.4
2105 190.4
2106 190.4
2107 190.4
2108 190.6
2109 190.6
2110 190.6
2111 190.8
2112 191.0
2113 191.0
2114 191.2
2115 191.2
2116 191.2
2117 191.2
2118 191.2
2119 191.2
2120 191.2
2121 191.2
2122 191.2
2123 191.2
2124 191.2
2125 191.2
2126 191.2
2127 191.2
2128 191.8
2129 191.8
2130 192.2
2131 192.2
2132 192.4
2133 192.4
2134 192.4
2135 192.4
2136 192.4
2137 192.4
2138 192.4
2139 192.4
2140 192.4
2141 192.4
2142 192.4
2143 192.8
2144 192.8
2145 192.8
2146 192.8
2147 192.8
2148 192.8
2149 192.8
2150 192.8
2151 192.8
2152 193.0
2153 193.2
2154 193.2
2155 193.2
2156 193.2
2157 193.2
2158 193.2
2159 193.2
2160 193.4
2161 193.6
2162 193.6
2163 193.8
2164 193.8
2165 193.8
2166 193.8
2167 194.0
2168 194.0
2169 194.0
2170 194.2
2171 194.2
2172 194.2
2173 194.2
2174 194.2
2175 194.2
2176 194.2
2177 194.2
2178 194.2
2179 194.2
2180 194.2
2181 194.2
2182 194.2
2183 194.2
2184 194.2
2185 194.4
2186 194.4
2187 194.4
2188 194.4
2189 194.6
2190 194.6
2191 194.6
2192 194.6
2193 194.6
2194 194.6
2195 195.4
2196 195.4
2197 195.4
2198 195.4
2199 195.4
2200 195.4
2201 195.4
2202 195.6
2203 195.8
2204 195.8
2205 195.8
2206 195.8
2207 195.8
2208 195.8
2209 195.8
2210 195.8
2211 195.8
2212 195.8
2213 196.2
2214 196.2
2215 196.2
2216 196.2
2217 196.6
2218 196.6
2219 196.6
2220 196.6
2221 196.6
2222 196.6
2223 196.6
2224 196.6
2225 196.6
2226 196.6
2227 197.0
2228 197.0
2229 197.0
2230 197.0
2231 197.0
2232 197.0
2233 197.0
2234 197.4
2235 197.6
2236 197.6
2237 197.6
2238 197.6
2239 197.6
2240 197.8
2241 197.8
2242 197.8
2243 197.8
2244 197.8
2245 197.8
2246 197.8
2247 197.8
2248 197.8
2249 197.8
2250 197.8
2251 197.8
2252 198.4
2253 198.4
2254 198.6
2255 198.8
2256 199.0
2257 199.0
2258 199.0
2259 199.0
2260 199.0
2261 199.0
2262 199.0
2263 199.0
2264 199.0
2265 199.0
2266 199.0
2267 199.0
2268 199.0
2269 199.0
2270 199.0
2271 199.0
2272 199.0
2273 199.0
2274 199.0
2275 199.0
2276 199.0
2277 199.0
2278 199.0
2279 199.0
2280 199.0
2281 199.0
2282 199.0
2283 199.0
2284 199.0
2285 199.0
2286 199.0
2287 199.0
2288 199.0
2289 199.0
2290 199.0
2291 199.2
2292 199.4
2293 199.4
2294 199.4
2295 199.6
2296 199.6
2297 199.6
2298 199.6
2299 199.8
2300 199.8
2301 200.2
2302 200.2
2303 200.2
2304 200.2
2305 200.2
2306 200.2
2307 200.4
2308 200.4
2309 200.4
2310 200.4
2311 200.4
2312 200.4
2313 200.4
2314 200.4
2315 200.4
2316 200.4
2317 200.4
2318 200.4
2319 200.4
2320 200.4
2321 200.6
2322 200.6
2323 200.8
2324 200.8
2325 200.8
2326 200.8
2327 200.8
2328 200.8
2329 200.8
2330 200.8
2331 200.8
2332 200.8
2333 200.8
2334 200.8
2335 200.8
2336 200.8
2337 201.2
2338 201.2
2339 201.8
2340 201.8
2341 202.2
2342 202.2
2343 202.2
2344 202.2
2345 202.2
2346 202.2
2347 202.2
2348 202.2
2349 202.2
2350 202.2
2351 202.2
2352 202.2
2353 202.4
2354 202.6
2355 202.6
2356 203.2
2357 203.2
2358 203.2
2359 203.2
2360 203.2
2361 203.2
2362 203.2
2363 203.2
2364 203.2
2365 203.2
2366 203.2
2367 203.2
2368 203.2
2369 203.2
2370 203.2
2371 203.2
2372 203.2
2373 203.4
2374 203.4
2375 203.4
2376 203.4
2377 203.4
2378 203.4
2379 203.4
2380 203.4
2381 203.6
2382 203.6
2383 203.6
2384 204.0
2385 204.0
2386 204.0
2387 204.0
2388 204.2
2389 204.6
2390 204.6
2391 204.6
2392 204.8
2393 204.8
2394 204.8
2395 204.8
2396 204.8
2397 205.0
2398 205.0
2399 205.0
2400 205.0
2401 205.0
2402 205.0
2403 205.0
2404 205.0
2405 205.0
2406 205.6
2407 205.8
2408 205.8
2409 205.8
2410 205.8
2411 205.8
2412 205.8
2413 205.8
2414 205.8
2415 205.8
2416 206.0
2417 206.0
2418 206.0
2419 206.0
2420 206.2
2421 206.2
2422 206.2
2423 206.2
2424 206.4
2425 206.4
2426 206.4
2427 206.4
2428 206.4
2429 206.4
2430 206.4
2431 206.4
2432 206.4
2433 206.4
2434 206.4
2435 206.4
2436 206.4
2437 206.4
2438 206.4
2439 206.4
2440 206.4
2441 206.4
2442 206.4
2443 206.6
2444 206.6
2445 206.6
2446 206.8
2447 206.8
2448 206.8
2449 206.8
2450 206.8
2451 206.8
2452 206.8
2453 206.8
2454 206.8
2455 206.8
2456 206.8
2457 206.8
2458 206.8
2459 206.8
2460 206.8
2461 207.0
2462 207.0
2463 207.0
2464 207.0
2465 207.0
2466 207.0
2467 207.2
2468 207.2
2469 207.2
2470 207.2
2471 207.2
2472 207.2
2473 207.4
2474 207.4
2475 207.4
2476 207.8
2477 207.8
2478 207.8
2479 207.8
2480 207.8
2481 208.2
2482 208.2
2483 208.2
2484 208.4
2485 208.4
2486 208.4
2487 208.6
2488 208.6
2489 208.8
2490 208.8
2491 208.8
2492 208.8
2493 208.8
2494 208.8
2495 208.8
2496 208.8
2497 209.2
2498 209.2
2499 209.2
2500 209.2
2501 209.2
2502 209.8
2503 209.8
2504 209.8
2505 209.8
2506 209.8
2507 209.8
2508 209.8
2509 209.8
2510 209.8
2511 209.8
2512 209.8
2513 209.8
2514 210.0
2515 210.0
2516 210.0
2517 210.0
2518 210.0
2519 210.6
2520 210.6
2521 210.6
2522 210.6
2523 210.6
2524 210.6
2525 210.6
2526 211.0
2527 211.0
2528 211.2
2529 211.2
2530 211.6
2531 211.6
2532 211.6
2533 211.6
2534 211.6
2535 211.6
2536 211.6
2537 211.6
2538 211.6
2539 211.6
2540 211.6
2541 211.8
2542 211.8
2543 211.8
2544 211.8
2545 211.8
2546 211.8
2547 211.8
2548 211.8
2549 211.8
2550 211.8
2551 211.8
2552 211.8
2553 211.8
2554 211.8
2555 211.8
2556 211.8
2557 211.8
2558 211.8
2559 211.8
2560 211.8
2561 211.8
2562 212.0
2563 212.0
2564 212.0
2565 212.0
2566 212.0
2567 212.0
2568 212.0
2569 212.0
2570 212.0
2571 212.0
2572 212.0
2573 212.0
2574 212.0
2575 212.6
2576 212.6
2577 212.6
2578 212.6
2579 212.6
2580 212.6
2581 212.6
2582 212.6
2583 212.6
2584 212.6
2585 212.6
2586 212.6
2587 213.0
2588 213.0
2589 213.2
2590 213.2
2591 213.2
2592 213.2
2593 213.2
2594 213.2
2595 213.2
2596 213.2
2597 213.2
2598 213.2
2599 213.4
2600 213.4
2601 213.4
2602 213.4
2603 213.4
2604 213.6
2605 214.0
2606 214.0
2607 214.0
2608 214.0
2609 214.0
2610 214.0
2611 214.0
2612 214.0
2613 214.0
2614 214.0
2615 214.0
2616 214.0
2617 214.0
2618 214.0
2619 214.0
2620 214.0
2621 214.0
2622 214.0
2623 214.0
2624 214.6
2625 214.6
2626 214.6
2627 214.6
2628 214.6
2629 214.6
2630 214.6
2631 214.6
2632 214.6
2633 214.6
2634 214.6
2635 214.8
2636 214.8
2637 214.8
2638 214.8
2639 215.2
2640 215.4
2641 215.4
2642 215.6
2643 215.6
2644 215.6
2645 215.6
2646 215.6
2647 215.6
2648 215.6
2649 215.6
2650 215.6
2651 215.6
2652 215.6
2653 215.6
2654 215.6
2655 215.6
2656 215.8
2657 215.8
2658 215.8
2659 215.8
2660 215.8
2661 215.8
2662 215.8
2663 215.8
2664 215.8
2665 215.8
2666 215.8
2667 215.8
2668 215.8
2669 215.8
2670 215.8
2671 215.8
2672 215.8
2673 215.8
2674 215.8
2675 215.8
2676 215.8
2677 215.8
2678 215.8
2679 215.8
2680 215.8
2681 215.8
2682 216.0
2683 216.0
2684 216.0
2685 216.2
2686 216.2
2687 216.8
2688 217.0
2689 217.0
2690 217.0
2691 217.0
2692 217.0
2693 217.0
2694 217.0
2695 217.0
2696 217.0
2697 217.0
2698 217.0
2699 217.0
2700 217.2
2701 217.4
2702 217.6
2703 217.6
2704 217.6
2705 217.6
2706 217.6
2707 217.6
2708 217.6
2709 217.6
2710 217.6
2711 217.6
2712 217.6
2713 217.6
2714 217.6
2715 217.6
2716 217.8
2717 217.8
2718 217.8
2719 217.8
2720 218.0
2721 218.0
2722 218.4
2723 218.4
2724 218.4
2725 218.4
2726 218.6
2727 218.6
2728 218.6
2729 218.6
2730 219.0
2731 219.0
2732 219.0
2733 219.0
2734 219.0
2735 219.0
2736 219.0
2737 219.2
2738 219.2
2739 219.2
2740 219.2
2741 219.2
2742 219.4
2743 219.4
2744 219.4
2745 219.4
2746 219.4
2747 219.4
2748 219.4
2749 219.4
2750 219.4
2751 219.4
2752 219.4
2753 219.4
2754 219.4
2755 219.6
2756 219.6
2757 219.6
2758 219.6
2759 219.6
2760 219.6
2761 219.6
2762 219.6
2763 220.2
2764 220.4
2765 220.4
2766 220.4
2767 221.0
2768 221.0
2769 221.2
2770 221.4
2771 221.4
2772 221.4
2773 221.4
2774 221.4
2775 221.4
2776 221.4
2777 221.4
2778 221.4
2779 221.6
2780 221.8
2781 221.8
2782 221.8
2783 221.8
2784 221.8
2785 221.8
2786 221.8
2787 221.8
2788 221.8
2789 221.8
2790 221.8
2791 221.8
2792 221.8
2793 221.8
2794 221.8
2795 221.8
2796 221.8
2797 221.8
2798 221.8
2799 221.8
2800 221.8
2801 221.8
2802 221.8
2803 221.8
2804 221.8
2805 221.8
2806 222.0
2807 222.0
2808 222.0
2809 222.0
2810 222.0
2811 222.0
2812 222.0
2813 222.0
2814 222.0
2815 222.0
2816 222.0
2817 222.0
2818 222.0
2819 222.0
2820 222.0
2821 222.0
2822 222.0
2823 222.0
2824 222.0
2825 222.6
2826 222.6
2827 222.6
2828 222.6
2829 222.6
2830 222.8
2831 222.8
2832 222.8
2833 222.8
2834 222.8
2835 222.8
2836 222.8
2837 222.8
2838 222.8
2839 222.8
2840 222.8
2841 222.8
2842 222.8
2843 222.8
2844 223.0
2845 223.0
2846 223.0
2847 223.2
2848 223.2
2849 223.4
2850 223.4
2851 223.4
2852 223.4
2853 223.4
2854 223.4
2855 223.6
2856 224.0
2857 224.0
2858 224.0
2859 224.0
2860 224.0
2861 224.0
2862 224.0
2863 224.0
2864 224.6
2865 224.6
2866 224.6
2867 224.6
2868 224.6
2869 224.6
2870 224.6
2871 224.6
2872 224.6
2873 224.6
2874 224.6
2875 224.6
2876 224.6
2877 224.6
2878 224.8
2879 224.8
2880 224.8
2881 224.8
2882 224.8
2883 224.8
2884 224.8
2885 225.0
2886 225.0
2887 225.0
2888 225.0
2889 225.0
2890 225.0
2891 225.0
2892 225.0
2893 225.0
2894 225.0
2895 225.0
2896 225.0
2897 225.0
2898 225.2
2899 225.2
2900 225.2
2901 225.2
2902 225.2
2903 225.2
2904 225.2
2905 225.2
2906 225.2
2907 225.2
2908 225.2
2909 225.4
2910 225.4
2911 225.4
2912 225.4
2913 225.4
2914 225.4
2915 225.6
2916 225.6
2917 225.6
2918 225.6
2919 225.6
2920 225.6
2921 225.6
2922 225.6
2923 225.6
2924 226.2
2925 226.2
2926 226.4
2927 226.6
2928 226.6
2929 226.6
2930 226.6
2931 226.6
2932 226.6
2933 226.6
2934 226.6
2935 226.6
2936 226.6
2937 226.6
2938 226.6
2939 226.6
2940 226.6
2941 226.6
2942 226.6
2943 226.6
2944 226.6
2945 226.6
2946 226.6
2947 226.8
2948 226.8
2949 226.8
2950 226.8
2951 226.8
2952 226.8
2953 226.8
2954 227.0
2955 227.0
2956 227.0
2957 227.0
2958 227.0
2959 227.0
2960 227.0
2961 227.0
2962 227.0
2963 227.0
2964 227.2
2965 227.2
2966 227.4
2967 227.4
2968 227.4
2969 227.4
2970 227.4
2971 227.4
2972 227.4
2973 227.4
2974 227.4
2975 227.6
2976 227.8
2977 227.8
2978 227.8
2979 227.8
2980 227.8
2981 228.0
2982 228.0
2983 228.0
2984 228.0
2985 228.0
2986 228.0
2987 228.0
2988 228.0
2989 228.2
2990 228.4
2991 228.4
2992 228.4
2993 228.4
2994 229.2
2995 229.2
2996 229.2
2997 229.6
2998 229.6
2999 230.0
3000 230.0
3001 230.0
3002 230.0
3003 230.0
3004 230.0
3005 230.2
3006 230.4
3007 230.4
3008 230.4
3009 230.4
3010 230.4
3011 230.4
3012 230.4
3013 230.4
3014 230.4
3015 230.4
3016 230.4
3017 230.6
3018 230.6
3019 230.6
3020 230.6
3021 230.6
3022 230.6
3023 230.8
3024 230.8
3025 230.8
3026 230.8
3027 230.8
3028 230.8
3029 230.8
3030 230.8
3031 230.8
3032 230.8
3033 230.8
3034 230.8
3035 231.0
3036 231.0
3037 231.0
3038 231.0
3039 231.0
3040 231.0
3041 231.0
3042 231.0
3043 231.0
3044 231.0
3045 231.2
3046 231.2
3047 231.2
3048 231.2
3049 231.2
3050 231.6
3051 231.6
3052 231.6
3053 231.6
3054 231.6
3055 231.6
3056 231.6
3057 231.6
3058 231.6
3059 231.6
3060 231.6
3061 231.6
3062 231.6
3063 231.6
3064 231.6
3065 231.6
3066 231.6
3067 231.6
3068 231.6
3069 231.6
3070 231.6
3071 231.8
3072 231.8
3073 232.2
3074 232.2
3075 232.2
3076 232.2
3077 232.2
3078 232.2
3079 232.2
3080 232.2
3081 232.2
3082 232.2
3083 232.2
3084 232.2
3085 232.2
3086 232.4
3087 232.6
3088 232.6
3089 232.6
3090 232.6
3091 232.6
3092 232.6
3093 232.6
3094 232.6
3095 232.6
3096 232.6
3097 232.6
3098 232.6
3099 232.6
3100 232.6
3101 232.6
3102 232.8
3103 232.8
3104 232.8
3105 232.8
3106 232.8
3107 232.8
3108 232.8
3109 232.8
3110 232.8
3111 232.8
3112 232.8
3113 233.0
3114 233.0
3115 233.0
3116 233.2
3117 233.2
3118 233.2
3119 233.2
3120 233.2
3121 233.2
3122 233.6
3123 233.6
3124 233.6
3125 233.6
3126 234.2
3127 234.2
3128 234.2
3129 234.2
3130 234.2
3131 234.2
3132 234.2
3133 234.2
3134 234.2
3135 235.0
3136 235.0
3137 235.0
3138 235.0
3139 235.0
3140 235.0
3141 235.0
3142 235.0
3143 235.0
3144 235.0
3145 235.0
3146 235.0
3147 235.2
3148 235.2
3149 235.2
3150 235.2
3151 235.2
3152 235.2
3153 235.2
3154 235.4
3155 235.4
3156 235.4
3157 235.4
3158 235.4
3159 235.4
3160 235.4
3161 235.8
3162 235.8
3163 235.8
3164 235.8
3165 235.8
3166 235.8
3167 235.8
3168 235.8
3169 235.8
3170 235.8
3171 235.8
3172 235.8
3173 235.8
3174 235.8
3175 236.0
3176 236.2
3177 236.2
3178 236.2
3179 236.2
3180 236.2
3181 236.2
3182 236.2
3183 236.2
3184 236.2
3185 236.2
3186 236.2
3187 236.2
3188 236.2
3189 236.4
3190 236.4
3191 236.4
3192 236.4
3193 236.6
3194 236.6
3195 236.6
3196 236.6
3197 236.6
3198 236.6
3199 236.6
3200 236.6
3201 236.6
3202 236.6
3203 236.6
3204 236.6
3205 236.6
3206 236.6
3207 236.6
3208 236.6
3209 236.8
3210 236.8
3211 236.8
3212 236.8
3213 236.8
3214 236.8
3215 236.8
3216 237.0
3217 237.0
3218 237.0
3219 237.0
3220 237.0
3221 237.2
3222 237.2
3223 237.2
3224 237.2
3225 237.4
3226 237.4
3227 237.6
3228 237.6
3229 237.6
3230 237.6
3231 237.6
3232 237.8
3233 237.8
3234 237.8
3235 237.8
3236 237.8
3237 237.8
3238 237.8
3239 237.8
3240 237.8
3241 237.8
3242 237.8
3243 237.8
3244 237.8
3245 237.8
3246 237.8
3247 237.8
3248 237.8
3249 237.8
3250 237.8
3251 237.8
3252 237.8
3253 237.8
3254 237.8
3255 237.8
3256 237.8
3257 237.8
3258 237.8
3259 237.8
3260 237.8
3261 238.0
3262 238.0
3263 238.0
3264 238.0
3265 238.0
3266 238.0
3267 238.0
3268 238.0
3269 238.0
3270 238.0
3271 238.0
3272 238.0
3273 238.0
3274 238.0
3275 238.0
3276 238.2
3277 238.2
3278 238.2
3279 238.2
3280 238.2
3281 238.2
3282 238.4
3283 238.4
3284 238.6
3285 238.6
3286 238.6
3287 238.6
3288 238.6
3289 238.6
3290 238.8
3291 238.8
3292 238.8
3293 238.8
3294 238.8
3295 238.8
3296 238.8
3297 238.8
3298 238.8
3299 239.0
3300 239.0
3301 239.0
3302 239.0
3303 239.0
3304 239.0
3305 239.0
3306 239.2
3307 239.2
3308 239.2
3309 239.2
3310 239.2
3311 239.2
3312 239.2
3313 239.2
3314 239.2
3315 239.2
3316 239.2
3317 239.2
3318 239.6
3319 239.6
3320 239.6
3321 239.6
3322 239.6
3323 239.6
3324 239.6
3325 239.6
3326 239.6
3327 239.6
3328 239.6
3329 239.6
3330 239.6
3331 239.6
3332 240.2
3333 240.2
3334 240.2
3335 240.2
3336 240.2
3337 240.4
3338 240.4
3339 240.4
3340 240.4
3341 240.4
3342 241.0
3343 241.0
3344 241.0
3345 241.0
3346 241.0
3347 241.2
3348 241.2
3349 241.2
3350 241.2
3351 241.2
3352 241.2
3353 241.2
3354 241.2
3355 241.2
3356 241.2
3357 241.2
3358 241.6
3359 241.6
3360 241.6
3361 241.6
3362 241.6
3363 241.6
3364 241.6
3365 241.6
3366 241.8
3367 241.8
3368 242.0
3369 242.0
3370 242.0
3371 242.0
3372 242.0
3373 242.0
3374 242.0
3375 242.0
3376 242.0
3377 242.0
3378 242.0
3379 242.0
3380 242.0
3381 242.0
3382 242.0
3383 242.0
3384 242.0
3385 242.0
3386 242.0
3387 242.0
3388 242.0
3389 242.0
3390 242.4
3391 242.6
3392 242.6
3393 242.6
3394 242.6
3395 242.6
3396 242.6
3397 242.6
3398 242.6
3399 242.6
3400 242.6
3401 242.6
3402 242.6
3403 242.6
3404 242.6
3405 242.6
3406 242.6
3407 242.6
3408 242.6
3409 242.6
3410 243.2
3411 243.2
3412 243.2
3413 243.2
3414 243.2
3415 243.2
3416 243.2
3417 243.2
3418 243.8
3419 243.8
3420 243.8
3421 243.8
3422 243.8
3423 243.8
3424 243.8
3425 243.8
3426 243.8
3427 243.8
3428 243.8
3429 243.8
3430 243.8
3431 243.8
3432 243.8
3433 243.8
3434 243.8
3435 243.8
3436 243.8
3437 243.8
3438 243.8
3439 243.8
3440 243.8
3441 243.8
3442 243.8
3443 243.8
3444 243.8
3445 243.8
3446 243.8
3447 243.8
3448 243.8
3449 243.8
3450 243.8
3451 243.8
3452 243.8
3453 244.0
3454 244.0
3455 244.0
3456 244.0
3457 244.0
3458 244.0
3459 244.2
3460 244.2
3461 244.2
3462 244.2
3463 244.2
3464 244.2
3465 244.2
3466 244.2
3467 244.2
3468 244.2
3469 244.2
3470 244.2
3471 244.2
3472 244.2
3473 244.2
3474 244.2
3475 244.2
3476 244.2
3477 244.2
3478 244.2
3479 244.2
3480 244.2
3481 244.2
3482 244.2
3483 244.2
3484 244.2
3485 244.2
3486 244.2
3487 244.2
3488 244.2
3489 244.2
3490 244.2
3491 244.6
3492 244.6
3493 244.6
3494 244.6
3495 244.6
3496 244.6
3497 244.6
3498 244.6
3499 244.6
3500 244.8
3501 244.8
3502 244.8
3503 244.8
3504 244.8
3505 244.8
3506 244.8
3507 244.8
3508 245.0
3509 245.2
3510 245.2
3511 245.2
3512 245.2
3513 245.2
3514 245.2
3515 245.2
3516 245.4
3517 245.4
3518 245.4
3519 245.4
3520 245.4
3521 245.4
3522 245.4
3523 245.4
3524 245.4
3525 245.4
3526 245.6
3527 245.6
3528 245.6
3529 245.6
3530 245.6
3531 245.6
3532 245.6
3533 245.6
3534 245.6
3535 245.6
3536 245.6
3537 246.2
3538 246.2
3539 246.2
3540 246.2
3541 246.2
3542 246.2
3543 246.2
3544 246.2
3545 246.2
3546 246.2
3547 246.2
3548 246.2
3549 246.2
3550 246.2
3551 246.2
3552 246.2
3553 246.2
3554 246.6
3555 246.6
3556 246.6
3557 246.6
3558 246.6
3559 246.6
3560 246.6
3561 246.6
3562 246.8
3563 246.8
3564 246.8
3565 246.8
3566 246.8
3567 246.8
3568 246.8
3569 246.8
3570 246.8
3571 246.8
3572 246.8
3573 246.8
3574 246.8
3575 246.8
3576 246.8
3577 246.8
3578 246.8
3579 246.8
3580 246.8
3581 246.8
3582 246.8
3583 247.2
3584 247.2
3585 247.2
3586 247.2
3587 247.2
3588 247.2
3589 247.2
3590 247.2
3591 247.2
3592 247.2
3593 247.2
3594 247.2
3595 247.2
3596 247.2
3597 247.2
3598 247.2
3599 247.2
3600 247.2
3601 247.2
3602 247.4
3603 247.4
3604 247.8
3605 247.8
3606 247.8
3607 247.8
3608 247.8
3609 248.2
3610 248.2
3611 248.2
3612 248.2
3613 248.2
3614 248.4
3615 248.4
3616 248.4
3617 248.4
3618 248.4
3619 248.4
3620 248.4
3621 248.4
3622 248.4
3623 248.4
3624 248.4
3625 248.4
3626 248.4
3627 248.6
3628 248.6
3629 248.6
3630 248.6
3631 248.8
3632 249.0
3633 249.0
3634 249.0
3635 249.0
3636 249.0
3637 249.0
3638 249.0
3639 249.0
3640 249.0
3641 249.2
3642 249.2
3643 249.2
3644 249.2
3645 249.4
3646 249.4
3647 249.4
3648 249.4
3649 249.4
3650 250.0
3651 250.0
3652 250.0
3653 250.0
3654 250.0
3655 250.0
3656 250.0
3657 250.0
3658 250.0
3659 250.2
3660 250.2
3661 250.2
3662 250.2
3663 250.2
3664 250.2
3665 250.4
3666 250.4
3667 250.4
3668 250.4
3669 250.6
3670 250.6
3671 250.6
3672 250.6
3673 250.8
3674 250.8
3675 250.8
3676 250.8
3677 250.8
3678 250.8
3679 250.8
3680 250.8
3681 250.8
3682 250.8
3683 250.8
3684 250.8
3685 250.8
3686 251.2
3687 251.2
3688 251.2
3689 251.2
3690 251.2
3691 251.2
3692 251.2
3693 251.2
3694 251.2
3695 251.2
3696 251.4
3697 251.4
3698 251.4
3699 251.4
3700 251.4
3701 251.4
3702 251.4
3703 251.4
3704 251.4
3705 251.4
3706 251.4
3707 251.4
3708 251.4
3709 251.4
3710 251.4
3711 251.4
3712 251.4
3713 251.4
3714 251.4
3715 251.4
3716 251.4
3717 251.4
3718 251.4
3719 251.4
3720 251.4
3721 251.4
3722 251.4
3723 251.4
3724 251.4
3725 251.4
3726 251.4
3727 251.4
3728 251.6
3729 251.6
3730 251.6
3731 251.6
3732 251.6
3733 251.6
3734 251.6
3735 251.6
3736 251.6
3737 251.6
3738 251.6
3739 251.6
3740 251.8
3741 251.8
3742 251.8
3743 251.8
3744 251.8
3745 251.8
3746 251.8
3747 251.8
3748 251.8
3749 251.8
3750 251.8
3751 251.8
3752 251.8
3753 251.8
3754 251.8
3755 251.8
3756 251.8
3757 251.8
3758 251.8
3759 251.8
3760 251.8
3761 251.8
3762 251.8
3763 251.8
3764 251.8
3765 251.8
3766 251.8
3767 251.8
3768 251.8
3769 251.8
3770 251.8
3771 251.8
3772 251.8
3773 251.8
3774 251.8
3775 252.0
3776 252.0
3777 252.0
3778 252.0
3779 252.0
3780 252.2
3781 252.2
3782 252.4
3783 252.4
3784 252.4
3785 252.4
3786 252.4
3787 252.6
3788 252.6
3789 252.6
3790 252.6
3791 252.6
3792 252.6
3793 252.6
3794 252.6
3795 252.6
3796 252.6
3797 252.6
3798 252.8
3799 252.8
3800 252.8
3801 252.8
3802 252.8
3803 252.8
3804 252.8
3805 252.8
3806 252.8
3807 252.8
3808 253.0
3809 253.0
3810 253.0
3811 253.0
3812 253.0
3813 253.2
3814 253.2
3815 253.2
3816 253.4
3817 253.4
3818 253.4
3819 253.4
3820 253.4
3821 253.4
3822 253.4
3823 253.4
3824 253.4
3825 253.4
3826 253.4
3827 253.4
3828 253.4
3829 253.4
3830 253.4
3831 253.4
3832 253.4
3833 253.4
3834 253.4
3835 253.4
3836 253.6
3837 253.6
3838 254.6
3839 254.6
3840 254.6
3841 254.6
3842 254.6
3843 255.2
3844 255.2
3845 255.2
3846 255.4
3847 255.4
3848 255.4
3849 255.4
3850 255.4
3851 255.4
3852 255.4
3853 255.4
3854 255.4
3855 255.6
3856 255.6
3857 256.0
3858 256.0
3859 256.0
3860 256.0
3861 256.0
3862 256.0
3863 256.0
3864 256.0
3865 256.2
3866 256.2
3867 256.2
3868 256.2
3869 256.2
3870 256.2
3871 256.2
3872 256.2
3873 256.2
3874 256.2
3875 256.2
3876 256.2
3877 256.2
3878 256.2
3879 256.2
3880 256.2
3881 256.2
3882 256.2
3883 256.2
3884 256.2
3885 256.2
3886 256.2
3887 256.2
3888 256.2
3889 256.2
3890 256.2
3891 256.2
3892 256.2
3893 256.2
3894 256.2
3895 256.6
3896 256.6
3897 256.6
3898 256.6
3899 256.6
3900 256.6
3901 256.6
3902 256.6
3903 256.6
3904 256.6
3905 256.6
3906 256.8
3907 256.8
3908 256.8
3909 256.8
3910 256.8
3911 256.8
3912 256.8
3913 256.8
3914 256.8
3915 256.8
3916 256.8
3917 256.8
3918 256.8
3919 257.8
3920 257.8
3921 257.8
3922 257.8
3923 257.8
3924 257.8
3925 257.8
3926 257.8
3927 257.8
3928 257.8
3929 257.8
3930 257.8
3931 257.8
3932 257.8
3933 257.8
3934 257.8
3935 257.8
3936 257.8
3937 257.8
3938 257.8
3939 257.8
3940 257.8
3941 257.8
3942 257.8
3943 257.8
3944 257.8
3945 258.0
3946 258.0
3947 258.0
3948 258.0
3949 258.0
3950 258.0
3951 258.0
3952 258.0
3953 258.0
3954 258.0
3955 258.0
3956 258.0
3957 258.2
3958 258.2
3959 258.2
3960 258.2
3961 258.4
3962 258.4
3963 258.4
3964 258.4
3965 258.4
3966 258.4
3967 258.4
3968 258.4
3969 258.4
3970 258.4
3971 258.4
3972 258.4
3973 258.4
3974 258.4
3975 258.4
3976 258.8
3977 258.8
3978 258.8
3979 258.8
3980 258.8
3981 258.8
3982 258.8
3983 258.8
3984 258.8
3985 258.8
3986 258.8
3987 258.8
3988 258.8
3989 258.8
3990 258.8
3991 258.8
3992 258.8
3993 259.0
3994 259.2
3995 259.2
3996 259.2
3997 259.2
3998 259.2
3999 259.2
