#iterations fitness
0 0.0
1 1.55
2 2.0
3 2.3
4 2.6
5 2.7
6 2.85
7 3.0
8 3.05
9 3.2
10 3.3
11 3.3
12 3.35
13 3.4
14 3.5
15 3.55
16 3.55
17 3.55
18 3.55
19 3.55
20 3.55
21 3.55
22 3.75
23 3.75
24 3.8
25 3.85
26 3.85
27 3.9
28 3.9
29 3.9
30 3.9
31 3.9
32 3.9
33 3.9
34 3.9
35 3.9
36 3.9
37 4.0
38 4.0
39 4.0
40 4.0
41 4.05
42 4.05
43 4.05
44 4.05
45 4.05
46 4.05
47 4.05
48 4.05
49 4.1
50 4.1
51 4.1
52 4.1
53 4.1
54 4.1
55 4.1
56 4.1
57 4.15
58 4.15
59 4.15
60 4.15
61 4.15
62 4.15
63 4.15
64 4.15
65 4.15
66 4.15
67 4.15
68 4.15
69 4.15
70 4.2
71 4.2
72 4.2
73 4.25
74 4.25
75 4.35
76 4.35
77 4.35
78 4.35
79 4.35
80 4.35
81 4.35
82 4.35
83 4.35
84 4.35
85 4.35
86 4.35
87 4.35
88 4.35
89 4.35
90 4.35
91 4.35
92 4.35
93 4.35
94 4.35
95 4.35
96 4.35
97 4.35
98 4.35
99 4.35
100 4.35
101 4.35
102 4.35
103 4.5
104 4.5
105 4.5
106 4.5
107 4.5
108 4.5
109 4.5
110 4.5
111 4.5
112 4.5
113 4.5
114 4.5
115 4.5
116 4.5
117 4.5
118 4.5
119 4.5
120 4.5
121 4.5
122 4.5
123 4.5
124 4.5
125 4.5
126 4.5
127 4.55
128 4.55
129 4.6
130 4.6
131 4.65
132 4.65
133 4.65
134 4.65
135 4.65
136 4.65
137 4.65
138 4.65
139 4.65
140 4.65
141 4.65
142 4.65
143 4.65
144 4.65
145 4.7
146 4.7
147 4.7
148 4.7
149 4.7
150 4.7
151 4.7
152 4.7
153 4.7
154 4.7
155 4.7
156 4.7
157 4.7
158 4.7
159 4.7
160 4.7
161 4.7
162 4.7
163 4.7
164 4.7
165 4.7
166 4.7
167 4.7
168 4.7
169 4.7
170 4.7
171 4.7
172 4.7
173 4.7
174 4.7
175 4.7
176 4.7
177 4.7
178 4.7
179 4.7
180 4.7
181 4.7
182 4.7
183 4.7
184 4.7
185 4.7
186 4.7
187 4.7
188 4.7
189 4.7
190 4.7
191 4.7
192 4.7
193 4.7
194 4.7
195 4.7
196 4.7
197 4.7
198 4.7
199 4.7
200 4.7
201 4.7
202 4.7
203 4.7
204 4.7
205 4.7
206 4.7
207 4.7
208 4.7
209 4.7
210 4.75
211 4.75
212 4.75
213 4.75
214 4.75
215 4.75
216 4.75
217 4.8
218 4.8
219 4.8
220 4.8
221 4.8
222 4.8
223 4.85
224 4.85
225 4.85
226 4.85
227 4.85
228 4.85
229 4.85
230 4.85
231 4.85
232 4.85
233 4.85
234 4.95
235 4.95
236 4.95
237 4.95
238 4.95
239 4.95
240 4.95
241 4.95
242 4.95
243 4.95
244 4.95
245 4.95
246 4.95
247 4.95
248 4.95
249 4.95
250 4.95
251 4.95
252 4.95
253 4.95
254 4.95
255 4.95
256 4.95
257 4.95
258 4.95
259 4.95
260 4.95
261 4.95
262 4.95
263 4.95
264 4.95
265 4.95
266 4.95
267 4.95
268 5.0
269 5.0
270 5.0
271 5.0
272 5.0
273 5.0
274 5.0
275 5.0
276 5.0
277 5.0
278 5.0
279 5.0
280 5.0
281 5.0
282 5.0
283 5.0
284 5.0
285 5.0
286 5.0
287 5.0
288 5.05
289 5.05
290 5.05
291 5.05
292 5.05
293 5.05
294 5.05
295 5.05
296 5.05
297 5.05
298 5.05
299 5.05
300 5.05
301 5.05
302 5.05
303 5.05
304 5.05
305 5.05
306 5.05
307 5.05
308 5.05
309 5.05
310 5.05
311 5.05
312 5.05
313 5.05
314 5.05
315 5.05
316 5.05
317 5.05
318 5.05
319 5.05
320 5.05
321 5.05
322 5.05
323 5.05
324 5.05
325 5.05
326 5.05
327 5.05
328 5.05
329 5.1
330 5.1
331 5.1
332 5.1
333 5.1
334 5.1
335 5.1
336 5.1
337 5.1
338 5.1
339 5.1
340 5.1
341 5.1
342 5.1
343 5.1
344 5.1
345 5.1
346 5.1
347 5.1
348 5.1
349 5.1
350 5.1
351 5.1
352 5.1
353 5.1
354 5.1
355 5.1
356 5.1
357 5.1
358 5.1
359 5.1
360 5.1
361 5.1
362 5.1
363 5.1
364 5.1
365 5.1
366 5.1
367 5.1
368 5.1
369 5.1
370 5.1
371 5.1
372 5.1
373 5.1
374 5.1
375 5.1
376 5.1
377 5.1
378 5.1
379 5.1
380 5.1
381 5.1
382 5.1
383 5.1
384 5.1
385 5.1
386 5.1
387 5.1
388 5.1
389 5.1
390 5.1
391 5.1
392 5.1
393 5.1
394 5.1
395 5.1
396 5.1
397 5.1
398 5.15
399 5.15
400 5.15
401 5.15
402 5.15
403 5.15
404 5.15
405 5.15
406 5.15
407 5.15
408 5.15
409 5.15
410 5.15
411 5.15
412 5.15
413 5.15
414 5.15
415 5.15
416 5.15
417 5.15
418 5.15
419 5.15
420 5.15
421 5.15
422 5.15
423 5.15
424 5.15
425 5.15
426 5.15
427 5.15
428 5.15
429 5.2
430 5.2
431 5.2
432 5.2
433 5.2
434 5.2
435 5.2
436 5.2
437 5.25
438 5.25
439 5.25
440 5.25
441 5.25
442 5.25
443 5.25
444 5.25
445 5.25
446 5.25
447 5.25
448 5.25
449 5.25
450 5.25
451 5.25
452 5.25
453 5.25
454 5.25
455 5.25
456 5.25
457 5.25
458 5.25
459 5.25
460 5.25
461 5.25
462 5.25
463 5.25
464 5.25
465 5.25
466 5.25
467 5.25
468 5.25
469 5.25
470 5.25
471 5.25
472 5.25
473 5.25
474 5.25
475 5.25
476 5.25
477 5.25
478 5.25
479 5.25
480 5.25
481 5.25
482 5.25
483 5.25
484 5.25
485 5.25
486 5.25
487 5.25
488 5.25
489 5.25
490 5.25
491 5.25
492 5.25
493 5.25
494 5.25
495 5.3
496 5.3
497 5.3
498 5.3
499 5.3
500 5.3
501 5.3
502 5.3
503 5.3
504 5.3
505 5.3
506 5.3
507 5.3
508 5.3
509 5.3
510 5.3
511 5.3
512 5.3
513 5.3
514 5.3
515 5.3
516 5.3
517 5.3
518 5.3
519 5.3
520 5.3
521 5.3
522 5.3
523 5.3
524 5.3
525 5.3
526 5.3
527 5.3
528 5.3
529 5.3
530 5.35
531 5.35
532 5.35
533 5.35
534 5.35
535 5.35
536 5.35
537 5.35
538 5.35
539 5.35
540 5.35
541 5.35
542 5.35
543 5.35
544 5.35
545 5.35
546 5.35
547 5.35
548 5.35
549 5.35
550 5.35
551 5.35
552 5.35
553 5.35
554 5.35
555 5.35
556 5.35
557 5.35
558 5.35
559 5.35
560 5.35
561 5.35
562 5.35
563 5.35
564 5.35
565 5.35
566 5.35
567 5.35
568 5.35
569 5.35
570 5.35
571 5.35
572 5.35
573 5.35
574 5.35
575 5.35
576 5.35
577 5.35
578 5.35
579 5.35
580 5.35
581 5.35
582 5.35
583 5.35
584 5.35
585 5.35
586 5.35
587 5.35
588 5.35
589 5.35
590 5.35
591 5.35
592 5.35
593 5.35
594 5.35
595 5.35
596 5.35
597 5.35
598 5.35
599 5.35
600 5.35
601 5.35
602 5.35
603 5.35
604 5.35
605 5.35
606 5.35
607 5.35
608 5.35
609 5.35
610 5.35
611 5.35
612 5.35
613 5.35
614 5.35
615 5.35
616 5.35
617 5.35
618 5.35
619 5.35
620 5.35
621 5.35
622 5.35
623 5.35
624 5.35
625 5.35
626 5.35
627 5.35
628 5.35
629 5.35
630 5.35
631 5.35
632 5.35
633 5.35
634 5.4
635 5.4
636 5.4
637 5.4
638 5.4
639 5.4
640 5.4
641 5.4
642 5.4
643 5.4
644 5.4
645 5.4
646 5.4
647 5.4
648 5.4
649 5.5
650 5.5
651 5.5
652 5.5
653 5.5
654 5.5
655 5.5
656 5.5
657 5.5
658 5.5
659 5.5
660 5.5
661 5.5
662 5.5
663 5.5
664 5.5
665 5.5
666 5.5
667 5.5
668 5.5
669 5.5
670 5.5
671 5.5
672 5.5
673 5.5
674 5.5
675 5.5
676 5.5
677 5.5
678 5.5
679 5.5
680 5.5
681 5.5
682 5.5
683 5.5
684 5.5
685 5.5
686 5.5
687 5.5
688 5.5
689 5.5
690 5.5
691 5.5
692 5.5
693 5.5
694 5.5
695 5.5
696 5.5
697 5.5
698 5.5
699 5.5
700 5.5
701 5.5
702 5.5
703 5.5
704 5.5
705 5.5
706 5.5
707 5.5
708 5.5
709 5.5
710 5.5
711 5.5
712 5.55
713 5.55
714 5.55
715 5.55
716 5.55
717 5.55
718 5.55
719 5.55
720 5.55
721 5.55
722 5.55
723 5.55
724 5.55
725 5.55
726 5.55
727 5.55
728 5.55
729 5.55
730 5.55
731 5.55
732 5.55
733 5.55
734 5.55
735 5.55
736 5.55
737 5.55
738 5.55
739 5.55
740 5.55
741 5.55
742 5.55
743 5.55
744 5.55
745 5.55
746 5.55
747 5.55
748 5.55
749 5.55
750 5.55
751 5.55
752 5.55
753 5.55
754 5.55
755 5.55
756 5.55
757 5.55
758 5.55
759 5.55
760 5.55
761 5.55
762 5.55
763 5.55
764 5.55
765 5.55
766 5.55
767 5.55
768 5.55
769 5.55
770 5.55
771 5.6
772 5.6
773 5.6
774 5.6
775 5.6
776 5.6
777 5.6
778 5.6
779 5.6
780 5.6
781 5.6
782 5.6
783 5.6
784 5.6
785 5.6
786 5.6
787 5.6
788 5.6
789 5.6
790 5.6
791 5.6
792 5.6
793 5.6
794 5.6
795 5.6
796 5.6
797 5.6
798 5.6
799 5.6
800 5.6
801 5.6
802 5.6
803 5.6
804 5.6
805 5.6
806 5.6
807 5.6
808 5.6
809 5.6
810 5.6
811 5.6
812 5.6
813 5.6
814 5.6
815 5.6
816 5.6
817 5.6
818 5.6
819 5.6
820 5.6
821 5.6
822 5.6
823 5.6
824 5.6
825 5.6
826 5.6
827 5.6
828 5.6
829 5.6
830 5.6
831 5.6
832 5.6
833 5.6
834 5.6
835 5.6
836 5.6
837 5.6
838 5.6
839 5.6
840 5.6
841 5.6
842 5.6
843 5.6
844 5.6
845 5.6
846 5.6
847 5.6
848 5.6
849 5.6
850 5.6
851 5.6
852 5.6
853 5.6
854 5.6
855 5.6
856 5.6
857 5.6
858 5.65
859 5.65
860 5.65
861 5.65
862 5.65
863 5.65
864 5.65
865 5.65
866 5.65
867 5.65
868 5.65
869 5.65
870 5.65
871 5.65
872 5.65
873 5.65
874 5.65
875 5.65
876 5.65
877 5.65
878 5.65
879 5.65
880 5.65
881 5.65
882 5.65
883 5.65
884 5.65
885 5.65
886 5.65
887 5.65
888 5.65
889 5.65
890 5.65
891 5.65
892 5.65
893 5.65
894 5.65
895 5.65
896 5.65
897 5.65
898 5.65
899 5.65
900 5.65
901 5.65
902 5.65
903 5.65
904 5.65
905 5.65
906 5.65
907 5.65
908 5.65
909 5.65
910 5.65
911 5.65
912 5.65
913 5.65
914 5.65
915 5.65
916 5.65
917 5.65
918 5.65
919 5.65
920 5.65
921 5.65
922 5.65
923 5.65
924 5.65
925 5.65
926 5.65
927 5.65
928 5.65
929 5.65
930 5.65
931 5.65
932 5.65
933 5.65
934 5.65
935 5.65
936 5.65
937 5.65
938 5.65
939 5.65
940 5.65
941 5.65
942 5.65
943 5.65
944 5.65
945 5.65
946 5.65
947 5.65
948 5.65
949 5.65
950 5.65
951 5.65
952 5.65
953 5.65
954 5.65
955 5.65
956 5.65
957 5.65
958 5.65
959 5.65
960 5.65
961 5.65
962 5.65
963 5.65
964 5.65
965 5.65
966 5.65
967 5.65
968 5.65
969 5.65
970 5.65
971 5.65
972 5.65
973 5.65
974 5.65
975 5.65
976 5.65
977 5.65
978 5.65
979 5.65
980 5.65
981 5.65
982 5.65
983 5.65
984 5.65
985 5.65
986 5.65
987 5.65
988 5.65
989 5.65
990 5.65
991 5.65
992 5.65
993 5.65
994 5.65
995 5.65
996 5.65
997 5.65
998 5.65
999 5.65
1000 5.65
1001 5.65
1002 5.65
1003 5.65
1004 5.65
1005 5.65
1006 5.65
1007 5.65
1008 5.65
1009 5.65
1010 5.65
1011 5.65
1012 5.65
1013 5.65
1014 5.65
1015 5.65
1016 5.65
1017 5.65
1018 5.65
1019 5.65
1020 5.65
1021 5.65
1022 5.65
1023 5.65
1024 5.65
1025 5.65
1026 5.65
1027 5.65
1028 5.65
1029 5.65
1030 5.65
1031 5.65
1032 5.65
1033 5.65
1034 5.65
1035 5.65
1036 5.65
1037 5.65
1038 5.65
1039 5.65
1040 5.65
1041 5.65
1042 5.65
1043 5.65
1044 5.65
1045 5.65
1046 5.65
1047 5.65
1048 5.65
1049 5.65
1050 5.65
1051 5.7
1052 5.7
1053 5.7
1054 5.7
1055 5.7
1056 5.7
1057 5.7
1058 5.7
1059 5.7
1060 5.7
1061 5.7
1062 5.7
1063 5.7
1064 5.7
1065 5.7
1066 5.7
1067 5.7
1068 5.7
1069 5.7
1070 5.7
1071 5.7
1072 5.7
1073 5.7
1074 5.7
1075 5.75
1076 5.75
1077 5.75
1078 5.75
1079 5.75
1080 5.75
1081 5.75
1082 5.75
1083 5.75
1084 5.75
1085 5.75
1086 5.75
1087 5.75
1088 5.75
1089 5.75
1090 5.75
1091 5.75
1092 5.75
1093 5.75
1094 5.75
1095 5.75
1096 5.75
1097 5.75
1098 5.75
1099 5.75
1100 5.75
1101 5.75
1102 5.75
1103 5.75
1104 5.75
1105 5.75
1106 5.8
1107 5.8
1108 5.8
1109 5.8
1110 5.8
1111 5.8
1112 5.8
1113 5.8
1114 5.8
1115 5.8
1116 5.8
1117 5.8
1118 5.8
1119 5.8
1120 5.8
1121 5.8
1122 5.8
1123 5.8
1124 5.8
1125 5.8
1126 5.8
1127 5.8
1128 5.8
1129 5.8
1130 5.8
1131 5.8
1132 5.8
1133 5.8
1134 5.8
1135 5.8
1136 5.8
1137 5.8
1138 5.8
1139 5.8
1140 5.8
1141 5.8
1142 5.8
1143 5.8
1144 5.8
1145 5.8
1146 5.8
1147 5.8
1148 5.8
1149 5.8
1150 5.8
1151 5.8
1152 5.8
1153 5.8
1154 5.8
1155 5.8
1156 5.8
1157 5.8
1158 5.8
1159 5.8
1160 5.8
1161 5.8
1162 5.8
1163 5.8
1164 5.8
1165 5.8
1166 5.8
1167 5.8
1168 5.8
1169 5.8
1170 5.8
1171 5.8
1172 5.8
1173 5.8
1174 5.8
1175 5.8
1176 5.8
1177 5.8
1178 5.8
1179 5.8
1180 5.8
1181 5.8
1182 5.8
1183 5.8
1184 5.8
1185 5.8
1186 5.8
1187 5.8
1188 5.8
1189 5.8
1190 5.8
1191 5.8
1192 5.8
1193 5.8
1194 5.8
1195 5.8
1196 5.8
1197 5.8
1198 5.8
1199 5.8
1200 5.8
1201 5.8
1202 5.8
1203 5.8
1204 5.8
1205 5.8
1206 5.8
1207 5.8
1208 5.8
1209 5.8
1210 5.8
1211 5.8
1212 5.8
1213 5.8
1214 5.8
1215 5.8
1216 5.8
1217 5.8
1218 5.8
1219 5.8
1220 5.8
1221 5.8
1222 5.8
1223 5.8
1224 5.8
1225 5.8
1226 5.8
1227 5.8
1228 5.8
1229 5.8
1230 5.8
1231 5.8
1232 5.8
1233 5.8
1234 5.8
1235 5.8
1236 5.8
1237 5.8
1238 5.8
1239 5.8
1240 5.8
1241 5.8
1242 5.8
1243 5.8
1244 5.8
1245 5.85
1246 5.85
1247 5.85
1248 5.85
1249 5.85
1250 5.85
1251 5.85
1252 5.85
1253 5.85
1254 5.85
1255 5.85
1256 5.85
1257 5.85
1258 5.85
1259 5.85
1260 5.85
1261 5.85
1262 5.9
1263 5.9
1264 5.9
1265 5.9
1266 5.9
1267 5.9
1268 5.9
1269 5.9
1270 5.9
1271 5.9
1272 5.9
1273 5.9
1274 5.9
1275 5.9
1276 5.9
1277 5.9
1278 5.9
1279 5.9
1280 5.9
1281 5.9
1282 5.9
1283 5.9
1284 5.9
1285 5.9
1286 5.9
1287 5.9
1288 5.9
1289 5.9
1290 5.9
1291 5.9
1292 5.9
1293 5.9
1294 5.9
1295 5.9
1296 5.9
1297 5.9
1298 5.9
1299 5.9
1300 5.9
1301 5.9
1302 5.9
1303 5.9
1304 5.9
1305 5.9
1306 5.9
1307 5.9
1308 5.9
1309 5.9
1310 5.9
1311 5.9
1312 5.9
1313 5.9
1314 5.9
1315 5.9
1316 5.9
1317 5.9
1318 5.9
1319 5.9
1320 5.9
1321 5.9
1322 5.9
1323 5.9
1324 5.9
1325 5.9
1326 5.9
1327 5.9
1328 5.9
1329 5.9
1330 5.9
1331 5.9
1332 5.9
1333 5.9
1334 5.9
1335 5.9
1336 5.9
1337 5.9
1338 5.9
1339 5.9
1340 5.9
1341 5.9
1342 5.9
1343 5.9
1344 5.9
1345 5.9
1346 5.9
1347 5.9
1348 5.9
1349 5.9
1350 5.9
1351 5.9
1352 5.9
1353 5.9
1354 5.9
1355 5.9
1356 5.9
1357 5.9
1358 5.9
1359 5.9
1360 5.9
1361 5.9
1362 5.9
1363 5.9
1364 5.9
1365 5.9
1366 5.9
1367 5.9
1368 5.9
1369 5.9
1370 5.9
1371 5.9
1372 5.9
1373 5.9
1374 5.9
1375 5.9
1376 5.9
1377 5.9
1378 5.9
1379 5.9
1380 5.9
1381 5.9
1382 5.9
1383 5.9
1384 5.9
1385 5.9
1386 5.9
1387 5.9
1388 5.9
1389 5.9
1390 5.9
1391 5.9
1392 5.9
1393 5.9
1394 5.9
1395 5.9
1396 5.9
1397 5.9
1398 5.9
1399 5.9
1400 5.9
1401 5.9
1402 5.9
1403 5.9
1404 5.9
1405 5.9
1406 5.9
1407 5.9
1408 5.9
1409 5.9
1410 5.9
1411 5.9
1412 5.9
1413 5.9
1414 5.9
1415 5.9
1416 5.9
1417 5.9
1418 5.9
1419 5.9
1420 5.9
1421 5.9
1422 5.9
1423 5.9
1424 5.9
1425 5.9
1426 5.9
1427 5.9
1428 5.9
1429 5.9
1430 5.9
1431 5.9
1432 5.9
1433 5.9
1434 5.9
1435 5.9
1436 5.9
1437 5.9
1438 5.9
1439 5.9
1440 5.9
1441 5.9
1442 5.9
1443 5.9
1444 5.9
1445 5.9
1446 5.9
1447 5.9
1448 5.9
1449 5.9
1450 5.9
1451 5.9
1452 5.9
1453 5.9
1454 5.9
1455 5.9
1456 5.9
1457 5.9
1458 5.9
1459 5.9
1460 5.9
1461 5.9
1462 5.9
1463 5.9
1464 5.9
1465 5.9
1466 5.9
1467 5.9
1468 5.9
1469 5.9
1470 5.9
1471 5.9
1472 5.9
1473 5.9
1474 5.9
1475 5.9
1476 5.9
1477 5.9
1478 5.9
1479 5.9
1480 5.9
1481 5.9
1482 5.9
1483 5.9
1484 5.9
1485 5.9
1486 5.9
1487 5.9
1488 5.9
1489 5.9
1490 5.9
1491 5.9
1492 5.9
1493 5.9
1494 5.9
1495 5.9
1496 5.9
1497 5.9
1498 5.9
1499 5.9
1500 5.9
1501 5.9
1502 5.9
1503 5.9
1504 5.9
1505 5.9
1506 5.9
1507 5.9
1508 5.9
1509 5.9
1510 5.9
1511 5.9
1512 5.9
1513 5.9
1514 5.9
1515 5.9
1516 5.9
1517 5.9
1518 5.9
1519 5.9
1520 5.9
1521 5.9
1522 5.9
1523 5.9
1524 5.9
1525 5.9
1526 5.9
1527 5.9
1528 5.9
1529 5.9
1530 5.9
1531 5.9
1532 5.9
1533 5.9
1534 5.9
1535 5.9
1536 5.9
1537 5.9
1538 5.9
1539 5.9
1540 5.9
1541 5.9
1542 5.9
1543 5.9
1544 5.9
1545 5.9
1546 5.9
1547 5.9
1548 5.9
1549 5.9
1550 5.9
1551 5.9
1552 5.9
1553 5.9
1554 5.9
1555 5.9
1556 5.9
1557 5.9
1558 5.9
1559 5.9
1560 5.9
1561 5.9
1562 5.9
1563 5.9
1564 5.9
1565 5.9
1566 5.9
1567 5.9
1568 5.9
1569 5.9
1570 5.9
1571 5.9
1572 5.9
1573 5.9
1574 5.9
1575 5.9
1576 5.9
1577 5.9
1578 5.9
1579 5.9
1580 5.9
1581 5.9
1582 5.9
1583 5.9
1584 5.9
1585 5.9
1586 5.9
1587 5.9
1588 5.9
1589 5.9
1590 5.9
1591 5.9
1592 5.9
1593 5.9
1594 5.9
1595 5.9
1596 5.9
1597 5.9
1598 5.9
1599 5.9
1600 5.9
1601 5.9
1602 5.9
1603 5.9
1604 5.9
1605 5.9
1606 5.9
1607 5.9
1608 5.9
1609 5.9
1610 5.9
1611 5.9
1612 5.9
1613 5.9
1614 5.9
1615 5.9
1616 5.9
1617 5.9
1618 5.9
1619 5.9
1620 5.9
1621 5.9
1622 5.9
1623 5.9
1624 5.9
1625 5.9
1626 5.9
1627 5.9
1628 5.9
1629 5.9
1630 5.9
1631 5.9
1632 5.9
1633 5.9
1634 5.9
1635 5.9
1636 5.9
1637 5.9
1638 5.9
1639 5.9
1640 5.9
1641 5.9
1642 5.9
1643 5.9
1644 5.9
1645 5.9
1646 5.9
1647 5.9
1648 5.9
1649 5.9
1650 5.9
1651 5.9
1652 5.9
1653 5.9
1654 5.9
1655 5.9
1656 5.9
1657 5.9
1658 5.9
1659 5.9
1660 5.9
1661 5.9
1662 5.9
1663 5.9
1664 5.9
1665 5.9
1666 5.9
1667 5.9
1668 5.9
1669 5.9
1670 5.9
1671 5.9
1672 5.95
1673 5.95
1674 5.95
1675 5.95
1676 5.95
1677 5.95
1678 5.95
1679 5.95
1680 5.95
1681 5.95
1682 5.95
1683 5.95
1684 5.95
1685 5.95
1686 5.95
1687 5.95
1688 5.95
1689 5.95
1690 5.95
1691 5.95
1692 5.95
1693 5.95
1694 5.95
1695 5.95
1696 5.95
1697 5.95
1698 5.95
1699 5.95
1700 5.95
1701 5.95
1702 5.95
1703 5.95
1704 5.95
1705 5.95
1706 5.95
1707 5.95
1708 5.95
1709 5.95
1710 5.95
1711 5.95
1712 5.95
1713 5.95
1714 5.95
1715 5.95
1716 5.95
1717 5.95
1718 5.95
1719 5.95
1720 5.95
1721 5.95
1722 5.95
1723 5.95
1724 5.95
1725 5.95
1726 5.95
1727 5.95
1728 5.95
1729 5.95
1730 5.95
1731 5.95
1732 5.95
1733 5.95
1734 5.95
1735 5.95
1736 5.95
1737 5.95
1738 5.95
1739 5.95
1740 5.95
1741 5.95
1742 5.95
1743 5.95
1744 5.95
1745 5.95
1746 5.95
1747 5.95
1748 5.95
1749 5.95
1750 5.95
1751 5.95
1752 5.95
1753 5.95
1754 5.95
1755 5.95
1756 5.95
1757 5.95
1758 5.95
1759 5.95
1760 5.95
1761 5.95
1762 5.95
1763 5.95
1764 5.95
1765 5.95
1766 5.95
1767 5.95
1768 5.95
1769 5.95
1770 5.95
1771 5.95
1772 5.95
1773 5.95
1774 5.95
1775 5.95
1776 5.95
1777 5.95
1778 5.95
1779 5.95
1780 5.95
1781 5.95
1782 5.95
1783 5.95
1784 5.95
1785 5.95
1786 5.95
1787 5.95
1788 5.95
1789 5.95
1790 5.95
1791 5.95
1792 5.95
1793 5.95
1794 5.95
1795 5.95
1796 5.95
1797 5.95
1798 5.95
1799 5.95
1800 5.95
1801 5.95
1802 5.95
1803 5.95
1804 5.95
1805 5.95
1806 5.95
1807 5.95
1808 5.95
1809 5.95
1810 5.95
1811 5.95
1812 5.95
1813 5.95
1814 5.95
1815 5.95
1816 5.95
1817 5.95
1818 5.95
1819 5.95
1820 5.95
1821 5.95
1822 5.95
1823 5.95
1824 5.95
1825 5.95
1826 5.95
1827 5.95
1828 5.95
1829 5.95
1830 5.95
1831 5.95
1832 5.95
1833 5.95
1834 5.95
1835 5.95
1836 5.95
1837 5.95
1838 5.95
1839 5.95
1840 5.95
1841 5.95
1842 5.95
1843 5.95
1844 5.95
1845 5.95
1846 5.95
1847 5.95
1848 5.95
1849 5.95
1850 5.95
1851 5.95
1852 5.95
1853 5.95
1854 5.95
1855 5.95
1856 5.95
1857 5.95
1858 5.95
1859 5.95
1860 5.95
1861 5.95
1862 5.95
1863 5.95
1864 5.95
1865 5.95
1866 5.95
1867 5.95
1868 5.95
1869 5.95
1870 5.95
1871 5.95
1872 5.95
1873 5.95
1874 5.95
1875 5.95
1876 5.95
1877 5.95
1878 5.95
1879 5.95
1880 5.95
1881 5.95
1882 5.95
1883 5.95
1884 5.95
1885 5.95
1886 5.95
1887 5.95
1888 5.95
1889 5.95
1890 5.95
1891 5.95
1892 5.95
1893 5.95
1894 5.95
1895 5.95
1896 5.95
1897 5.95
1898 5.95
1899 5.95
1900 5.95
1901 5.95
1902 5.95
1903 5.95
1904 5.95
1905 5.95
1906 5.95
1907 5.95
1908 5.95
1909 5.95
1910 5.95
1911 5.95
1912 5.95
1913 5.95
1914 5.95
1915 5.95
1916 5.95
1917 5.95
1918 5.95
1919 5.95
1920 5.95
1921 5.95
1922 5.95
1923 5.95
1924 5.95
1925 5.95
1926 5.95
1927 5.95
1928 5.95
1929 5.95
1930 5.95
1931 5.95
1932 5.95
1933 5.95
1934 5.95
1935 5.95
1936 5.95
1937 5.95
1938 5.95
1939 5.95
1940 5.95
1941 5.95
1942 5.95
1943 5.95
1944 5.95
1945 5.95
1946 5.95
1947 5.95
1948 5.95
1949 5.95
1950 5.95
1951 5.95
1952 5.95
1953 5.95
1954 5.95
1955 5.95
1956 5.95
1957 5.95
1958 5.95
1959 5.95
1960 5.95
1961 5.95
1962 5.95
1963 5.95
1964 5.95
1965 5.95
1966 5.95
1967 5.95
1968 5.95
1969 5.95
1970 5.95
1971 5.95
1972 5.95
1973 5.95
1974 5.95
1975 5.95
1976 5.95
1977 5.95
1978 5.95
1979 5.95
1980 5.95
1981 5.95
1982 5.95
1983 5.95
1984 5.95
1985 5.95
1986 5.95
1987 5.95
1988 5.95
1989 5.95
1990 5.95
1991 5.95
1992 5.95
1993 5.95
1994 5.95
1995 5.95
1996 5.95
1997 5.95
1998 5.95
1999 5.95
