#iterations fitness
0 0.0
1 3.0
2 3.0
3 4.2
4 4.2
5 4.2
6 4.2
7 5.4
8 5.4
9 6.6
10 6.6
11 6.6
12 7.2
13 7.2
14 7.2
15 7.2
16 7.2
17 7.2
18 7.2
19 7.2
20 7.2
21 7.2
22 8.4
23 9.6
24 9.6
25 10.2
26 10.8
27 10.8
28 10.8
29 10.8
30 10.8
31 10.8
32 10.8
33 10.8
34 10.8
35 11.4
36 11.4
37 11.4
38 11.4
39 11.4
40 11.8
41 11.8
42 12.4
43 12.4
44 12.6
45 12.6
46 12.6
47 12.6
48 12.6
49 12.6
50 12.6
51 12.6
52 13.2
53 13.2
54 13.2
55 13.8
56 13.8
57 13.8
58 14.4
59 15.0
60 15.0
61 15.0
62 15.0
63 15.0
64 15.0
65 15.0
66 15.0
67 15.0
68 15.0
69 15.0
70 15.0
71 15.0
72 15.0
73 15.0
74 15.0
75 15.0
76 15.0
77 15.8
78 15.8
79 16.4
80 16.4
81 16.4
82 17.0
83 17.0
84 17.0
85 17.0
86 17.0
87 17.2
88 17.6
89 17.6
90 17.8
91 17.8
92 18.8
93 18.8
94 18.8
95 18.8
96 18.8
97 18.8
98 18.8
99 18.8
100 18.8
101 18.8
102 18.8
103 18.8
104 18.8
105 18.8
106 18.8
107 18.8
108 19.4
109 19.4
110 20.0
111 20.6
112 21.2
113 21.2
114 21.2
115 21.2
116 21.8
117 21.8
118 21.8
119 21.8
120 21.8
121 21.8
122 22.6
123 22.6
124 23.2
125 23.8
126 24.4
127 24.4
128 24.4
129 24.4
130 24.4
131 24.4
132 24.4
133 24.4
134 24.4
135 24.8
136 25.4
137 25.4
138 25.4
139 25.4
140 25.4
141 25.4
142 25.4
143 26.0
144 26.8
145 26.8
146 26.8
147 26.8
148 26.8
149 26.8
150 27.0
151 27.0
152 27.4
153 27.4
154 27.4
155 27.4
156 27.4
157 27.4
158 28.0
159 28.0
160 28.0
161 28.0
162 28.0
163 28.8
164 28.8
165 28.8
166 28.8
167 28.8
168 28.8
169 29.4
170 29.4
171 29.4
172 29.8
173 29.8
174 29.8
175 29.8
176 29.8
177 29.8
178 30.0
179 30.6
180 30.6
181 30.6
182 30.6
183 30.8
184 30.8
185 30.8
186 31.8
187 31.8
188 32.2
189 32.2
190 32.2
191 32.2
192 32.2
193 32.2
194 32.8
195 32.8
196 32.8
197 32.8
198 32.8
199 32.8
200 32.8
201 33.0
202 33.0
203 33.0
204 33.0
205 33.0
206 33.0
207 33.0
208 33.0
209 33.4
210 33.6
211 33.6
212 33.6
213 33.6
214 33.6
215 33.6
216 33.6
217 33.6
218 33.6
219 34.2
220 34.2
221 35.0
222 35.0
223 35.0
224 35.0
225 35.0
226 35.6
227 35.6
228 36.2
229 36.2
230 36.8
231 36.8
232 36.8
233 36.8
234 36.8
235 36.8
236 37.4
237 37.8
238 37.8
239 37.8
240 37.8
241 37.8
242 37.8
243 37.8
244 38.2
245 38.2
246 38.6
247 38.6
248 39.0
249 39.0
250 39.0
251 39.0
252 39.0
253 39.6
254 39.6
255 39.6
256 39.6
257 39.6
258 39.6
259 39.6
260 39.6
261 39.8
262 39.8
263 40.2
264 40.2
265 40.8
266 40.8
267 40.8
268 40.8
269 40.8
270 40.8
271 40.8
272 41.4
273 41.4
274 42.0
275 42.6
276 42.6
277 43.2
278 43.2
279 43.2
280 43.2
281 43.2
282 43.2
283 43.2
284 43.8
285 43.8
286 43.8
287 43.8
288 43.8
289 43.8
290 43.8
291 43.8
292 44.0
293 44.0
294 44.0
295 44.6
296 44.6
297 44.6
298 44.6
299 44.6
300 44.6
301 44.6
302 44.6
303 44.6
304 44.6
305 44.6
306 45.2
307 45.2
308 45.4
309 45.6
310 45.8
311 45.8
312 45.8
313 45.8
314 45.8
315 45.8
316 46.4
317 47.0
318 47.0
319 47.0
320 47.0
321 47.0
322 47.0
323 47.0
324 47.0
325 47.0
326 47.2
327 47.2
328 47.2
329 47.2
330 47.2
331 47.4
332 47.6
333 47.6
334 47.6
335 47.6
336 47.6
337 47.6
338 47.6
339 47.6
340 47.6
341 48.0
342 48.0
343 48.0
344 48.0
345 48.4
346 48.4
347 48.4
348 48.6
349 49.4
350 49.4
351 49.8
352 49.8
353 49.8
354 49.8
355 49.8
356 49.8
357 49.8
358 49.8
359 49.8
360 50.4
361 50.8
362 50.8
363 50.8
364 50.8
365 51.2
366 51.2
367 51.2
368 51.2
369 51.4
370 51.4
371 52.0
372 52.0
373 52.0
374 52.0
375 52.0
376 52.0
377 52.2
378 52.2
379 52.2
380 52.4
381 52.4
382 52.4
383 52.6
384 52.6
385 52.6
386 52.6
387 53.0
388 53.2
389 53.6
390 53.6
391 53.6
392 54.0
393 54.0
394 54.0
395 54.6
396 54.6
397 54.6
398 54.8
399 54.8
400 54.8
401 54.8
402 54.8
403 54.8
404 54.8
405 54.8
406 54.8
407 54.8
408 54.8
409 54.8
410 54.8
411 55.2
412 55.2
413 55.6
414 55.8
415 55.8
416 55.8
417 56.2
418 56.6
419 56.6
420 57.0
421 57.0
422 57.6
423 57.6
424 57.6
425 58.2
426 58.2
427 58.2
428 58.2
429 58.2
430 58.2
431 58.2
432 58.2
433 58.2
434 58.2
435 58.2
436 58.2
437 58.2
438 58.8
439 58.8
440 59.0
441 59.4
442 59.4
443 59.4
444 59.4
445 59.4
446 59.4
447 59.6
448 60.0
449 60.4
450 60.4
451 60.4
452 60.4
453 61.4
454 61.8
455 61.8
456 61.8
457 61.8
458 61.8
459 61.8
460 62.2
461 62.2
462 62.8
463 62.8
464 62.8
465 62.8
466 62.8
467 62.8
468 62.8
469 62.8
470 62.8
471 62.8
472 62.8
473 63.4
474 63.4
475 63.4
476 63.4
477 63.6
478 63.6
479 63.6
480 63.6
481 63.8
482 64.0
483 64.0
484 64.0
485 64.2
486 64.6
487 64.8
488 64.8
489 64.8
490 64.8
491 64.8
492 64.8
493 64.8
494 65.0
495 65.0
496 65.0
497 65.2
498 65.2
499 65.2
500 65.6
501 65.6
502 65.8
503 65.8
504 66.4
505 66.4
506 66.6
507 67.0
508 67.0
509 67.0
510 67.0
511 67.0
512 67.0
513 67.0
514 67.0
515 67.0
516 67.0
517 67.0
518 67.0
519 67.8
520 68.0
521 68.0
522 68.0
523 68.2
524 68.4
525 68.4
526 68.4
527 69.0
528 69.2
529 69.8
530 69.8
531 69.8
532 69.8
533 70.0
534 70.0
535 70.0
536 70.0
537 70.0
538 70.0
539 70.0
540 70.0
541 70.0
542 70.0
543 70.6
544 71.2
545 71.6
546 71.6
547 71.6
548 71.6
549 72.2
550 72.2
551 72.2
552 72.2
553 72.2
554 72.6
555 72.6
556 72.6
557 72.6
558 72.6
559 72.6
560 72.6
561 72.6
562 72.6
563 72.6
564 72.6
565 72.6
566 72.6
567 72.8
568 73.0
569 73.0
570 73.0
571 73.0
572 73.0
573 73.0
574 73.0
575 73.2
576 73.4
577 73.4
578 73.4
579 73.4
580 74.0
581 74.0
582 74.2
583 74.2
584 74.8
585 75.4
586 75.4
587 75.4
588 76.6
589 76.6
590 76.6
591 76.6
592 76.6
593 76.6
594 76.6
595 76.6
596 76.6
597 76.6
598 76.6
599 76.8
600 76.8
601 77.4
602 77.4
603 77.4
604 77.4
605 77.4
606 77.8
607 77.8
608 77.8
609 77.8
610 77.8
611 77.8
612 77.8
613 77.8
614 78.4
615 78.4
616 78.4
617 78.4
618 78.4
619 78.4
620 78.4
621 78.6
622 78.6
623 78.8
624 78.8
625 78.8
626 78.8
627 78.8
628 78.8
629 79.2
630 80.0
631 80.0
632 80.0
633 80.0
634 80.0
635 80.0
636 80.0
637 80.2
638 80.8
639 80.8
640 80.8
641 80.8
642 81.4
643 81.6
644 81.8
645 81.8
646 81.8
647 81.8
648 81.8
649 81.8
650 81.8
651 81.8
652 82.0
653 82.2
654 82.2
655 82.2
656 82.2
657 82.2
658 82.2
659 82.2
660 82.2
661 82.2
662 82.4
663 82.4
664 82.6
665 82.6
666 82.8
667 82.8
668 83.0
669 83.0
670 83.2
671 83.8
672 83.8
673 83.8
674 83.8
675 83.8
676 83.8
677 84.2
678 84.2
679 84.2
680 84.2
681 84.2
682 84.2
683 84.2
684 84.2
685 84.6
686 84.6
687 84.6
688 84.8
689 85.2
690 85.2
691 85.2
692 85.8
693 86.4
694 86.4
695 86.4
696 86.4
697 86.8
698 86.8
699 87.2
700 87.4
701 87.4
702 87.4
703 87.4
704 87.4
705 87.4
706 87.4
707 87.4
708 87.4
709 87.6
710 87.6
711 87.6
712 88.0
713 88.0
714 88.4
715 88.4
716 88.4
717 88.4
718 88.6
719 88.6
720 88.6
721 88.8
722 88.8
723 88.8
724 88.8
725 88.8
726 88.8
727 88.8
728 89.2
729 89.2
730 89.2
731 89.2
732 89.2
733 89.2
734 89.2
735 89.8
736 89.8
737 89.8
738 90.2
739 90.2
740 90.6
741 91.2
742 91.2
743 91.2
744 91.8
745 91.8
746 91.8
747 91.8
748 92.0
749 92.6
750 92.6
751 92.6
752 92.6
753 92.6
754 92.8
755 92.8
756 92.8
757 92.8
758 93.6
759 93.6
760 93.6
761 93.8
762 93.8
763 93.8
764 93.8
765 93.8
766 94.4
767 94.4
768 95.0
769 95.4
770 95.4
771 95.4
772 95.4
773 95.4
774 95.4
775 95.4
776 95.4
777 95.4
778 95.4
779 95.4
780 95.6
781 95.8
782 96.4
783 96.6
784 96.8
785 96.8
786 97.4
787 97.4
788 97.4
789 97.4
790 97.4
791 97.6
792 97.6
793 98.2
794 98.2
795 98.2
796 98.2
797 98.2
798 98.2
799 98.2
800 98.2
801 98.2
802 98.2
803 98.4
804 98.4
805 98.6
806 98.6
807 98.6
808 99.0
809 99.0
810 99.0
811 99.0
812 99.0
813 99.0
814 99.0
815 99.0
816 100.0
817 100.0
818 100.0
819 100.0
820 100.0
821 100.0
822 100.0
823 100.0
824 100.0
825 100.4
826 100.4
827 100.4
828 100.6
829 100.6
830 100.6
831 100.6
832 100.6
833 101.0
834 101.0
835 101.0
836 101.0
837 101.2
838 101.2
839 101.2
840 101.2
841 101.4
842 101.4
843 101.4
844 101.4
845 101.4
846 101.4
847 101.4
848 101.6
849 102.0
850 102.6
851 102.8
852 102.8
853 102.8
854 102.8
855 103.0
856 103.0
857 104.0
858 104.0
859 104.0
860 104.0
861 104.0
862 104.4
863 104.4
864 104.4
865 104.6
866 104.6
867 105.0
868 105.0
869 105.0
870 105.0
871 105.0
872 105.0
873 105.0
874 105.0
875 105.0
876 105.0
877 105.0
878 105.0
879 105.0
880 105.0
881 105.0
882 105.0
883 105.6
884 105.6
885 105.6
886 106.0
887 106.0
888 106.0
889 106.0
890 106.0
891 106.0
892 106.0
893 106.0
894 106.0
895 106.0
896 106.0
897 106.0
898 106.8
899 106.8
900 107.4
901 107.4
902 107.4
903 108.0
904 108.0
905 108.0
906 108.2
907 108.6
908 108.6
909 108.6
910 108.6
911 108.6
912 108.6
913 108.6
914 108.6
915 108.6
916 108.6
917 108.6
918 108.6
919 108.8
920 108.8
921 108.8
922 108.8
923 109.4
924 109.4
925 109.4
926 109.4
927 109.4
928 109.4
929 109.4
930 109.4
931 109.4
932 109.4
933 109.4
934 109.4
935 109.8
936 110.0
937 110.0
938 110.0
939 110.0
940 110.4
941 110.4
942 110.6
943 110.6
944 110.6
945 110.6
946 110.8
947 110.8
948 111.2
949 111.8
950 112.4
951 112.4
952 112.4
953 112.6
954 112.6
955 112.6
956 112.6
957 112.6
958 112.6
959 112.6
960 112.6
961 112.6
962 112.8
963 112.8
964 112.8
965 112.8
966 112.8
967 112.8
968 112.8
969 112.8
970 112.8
971 112.8
972 112.8
973 112.8
974 112.8
975 112.8
976 113.2
977 113.2
978 113.2
979 113.2
980 113.2
981 113.2
982 113.2
983 113.2
984 113.2
985 113.2
986 113.2
987 113.4
988 113.4
989 113.4
990 113.4
991 113.4
992 113.6
993 113.6
994 114.0
995 114.4
996 114.4
997 114.4
998 114.4
999 114.8
1000 115.0
1001 115.0
1002 115.0
1003 115.2
1004 115.2
1005 115.8
1006 115.8
1007 115.8
1008 115.8
1009 116.0
1010 116.0
1011 116.0
1012 116.0
1013 116.0
1014 116.0
1015 116.0
1016 116.0
1017 116.0
1018 116.0
1019 116.0
1020 116.0
1021 116.0
1022 116.0
1023 116.6
1024 116.6
1025 117.2
1026 117.4
1027 117.4
1028 117.4
1029 117.4
1030 117.4
1031 117.4
1032 117.4
1033 117.4
1034 117.4
1035 117.4
1036 117.6
1037 117.6
1038 117.6
1039 117.6
1040 117.6
1041 117.8
1042 118.2
1043 118.2
1044 118.2
1045 118.2
1046 118.2
1047 118.2
1048 118.2
1049 118.2
1050 118.2
1051 118.4
1052 118.4
1053 118.6
1054 118.6
1055 118.6
1056 118.6
1057 118.6
1058 118.6
1059 118.6
1060 118.6
1061 118.6
1062 118.6
1063 119.2
1064 119.2
1065 119.8
1066 120.0
1067 120.0
1068 120.0
1069 120.0
1070 120.0
1071 120.0
1072 120.4
1073 120.4
1074 120.4
1075 120.4
1076 120.4
1077 120.4
1078 120.8
1079 121.4
1080 121.4
1081 122.0
1082 122.0
1083 122.6
1084 122.6
1085 123.2
1086 123.2
1087 123.2
1088 123.8
1089 123.8
1090 123.8
1091 123.8
1092 123.8
1093 123.8
1094 123.8
1095 123.8
1096 123.8
1097 123.8
1098 123.8
1099 123.8
1100 123.8
1101 123.8
1102 123.8
1103 123.8
1104 123.8
1105 123.8
1106 123.8
1107 124.4
1108 124.4
1109 124.4
1110 124.6
1111 124.6
1112 124.8
1113 124.8
1114 125.2
1115 125.2
1116 125.8
1117 125.8
1118 125.8
1119 125.8
1120 125.8
1121 125.8
1122 125.8
1123 125.8
1124 125.8
1125 126.4
1126 126.4
1127 126.4
1128 126.4
1129 126.4
1130 126.4
1131 126.6
1132 126.6
1133 127.2
1134 127.2
1135 127.2
1136 127.2
1137 127.2
1138 127.2
1139 127.2
1140 127.6
1141 127.6
1142 127.6
1143 127.6
1144 127.8
1145 127.8
1146 127.8
1147 127.8
1148 127.8
1149 127.8
1150 127.8
1151 127.8
1152 128.4
1153 128.4
1154 129.0
1155 129.2
1156 129.2
1157 129.2
1158 129.2
1159 129.2
1160 129.2
1161 129.2
1162 129.2
1163 129.2
1164 129.6
1165 129.6
1166 129.6
1167 129.6
1168 129.6
1169 129.6
1170 129.8
1171 129.8
1172 129.8
1173 129.8
1174 129.8
1175 129.8
1176 129.8
1177 130.4
1178 130.4
1179 130.4
1180 130.4
1181 130.4
1182 130.6
1183 130.8
1184 130.8
1185 130.8
1186 130.8
1187 130.8
1188 130.8
1189 130.8
1190 130.8
1191 130.8
1192 130.8
1193 130.8
1194 131.0
1195 131.4
1196 131.4
1197 131.4
1198 131.4
1199 131.4
1200 131.4
1201 131.4
1202 131.4
1203 131.4
1204 131.4
1205 131.4
1206 131.4
1207 131.4
1208 131.6
1209 131.6
1210 131.6
1211 131.6
1212 132.0
1213 132.0
1214 132.2
1215 132.2
1216 132.2
1217 132.2
1218 132.2
1219 132.6
1220 132.8
1221 132.8
1222 132.8
1223 132.8
1224 132.8
1225 133.2
1226 133.2
1227 133.2
1228 133.2
1229 133.2
1230 133.2
1231 133.4
1232 133.4
1233 133.4
1234 133.4
1235 133.6
1236 133.8
1237 133.8
1238 133.8
1239 134.2
1240 134.2
1241 134.2
1242 134.2
1243 134.2
1244 134.2
1245 134.2
1246 134.6
1247 134.8
1248 134.8
1249 134.8
1250 134.8
1251 135.0
1252 135.0
1253 135.2
1254 135.2
1255 135.2
1256 135.2
1257 135.8
1258 135.8
1259 135.8
1260 135.8
1261 135.8
1262 136.0
1263 136.0
1264 136.0
1265 136.0
1266 136.2
1267 136.2
1268 136.2
1269 136.4
1270 136.8
1271 137.0
1272 137.0
1273 137.0
1274 137.0
1275 137.0
1276 137.0
1277 137.0
1278 137.0
1279 137.0
1280 137.0
1281 137.0
1282 137.0
1283 137.0
1284 137.0
1285 137.0
1286 137.0
1287 137.0
1288 137.0
1289 137.0
1290 137.0
1291 137.2
1292 137.2
1293 137.4
1294 137.4
1295 137.4
1296 137.4
1297 137.6
1298 137.8
1299 137.8
1300 138.0
1301 138.2
1302 138.2
1303 138.2
1304 138.2
1305 138.2
1306 138.4
1307 138.4
1308 138.4
1309 138.4
1310 138.4
1311 138.6
1312 139.0
1313 139.0
1314 139.0
1315 139.0
1316 139.0
1317 139.0
1318 139.0
1319 139.0
1320 139.0
1321 139.4
1322 139.4
1323 139.4
1324 139.4
1325 139.4
1326 139.4
1327 139.4
1328 139.4
1329 139.6
1330 140.0
1331 140.0
1332 140.0
1333 140.0
1334 140.0
1335 140.0
1336 140.0
1337 140.2
1338 140.4
1339 140.8
1340 140.8
1341 140.8
1342 140.8
1343 140.8
1344 140.8
1345 140.8
1346 141.2
1347 141.6
1348 141.6
1349 141.6
1350 141.6
1351 142.2
1352 142.2
1353 142.2
1354 142.2
1355 142.2
1356 142.2
1357 142.2
1358 142.4
1359 142.4
1360 142.6
1361 142.8
1362 142.8
1363 142.8
1364 142.8
1365 143.4
1366 143.4
1367 143.4
1368 143.8
1369 143.8
1370 143.8
1371 143.8
1372 143.8
1373 143.8
1374 143.8
1375 144.2
1376 144.2
1377 144.2
1378 144.2
1379 144.2
1380 144.2
1381 144.4
1382 144.4
1383 144.4
1384 144.4
1385 144.4
1386 144.4
1387 144.4
1388 144.4
1389 144.6
1390 144.6
1391 144.6
1392 144.6
1393 144.6
1394 145.4
1395 145.6
1396 146.0
1397 146.0
1398 146.2
1399 146.2
1400 146.2
1401 146.2
1402 146.4
1403 146.4
1404 146.4
1405 146.4
1406 146.4
1407 146.4
1408 146.4
1409 146.4
1410 146.4
1411 146.4
1412 146.4
1413 146.4
1414 146.4
1415 146.4
1416 146.4
1417 146.4
1418 146.4
1419 146.8
1420 146.8
1421 146.8
1422 146.8
1423 146.8
1424 146.8
1425 147.2
1426 147.6
1427 147.6
1428 147.6
1429 147.8
1430 147.8
1431 147.8
1432 147.8
1433 147.8
1434 147.8
1435 147.8
1436 148.4
1437 148.4
1438 148.4
1439 148.4
1440 148.4
1441 148.4
1442 148.4
1443 148.4
1444 148.4
1445 148.4
1446 148.4
1447 148.4
1448 148.6
1449 148.6
1450 148.6
1451 148.6
1452 148.6
1453 148.6
1454 148.6
1455 148.6
1456 148.6
1457 148.6
1458 148.6
1459 148.6
1460 148.6
1461 148.6
1462 148.8
1463 148.8
1464 148.8
1465 148.8
1466 148.8
1467 149.0
1468 149.0
1469 149.0
1470 149.4
1471 149.4
1472 150.2
1473 150.2
1474 150.4
1475 150.4
1476 150.4
1477 150.4
1478 150.4
1479 150.4
1480 150.4
1481 150.6
1482 150.6
1483 150.6
1484 150.8
1485 151.4
1486 151.8
1487 151.8
1488 152.2
1489 152.2
1490 152.4
1491 152.4
1492 152.4
1493 152.4
1494 152.4
1495 152.4
1496 152.4
1497 152.4
1498 152.4
1499 152.4
1500 152.4
1501 152.6
1502 152.6
1503 152.6
1504 152.6
1505 152.6
1506 153.0
1507 153.0
1508 153.0
1509 153.2
1510 153.2
1511 153.2
1512 153.2
1513 153.4
1514 153.4
1515 153.4
1516 154.6
1517 154.6
1518 154.6
1519 154.6
1520 154.6
1521 154.6
1522 154.6
1523 154.6
1524 154.6
1525 154.6
1526 154.6
1527 154.6
1528 154.6
1529 154.6
1530 154.6
1531 154.6
1532 154.6
1533 155.0
1534 155.6
1535 155.6
1536 156.2
1537 156.2
1538 156.2
1539 156.2
1540 156.2
1541 156.4
1542 156.4
1543 156.4
1544 156.4
1545 156.4
1546 156.6
1547 156.6
1548 156.6
1549 157.2
1550 157.2
1551 157.2
1552 157.2
1553 157.2
1554 157.2
1555 157.4
1556 157.4
1557 157.4
1558 157.4
1559 157.4
1560 157.4
1561 157.4
1562 157.4
1563 157.4
1564 157.4
1565 157.4
1566 157.4
1567 157.4
1568 157.4
1569 157.4
1570 157.4
1571 157.4
1572 157.4
1573 157.6
1574 157.6
1575 157.6
1576 157.6
1577 157.6
1578 157.6
1579 157.6
1580 157.6
1581 157.6
1582 157.6
1583 157.6
1584 157.6
1585 157.6
1586 157.6
1587 157.6
1588 157.6
1589 157.6
1590 157.6
1591 157.6
1592 158.0
1593 158.0
1594 158.0
1595 158.2
1596 158.2
1597 158.2
1598 158.2
1599 158.2
1600 158.2
1601 158.2
1602 158.2
1603 158.2
1604 158.4
1605 158.4
1606 158.4
1607 158.4
1608 158.6
1609 158.6
1610 158.6
1611 158.8
1612 159.0
1613 159.0
1614 159.0
1615 159.0
1616 159.0
1617 159.2
1618 159.2
1619 159.2
1620 159.2
1621 159.2
1622 159.4
1623 159.4
1624 159.4
1625 159.6
1626 159.6
1627 159.6
1628 159.6
1629 160.0
1630 160.2
1631 160.2
1632 160.6
1633 160.8
1634 161.2
1635 161.2
1636 161.2
1637 161.2
1638 161.2
1639 161.2
1640 161.2
1641 162.0
1642 162.0
1643 162.0
1644 162.0
1645 162.0
1646 162.6
1647 162.6
1648 162.6
1649 162.6
1650 162.8
1651 162.8
1652 162.8
1653 162.8
1654 164.0
1655 164.0
1656 164.0
1657 164.0
1658 164.0
1659 164.0
1660 164.0
1661 164.0
1662 164.0
1663 164.0
1664 164.0
1665 164.0
1666 164.4
1667 164.4
1668 164.4
1669 164.6
1670 164.6
1671 164.6
1672 164.6
1673 164.6
1674 164.6
1675 164.6
1676 164.6
1677 164.6
1678 164.6
1679 164.8
1680 164.8
1681 164.8
1682 164.8
1683 164.8
1684 164.8
1685 164.8
1686 164.8
1687 164.8
1688 164.8
1689 164.8
1690 164.8
1691 164.8
1692 164.8
1693 164.8
1694 164.8
1695 164.8
1696 164.8
1697 164.8
1698 164.8
1699 164.8
1700 164.8
1701 164.8
1702 164.8
1703 164.8
1704 164.8
1705 165.4
1706 165.4
1707 165.4
1708 165.4
1709 166.0
1710 166.0
1711 166.2
1712 166.2
1713 166.2
1714 166.2
1715 166.2
1716 166.2
1717 166.2
1718 166.6
1719 166.6
1720 166.8
1721 166.8
1722 166.8
1723 166.8
1724 167.0
1725 167.0
1726 167.0
1727 167.0
1728 167.0
1729 167.0
1730 167.2
1731 167.2
1732 167.2
1733 167.2
1734 167.2
1735 167.2
1736 167.2
1737 167.2
1738 167.2
1739 167.2
1740 167.2
1741 167.8
1742 168.0
1743 168.0
1744 168.0
1745 168.0
1746 168.0
1747 168.2
1748 168.2
1749 168.2
1750 168.2
1751 168.2
1752 168.2
1753 168.8
1754 168.8
1755 169.0
1756 169.0
1757 169.0
1758 169.0
1759 169.4
1760 169.4
1761 169.4
1762 169.4
1763 169.4
1764 169.4
1765 169.4
1766 169.4
1767 169.4
1768 169.4
1769 169.4
1770 169.4
1771 170.0
1772 170.0
1773 170.6
1774 170.8
1775 170.8
1776 171.0
1777 171.0
1778 171.0
1779 171.2
1780 171.2
1781 171.2
1782 171.2
1783 171.2
1784 171.2
1785 171.2
1786 171.2
1787 171.2
1788 171.2
1789 171.2
1790 171.2
1791 171.2
1792 171.2
1793 171.2
1794 171.2
1795 171.6
1796 171.6
1797 171.6
1798 171.6
1799 171.6
1800 171.6
1801 171.6
1802 171.6
1803 171.8
1804 171.8
1805 171.8
1806 171.8
1807 171.8
1808 171.8
1809 171.8
1810 171.8
1811 171.8
1812 171.8
1813 171.8
1814 171.8
1815 171.8
1816 171.8
1817 171.8
1818 171.8
1819 171.8
1820 171.8
1821 171.8
1822 172.0
1823 172.0
1824 172.0
1825 172.0
1826 172.2
1827 172.2
1828 172.2
1829 172.2
1830 172.2
1831 172.2
1832 172.2
1833 172.2
1834 172.8
1835 172.8
1836 172.8
1837 172.8
1838 172.8
1839 173.2
1840 173.2
1841 173.8
1842 173.8
1843 173.8
1844 173.8
1845 174.0
1846 174.0
1847 174.0
1848 174.0
1849 174.2
1850 174.2
1851 174.2
1852 174.2
1853 174.8
1854 174.8
1855 174.8
1856 175.0
1857 175.2
1858 175.2
1859 175.4
1860 175.6
1861 175.6
1862 175.6
1863 175.6
1864 175.6
1865 175.6
1866 175.6
1867 175.6
1868 175.8
1869 175.8
1870 175.8
1871 175.8
1872 175.8
1873 175.8
1874 175.8
1875 175.8
1876 175.8
1877 176.0
1878 176.0
1879 176.0
1880 176.2
1881 176.2
1882 176.4
1883 176.4
1884 176.4
1885 176.4
1886 176.6
1887 176.6
1888 176.6
1889 176.6
1890 176.6
1891 176.8
1892 176.8
1893 176.8
1894 176.8
1895 176.8
1896 176.8
1897 176.8
1898 177.0
1899 177.2
1900 177.2
1901 177.2
1902 177.2
1903 177.2
1904 177.6
1905 177.6
1906 177.6
1907 177.6
1908 177.6
1909 177.6
1910 177.6
1911 177.6
1912 177.8
1913 178.0
1914 178.0
1915 178.2
1916 178.2
1917 178.2
1918 178.2
1919 178.2
1920 178.2
1921 178.2
1922 178.4
1923 178.6
1924 178.8
1925 178.8
1926 178.8
1927 178.8
1928 178.8
1929 178.8
1930 178.8
1931 179.0
1932 179.0
1933 179.0
1934 179.0
1935 179.0
1936 179.6
1937 179.6
1938 179.6
1939 179.6
1940 179.6
1941 179.6
1942 179.6
1943 179.6
1944 179.6
1945 179.6
1946 179.6
1947 179.6
1948 180.2
1949 180.2
1950 180.2
1951 180.2
1952 180.2
1953 180.2
1954 180.6
1955 180.6
1956 180.6
1957 180.6
1958 180.6
1959 181.0
1960 181.2
1961 181.2
1962 181.2
1963 181.4
1964 181.4
1965 181.4
1966 181.6
1967 181.6
1968 181.6
1969 181.6
1970 181.6
1971 181.6
1972 181.6
1973 181.8
1974 181.8
1975 182.4
1976 182.4
1977 183.0
1978 183.2
1979 183.2
1980 183.2
1981 183.2
1982 183.2
1983 183.2
1984 183.2
1985 183.2
1986 183.2
1987 183.2
1988 183.2
1989 183.2
1990 183.2
1991 183.2
1992 183.2
1993 183.2
1994 183.2
1995 183.2
1996 183.2
1997 183.2
1998 183.2
1999 183.2
2000 183.2
2001 183.2
2002 183.2
2003 183.2
2004 183.2
2005 183.2
2006 183.6
2007 184.0
2008 184.0
2009 184.0
2010 184.0
2011 184.2
2012 184.2
2013 184.2
2014 184.2
2015 184.2
2016 184.8
2017 184.8
2018 184.8
2019 184.8
2020 184.8
2021 184.8
2022 184.8
2023 185.0
2024 185.0
2025 185.2
2026 185.4
2027 185.4
2028 185.4
2029 185.4
2030 185.4
2031 185.6
2032 185.6
2033 185.6
2034 185.8
2035 185.8
2036 185.8
2037 185.8
2038 185.8
2039 185.8
2040 185.8
2041 185.8
2042 185.8
2043 185.8
2044 185.8
2045 185.8
2046 185.8
2047 185.8
2048 185.8
2049 185.8
2050 186.0
2051 186.0
2052 186.0
2053 186.0
2054 186.0
2055 186.0
2056 186.0
2057 186.6
2058 186.6
2059 186.6
2060 186.6
2061 186.8
2062 186.8
2063 186.8
2064 186.8
2065 186.8
2066 186.8
2067 186.8
2068 186.8
2069 186.8
2070 186.8
2071 186.8
2072 186.8
2073 186.8
2074 186.8
2075 186.8
2076 186.8
2077 186.8
2078 186.8
2079 186.8
2080 186.8
2081 187.2
2082 187.2
2083 187.2
2084 187.2
2085 187.2
2086 187.4
2087 187.4
2088 187.4
2089 187.8
2090 187.8
2091 187.8
2092 188.0
2093 188.2
2094 188.2
2095 188.2
2096 188.2
2097 188.2
2098 188.2
2099 188.2
2100 188.2
2101 188.2
2102 188.2
2103 188.2
2104 188.2
2105 188.2
2106 188.4
2107 188.4
2108 188.4
2109 188.4
2110 188.4
2111 188.4
2112 188.4
2113 188.6
2114 188.6
2115 188.6
2116 188.6
2117 188.6
2118 188.6
2119 188.6
2120 188.6
2121 188.6
2122 188.8
2123 188.8
2124 188.8
2125 188.8
2126 188.8
2127 188.8
2128 189.0
2129 189.0
2130 189.0
2131 189.8
2132 189.8
2133 189.8
2134 189.8
2135 189.8
2136 189.8
2137 189.8
2138 190.0
2139 190.0
2140 190.0
2141 190.0
2142 190.0
2143 190.0
2144 190.0
2145 190.0
2146 190.6
2147 190.6
2148 190.6
2149 190.6
2150 190.6
2151 190.6
2152 190.6
2153 190.6
2154 190.8
2155 190.8
2156 190.8
2157 190.8
2158 190.8
2159 190.8
2160 190.8
2161 190.8
2162 190.8
2163 190.8
2164 190.8
2165 191.2
2166 191.2
2167 191.4
2168 191.4
2169 191.4
2170 191.4
2171 191.4
2172 191.4
2173 191.4
2174 191.4
2175 191.4
2176 191.4
2177 191.4
2178 191.4
2179 191.4
2180 191.4
2181 191.4
2182 191.4
2183 191.4
2184 191.4
2185 191.4
2186 191.4
2187 191.4
2188 191.4
2189 191.6
2190 191.6
2191 191.6
2192 191.6
2193 192.0
2194 192.0
2195 192.0
2196 192.0
2197 192.0
2198 192.2
2199 192.2
2200 192.2
2201 192.2
2202 192.2
2203 192.2
2204 192.2
2205 192.2
2206 192.2
2207 192.2
2208 192.4
2209 192.4
2210 192.4
2211 192.4
2212 192.4
2213 192.4
2214 192.4
2215 192.4
2216 192.4
2217 192.4
2218 192.4
2219 192.4
2220 192.6
2221 192.8
2222 192.8
2223 192.8
2224 192.8
2225 192.8
2226 192.8
2227 192.8
2228 193.4
2229 193.6
2230 193.6
2231 193.6
2232 193.6
2233 193.6
2234 193.6
2235 193.6
2236 193.6
2237 193.6
2238 193.6
2239 193.6
2240 193.6
2241 193.6
2242 194.2
2243 194.2
2244 194.2
2245 194.2
2246 194.2
2247 194.2
2248 194.2
2249 194.2
2250 194.2
2251 194.4
2252 194.4
2253 194.4
2254 194.4
2255 194.4
2256 194.4
2257 194.6
2258 194.6
2259 194.8
2260 194.8
2261 194.8
2262 194.8
2263 194.8
2264 194.8
2265 194.8
2266 194.8
2267 194.8
2268 194.8
2269 195.0
2270 195.0
2271 195.2
2272 195.2
2273 195.2
2274 195.2
2275 195.2
2276 195.4
2277 195.4
2278 195.6
2279 195.8
2280 196.2
2281 196.2
2282 196.2
2283 196.2
2284 196.2
2285 196.2
2286 196.2
2287 196.6
2288 196.6
2289 196.6
2290 196.6
2291 196.6
2292 196.6
2293 196.6
2294 196.8
2295 196.8
2296 196.8
2297 197.0
2298 197.0
2299 197.0
2300 197.0
2301 197.0
2302 197.0
2303 197.0
2304 197.0
2305 197.4
2306 197.4
2307 197.4
2308 198.0
2309 198.0
2310 198.0
2311 198.0
2312 198.2
2313 198.2
2314 198.2
2315 198.4
2316 198.4
2317 198.4
2318 198.4
2319 198.4
2320 198.8
2321 198.8
2322 198.8
2323 198.8
2324 198.8
2325 198.8
2326 198.8
2327 198.8
2328 198.8
2329 198.8
2330 198.8
2331 198.8
2332 198.8
2333 198.8
2334 198.8
2335 198.8
2336 198.8
2337 199.0
2338 199.0
2339 199.0
2340 199.0
2341 199.0
2342 199.0
2343 199.0
2344 199.0
2345 199.0
2346 199.0
2347 199.0
2348 199.0
2349 199.0
2350 199.0
2351 199.2
2352 199.2
2353 199.2
2354 199.4
2355 199.4
2356 199.4
2357 199.4
2358 199.8
2359 199.8
2360 200.0
2361 200.0
2362 200.0
2363 200.0
2364 200.0
2365 200.0
2366 200.0
2367 200.0
2368 200.4
2369 200.4
2370 200.4
2371 200.4
2372 200.4
2373 200.6
2374 200.6
2375 200.6
2376 200.6
2377 200.6
2378 200.6
2379 200.6
2380 200.6
2381 201.2
2382 201.2
2383 201.2
2384 201.2
2385 201.2
2386 201.2
2387 201.2
2388 201.2
2389 201.2
2390 201.2
2391 201.4
2392 201.4
2393 201.4
2394 201.4
2395 201.6
2396 201.6
2397 201.6
2398 201.6
2399 201.6
2400 201.6
2401 201.6
2402 201.6
2403 201.6
2404 201.6
2405 201.6
2406 201.6
2407 201.6
2408 201.6
2409 201.6
2410 201.6
2411 201.6
2412 202.0
2413 202.0
2414 202.0
2415 202.0
2416 202.0
2417 202.0
2418 202.0
2419 202.0
2420 202.2
2421 202.2
2422 202.2
2423 202.2
2424 202.2
2425 202.2
2426 202.2
2427 202.2
2428 202.2
2429 202.2
2430 202.2
2431 202.2
2432 202.2
2433 202.4
2434 202.4
2435 202.4
2436 203.0
2437 203.0
2438 203.0
2439 203.0
2440 203.0
2441 203.0
2442 203.0
2443 203.0
2444 203.0
2445 203.0
2446 203.0
2447 203.0
2448 203.0
2449 203.0
2450 203.6
2451 203.6
2452 203.6
2453 203.6
2454 203.6
2455 203.6
2456 203.6
2457 203.6
2458 203.6
2459 203.6
2460 203.6
2461 203.6
2462 203.6
2463 203.8
2464 203.8
2465 203.8
2466 203.8
2467 203.8
2468 203.8
2469 203.8
2470 204.4
2471 204.4
2472 204.4
2473 204.4
2474 204.4
2475 204.4
2476 204.4
2477 204.4
2478 204.4
2479 204.4
2480 204.4
2481 204.6
2482 204.6
2483 204.6
2484 204.6
2485 204.6
2486 204.6
2487 204.6
2488 205.2
2489 205.2
2490 205.2
2491 205.2
2492 205.2
2493 205.2
2494 205.2
2495 205.2
2496 205.2
2497 205.2
2498 205.6
2499 205.6
2500 205.6
2501 205.6
2502 205.6
2503 205.8
2504 205.8
2505 205.8
2506 205.8
2507 205.8
2508 206.0
2509 206.0
2510 206.0
2511 206.0
2512 206.0
2513 206.0
2514 206.0
2515 206.0
2516 206.0
2517 206.0
2518 206.4
2519 206.4
2520 206.4
2521 206.4
2522 206.4
2523 206.4
2524 206.4
2525 206.6
2526 206.8
2527 206.8
2528 206.8
2529 206.8
2530 206.8
2531 207.0
2532 207.0
2533 207.2
2534 207.2
2535 207.2
2536 207.2
2537 207.2
2538 207.2
2539 207.2
2540 207.2
2541 207.2
2542 207.2
2543 207.2
2544 207.2
2545 207.2
2546 207.4
2547 207.4
2548 207.4
2549 207.4
2550 207.4
2551 207.4
2552 207.4
2553 207.6
2554 207.6
2555 207.6
2556 207.6
2557 208.4
2558 208.4
2559 208.6
2560 208.6
2561 208.6
2562 208.8
2563 208.8
2564 208.8
2565 208.8
2566 208.8
2567 208.8
2568 208.8
2569 208.8
2570 208.8
2571 208.8
2572 209.0
2573 209.2
2574 209.2
2575 209.2
2576 209.4
2577 209.4
2578 209.4
2579 209.4
2580 209.4
2581 209.4
2582 209.4
2583 209.4
2584 209.4
2585 209.4
2586 209.4
2587 209.4
2588 209.4
2589 209.4
2590 209.4
2591 209.4
2592 209.4
2593 209.4
2594 209.4
2595 209.4
2596 209.4
2597 210.0
2598 210.0
2599 210.0
2600 210.2
2601 210.2
2602 210.2
2603 210.2
2604 210.2
2605 210.2
2606 210.2
2607 210.2
2608 210.4
2609 210.6
2610 210.6
2611 210.6
2612 210.6
2613 210.6
2614 210.6
2615 210.8
2616 210.8
2617 210.8
2618 210.8
2619 210.8
2620 210.8
2621 211.0
2622 211.0
2623 211.0
2624 211.0
2625 211.2
2626 211.2
2627 211.2
2628 211.4
2629 211.4
2630 211.4
2631 211.4
2632 211.4
2633 211.4
2634 211.4
2635 211.4
2636 211.4
2637 211.4
2638 211.4
2639 211.4
2640 211.4
2641 211.4
2642 211.4
2643 211.4
2644 211.4
2645 211.4
2646 211.4
2647 211.4
2648 211.4
2649 211.4
2650 211.4
2651 211.4
2652 211.4
2653 211.4
2654 211.4
2655 211.6
2656 211.6
2657 211.6
2658 211.8
2659 211.8
2660 212.0
2661 212.0
2662 212.0
2663 212.0
2664 212.0
2665 212.0
2666 212.0
2667 212.0
2668 212.0
2669 212.4
2670 212.6
2671 212.6
2672 212.8
2673 212.8
2674 212.8
2675 213.2
2676 213.2
2677 213.2
2678 213.2
2679 213.2
2680 213.6
2681 213.6
2682 213.6
2683 213.6
2684 213.6
2685 213.6
2686 213.6
2687 213.6
2688 213.6
2689 213.6
2690 213.6
2691 213.6
2692 213.6
2693 213.8
2694 213.8
2695 213.8
2696 213.8
2697 213.8
2698 213.8
2699 214.0
2700 214.0
2701 214.0
2702 214.0
2703 214.0
2704 214.0
2705 214.2
2706 214.4
2707 214.4
2708 214.4
2709 214.4
2710 214.4
2711 214.4
2712 214.4
2713 214.4
2714 214.4
2715 214.4
2716 214.4
2717 214.4
2718 214.4
2719 214.4
2720 214.4
2721 214.4
2722 214.4
2723 214.6
2724 214.6
2725 214.6
2726 214.6
2727 214.6
2728 214.6
2729 214.6
2730 215.0
2731 215.0
2732 215.2
2733 215.2
2734 215.2
2735 215.2
2736 215.2
2737 215.2
2738 215.2
2739 215.2
2740 215.2
2741 215.4
2742 215.4
2743 215.4
2744 215.4
2745 215.4
2746 215.4
2747 215.4
2748 215.4
2749 215.4
2750 215.4
2751 215.6
2752 215.6
2753 215.6
2754 215.6
2755 215.6
2756 215.6
2757 216.2
2758 216.2
2759 216.2
2760 216.2
2761 216.2
2762 216.2
2763 216.2
2764 216.2
2765 216.2
2766 216.2
2767 216.2
2768 216.6
2769 216.6
2770 216.6
2771 216.6
2772 216.6
2773 216.6
2774 217.0
2775 217.0
2776 217.0
2777 217.0
2778 217.0
2779 217.0
2780 217.0
2781 217.0
2782 217.0
2783 217.4
2784 217.4
2785 217.4
2786 217.4
2787 217.4
2788 217.4
2789 217.6
2790 217.8
2791 217.8
2792 217.8
2793 217.8
2794 217.8
2795 217.8
2796 217.8
2797 217.8
2798 217.8
2799 217.8
2800 217.8
2801 218.0
2802 218.0
2803 218.2
2804 218.4
2805 218.4
2806 218.4
2807 218.4
2808 218.4
2809 218.4
2810 218.4
2811 218.4
2812 218.4
2813 218.4
2814 218.4
2815 218.4
2816 218.4
2817 218.4
2818 218.6
2819 218.6
2820 218.8
2821 218.8
2822 218.8
2823 218.8
2824 218.8
2825 218.8
2826 218.8
2827 219.0
2828 219.0
2829 219.0
2830 219.4
2831 219.4
2832 219.4
2833 219.4
2834 219.4
2835 219.4
2836 219.4
2837 219.4
2838 219.4
2839 219.4
2840 219.4
2841 219.4
2842 219.4
2843 219.4
2844 219.4
2845 219.4
2846 219.4
2847 219.4
2848 219.4
2849 219.4
2850 219.4
2851 219.4
2852 219.4
2853 219.4
2854 219.4
2855 219.4
2856 219.4
2857 219.4
2858 219.4
2859 219.4
2860 219.6
2861 220.0
2862 220.0
2863 220.0
2864 220.0
2865 220.0
2866 220.0
2867 220.0
2868 220.0
2869 220.0
2870 220.0
2871 220.0
2872 220.0
2873 220.0
2874 220.0
2875 220.0
2876 220.0
2877 220.0
2878 220.2
2879 220.2
2880 220.2
2881 220.4
2882 220.6
2883 220.6
2884 220.6
2885 220.6
2886 220.8
2887 221.0
2888 221.0
2889 221.0
2890 221.2
2891 221.2
2892 221.6
2893 222.0
2894 222.0
2895 222.0
2896 222.0
2897 222.0
2898 222.0
2899 222.0
2900 222.0
2901 222.0
2902 222.0
2903 222.0
2904 222.0
2905 222.0
2906 222.0
2907 222.0
2908 222.0
2909 222.0
2910 222.2
2911 222.2
2912 222.2
2913 222.2
2914 222.2
2915 222.2
2916 222.2
2917 222.2
2918 222.2
2919 222.2
2920 222.2
2921 222.2
2922 222.4
2923 222.4
2924 222.4
2925 222.4
2926 222.4
2927 222.4
2928 222.4
2929 222.4
2930 222.4
2931 222.4
2932 222.4
2933 222.4
2934 222.6
2935 222.6
2936 222.6
2937 222.6
2938 222.6
2939 222.6
2940 222.6
2941 222.6
2942 222.6
2943 222.6
2944 222.6
2945 223.0
2946 223.0
2947 223.0
2948 223.0
2949 223.0
2950 223.2
2951 223.2
2952 223.4
2953 223.4
2954 223.6
2955 223.6
2956 223.8
2957 224.6
2958 224.6
2959 224.6
2960 224.6
2961 224.6
2962 224.6
2963 224.6
2964 224.6
2965 224.6
2966 224.6
2967 224.6
2968 224.6
2969 224.6
2970 224.6
2971 224.6
2972 224.6
2973 224.6
2974 224.6
2975 224.6
2976 224.6
2977 224.6
2978 224.6
2979 224.6
2980 224.8
2981 224.8
2982 224.8
2983 224.8
2984 224.8
2985 224.8
2986 224.8
2987 224.8
2988 224.8
2989 224.8
2990 224.8
2991 224.8
2992 224.8
2993 224.8
2994 224.8
2995 224.8
2996 224.8
2997 224.8
2998 224.8
2999 224.8
3000 225.0
3001 225.2
3002 225.2
3003 225.2
3004 225.2
3005 225.2
3006 225.2
3007 225.2
3008 225.4
3009 225.4
3010 225.6
3011 225.6
3012 225.6
3013 225.6
3014 225.8
3015 225.8
3016 225.8
3017 225.8
3018 225.8
3019 226.0
3020 226.0
3021 226.0
3022 226.0
3023 226.0
3024 226.0
3025 226.0
3026 226.0
3027 226.0
3028 226.0
3029 226.0
3030 226.0
3031 226.0
3032 226.0
3033 226.0
3034 226.0
3035 226.0
3036 226.0
3037 226.2
3038 226.2
3039 226.4
3040 226.4
3041 226.4
3042 226.4
3043 226.4
3044 226.4
3045 226.6
3046 226.6
3047 226.6
3048 226.6
3049 226.6
3050 226.6
3051 226.6
3052 226.6
3053 226.6
3054 226.6
3055 226.8
3056 226.8
3057 226.8
3058 226.8
3059 226.8
3060 226.8
3061 226.8
3062 226.8
3063 227.2
3064 227.2
3065 227.2
3066 227.2
3067 227.2
3068 227.2
3069 227.2
3070 227.2
3071 227.2
3072 227.2
3073 227.2
3074 227.8
3075 227.8
3076 227.8
3077 227.8
3078 227.8
3079 227.8
3080 227.8
3081 227.8
3082 227.8
3083 227.8
3084 227.8
3085 227.8
3086 228.4
3087 228.4
3088 228.4
3089 228.6
3090 228.6
3091 228.6
3092 228.6
3093 228.6
3094 228.6
3095 228.6
3096 228.6
3097 228.6
3098 228.6
3099 228.6
3100 228.8
3101 228.8
3102 228.8
3103 228.8
3104 228.8
3105 228.8
3106 228.8
3107 228.8
3108 228.8
3109 228.8
3110 228.8
3111 229.0
3112 229.2
3113 229.2
3114 229.2
3115 229.2
3116 229.2
3117 229.2
3118 229.2
3119 229.2
3120 229.2
3121 229.2
3122 229.2
3123 229.4
3124 229.4
3125 229.4
3126 229.4
3127 230.0
3128 230.2
3129 230.2
3130 230.4
3131 230.4
3132 230.4
3133 230.4
3134 230.4
3135 230.4
3136 230.4
3137 230.4
3138 230.4
3139 230.4
3140 230.4
3141 230.6
3142 230.6
3143 230.6
3144 230.6
3145 230.6
3146 230.6
3147 230.6
3148 230.8
3149 230.8
3150 230.8
3151 230.8
3152 231.0
3153 231.0
3154 231.0
3155 231.0
3156 231.0
3157 231.0
3158 231.0
3159 231.0
3160 231.0
3161 231.0
3162 231.0
3163 231.0
3164 231.0
3165 231.0
3166 231.0
3167 231.0
3168 231.0
3169 231.0
3170 231.0
3171 231.0
3172 231.0
3173 231.0
3174 231.0
3175 231.0
3176 231.0
3177 231.0
3178 231.0
3179 231.0
3180 231.0
3181 231.0
3182 231.0
3183 231.0
3184 231.0
3185 231.0
3186 231.2
3187 231.2
3188 231.2
3189 231.2
3190 231.4
3191 231.4
3192 231.4
3193 231.4
3194 231.4
3195 231.4
3196 231.4
3197 231.4
3198 231.4
3199 231.4
3200 231.4
3201 231.4
3202 231.4
3203 231.4
3204 231.4
3205 231.4
3206 231.4
3207 231.4
3208 231.4
3209 231.4
3210 231.4
3211 231.4
3212 231.4
3213 231.4
3214 231.6
3215 231.6
3216 231.6
3217 231.6
3218 231.6
3219 231.6
3220 231.6
3221 231.6
3222 231.6
3223 231.6
3224 232.0
3225 232.0
3226 232.2
3227 232.2
3228 232.2
3229 232.2
3230 232.2
3231 232.2
3232 232.2
3233 232.4
3234 232.4
3235 232.4
3236 232.4
3237 233.0
3238 233.0
3239 233.0
3240 233.0
3241 233.4
3242 233.4
3243 233.4
3244 233.4
3245 233.4
3246 233.4
3247 233.4
3248 233.4
3249 233.4
3250 233.4
3251 233.4
3252 233.4
3253 233.4
3254 233.4
3255 233.4
3256 233.4
3257 233.6
3258 233.6
3259 233.6
3260 233.6
3261 233.6
3262 233.6
3263 233.6
3264 233.6
3265 233.6
3266 233.6
3267 234.0
3268 234.0
3269 234.0
3270 234.0
3271 234.0
3272 234.0
3273 234.0
3274 234.0
3275 234.0
3276 234.0
3277 234.0
3278 234.0
3279 234.0
3280 234.0
3281 234.0
3282 234.2
3283 234.2
3284 234.6
3285 234.6
3286 234.6
3287 234.8
3288 234.8
3289 234.8
3290 234.8
3291 234.8
3292 234.8
3293 235.2
3294 235.2
3295 235.2
3296 235.2
3297 235.2
3298 235.2
3299 235.2
3300 235.2
3301 235.2
3302 235.2
3303 235.2
3304 235.2
3305 235.2
3306 235.2
3307 235.2
3308 235.2
3309 235.2
3310 235.2
3311 235.2
3312 235.2
3313 235.4
3314 235.4
3315 235.4
3316 235.4
3317 235.6
3318 235.6
3319 235.6
3320 235.6
3321 235.6
3322 235.8
3323 235.8
3324 235.8
3325 235.8
3326 235.8
3327 235.8
3328 236.0
3329 236.0
3330 236.0
3331 236.0
3332 236.0
3333 236.0
3334 236.0
3335 236.0
3336 236.0
3337 236.2
3338 236.2
3339 236.2
3340 236.2
3341 236.2
3342 236.2
3343 236.2
3344 236.4
3345 236.4
3346 236.4
3347 236.4
3348 236.4
3349 236.8
3350 236.8
3351 237.0
3352 237.0
3353 237.0
3354 237.4
3355 237.4
3356 237.4
3357 237.4
3358 237.4
3359 237.4
3360 237.4
3361 237.4
3362 237.4
3363 237.4
3364 237.4
3365 237.4
3366 237.4
3367 237.4
3368 237.6
3369 237.6
3370 237.6
3371 237.6
3372 237.6
3373 237.6
3374 237.8
3375 237.8
3376 237.8
3377 237.8
3378 237.8
3379 237.8
3380 237.8
3381 237.8
3382 237.8
3383 237.8
3384 237.8
3385 237.8
3386 237.8
3387 237.8
3388 237.8
3389 237.8
3390 237.8
3391 237.8
3392 237.8
3393 237.8
3394 237.8
3395 237.8
3396 237.8
3397 238.0
3398 238.0
3399 238.0
3400 238.0
3401 238.0
3402 238.0
3403 238.0
3404 238.0
3405 238.0
3406 238.2
3407 238.2
3408 238.2
3409 238.2
3410 238.2
3411 238.2
3412 238.4
3413 238.4
3414 238.4
3415 238.4
3416 238.4
3417 238.4
3418 238.4
3419 238.4
3420 238.4
3421 238.4
3422 238.4
3423 238.4
3424 238.4
3425 238.4
3426 238.4
3427 238.4
3428 238.4
3429 238.4
3430 238.6
3431 238.6
3432 238.6
3433 238.6
3434 238.6
3435 238.6
3436 238.6
3437 238.6
3438 238.6
3439 238.6
3440 238.6
3441 238.6
3442 238.6
3443 238.6
3444 238.6
3445 238.6
3446 238.6
3447 238.6
3448 238.6
3449 238.6
3450 238.6
3451 238.8
3452 238.8
3453 238.8
3454 238.8
3455 238.8
3456 238.8
3457 238.8
3458 239.0
3459 239.0
3460 239.4
3461 239.4
3462 239.4
3463 239.4
3464 239.4
3465 239.4
3466 239.4
3467 239.4
3468 239.4
3469 239.4
3470 239.4
3471 239.4
3472 239.4
3473 239.4
3474 239.4
3475 239.4
3476 239.4
3477 239.4
3478 239.4
3479 239.4
3480 239.4
3481 239.4
3482 239.4
3483 239.4
3484 239.4
3485 239.8
3486 240.0
3487 240.0
3488 240.2
3489 240.2
3490 240.2
3491 240.2
3492 240.2
3493 240.2
3494 240.4
3495 240.4
3496 240.4
3497 240.4
3498 241.0
3499 241.4
3500 241.4
3501 241.4
3502 241.4
3503 241.4
3504 241.4
3505 241.4
3506 241.4
3507 241.4
3508 241.4
3509 241.4
3510 241.4
3511 241.4
3512 241.4
3513 241.4
3514 241.4
3515 241.4
3516 241.4
3517 241.4
3518 241.4
3519 241.4
3520 241.4
3521 241.4
3522 241.4
3523 241.4
3524 241.4
3525 241.8
3526 242.0
3527 242.0
3528 242.2
3529 242.2
3530 242.2
3531 242.2
3532 242.2
3533 242.2
3534 242.2
3535 242.2
3536 242.2
3537 242.2
3538 242.2
3539 242.2
3540 242.2
3541 242.4
3542 242.4
3543 242.4
3544 242.4
3545 242.4
3546 242.4
3547 242.4
3548 242.4
3549 242.4
3550 242.4
3551 242.4
3552 242.4
3553 242.4
3554 242.4
3555 242.4
3556 242.4
3557 242.8
3558 242.8
3559 242.8
3560 243.4
3561 243.4
3562 243.4
3563 243.4
3564 243.4
3565 243.4
3566 243.4
3567 243.4
3568 243.4
3569 243.4
3570 243.4
3571 243.6
3572 243.6
3573 243.6
3574 243.6
3575 243.6
3576 243.6
3577 243.6
3578 243.6
3579 243.6
3580 243.6
3581 243.6
3582 243.6
3583 243.6
3584 243.6
3585 243.6
3586 243.6
3587 243.8
3588 243.8
3589 243.8
3590 243.8
3591 243.8
3592 244.0
3593 244.4
3594 244.4
3595 244.4
3596 244.4
3597 244.4
3598 244.4
3599 244.4
3600 244.4
3601 244.4
3602 244.4
3603 244.6
3604 244.6
3605 244.6
3606 244.6
3607 244.6
3608 244.6
3609 244.6
3610 244.6
3611 244.6
3612 244.6
3613 244.6
3614 245.2
3615 245.2
3616 245.2
3617 245.2
3618 245.2
3619 245.2
3620 245.2
3621 245.2
3622 245.4
3623 245.4
3624 245.4
3625 245.4
3626 245.4
3627 245.4
3628 245.8
3629 245.8
3630 245.8
3631 245.8
3632 245.8
3633 245.8
3634 245.8
3635 245.8
3636 245.8
3637 245.8
3638 245.8
3639 245.8
3640 245.8
3641 245.8
3642 245.8
3643 245.8
3644 245.8
3645 245.8
3646 245.8
3647 245.8
3648 245.8
3649 245.8
3650 245.8
3651 245.8
3652 245.8
3653 245.8
3654 245.8
3655 246.0
3656 246.0
3657 246.0
3658 246.0
3659 246.6
3660 246.6
3661 246.6
3662 246.6
3663 246.6
3664 246.6
3665 246.6
3666 246.6
3667 246.6
3668 246.6
3669 246.6
3670 246.6
3671 246.6
3672 246.6
3673 246.6
3674 246.6
3675 246.6
3676 246.6
3677 246.6
3678 246.6
3679 246.6
3680 246.6
3681 246.6
3682 246.6
3683 246.8
3684 246.8
3685 246.8
3686 246.8
3687 246.8
3688 246.8
3689 246.8
3690 246.8
3691 247.0
3692 247.0
3693 247.4
3694 247.4
3695 247.6
3696 247.6
3697 247.6
3698 247.6
3699 247.6
3700 247.6
3701 247.6
3702 247.6
3703 247.6
3704 247.6
3705 247.6
3706 247.6
3707 247.6
3708 247.6
3709 247.6
3710 247.6
3711 247.6
3712 247.6
3713 247.6
3714 247.6
3715 247.6
3716 247.6
3717 247.6
3718 247.6
3719 247.6
3720 247.6
3721 247.6
3722 247.6
3723 247.6
3724 247.6
3725 247.6
3726 247.6
3727 247.8
3728 247.8
3729 247.8
3730 247.8
3731 247.8
3732 247.8
3733 247.8
3734 247.8
3735 247.8
3736 247.8
3737 247.8
3738 247.8
3739 248.2
3740 248.2
3741 248.2
3742 248.2
3743 248.2
3744 248.2
3745 248.2
3746 248.2
3747 248.2
3748 248.2
3749 248.2
3750 248.2
3751 248.2
3752 248.2
3753 248.2
3754 248.2
3755 248.2
3756 248.2
3757 248.2
3758 248.2
3759 248.2
3760 248.2
3761 248.2
3762 248.2
3763 248.4
3764 248.4
3765 248.4
3766 248.6
3767 248.6
3768 248.6
3769 248.6
3770 248.6
3771 248.6
3772 248.8
3773 249.0
3774 249.0
3775 249.0
3776 249.0
3777 249.0
3778 249.0
3779 249.0
3780 249.4
3781 249.4
3782 249.4
3783 249.4
3784 249.4
3785 249.4
3786 249.6
3787 249.6
3788 249.6
3789 249.6
3790 249.6
3791 249.6
3792 249.8
3793 249.8
3794 249.8
3795 249.8
3796 249.8
3797 249.8
3798 249.8
3799 249.8
3800 249.8
3801 250.2
3802 250.2
3803 250.2
3804 250.2
3805 250.2
3806 250.2
3807 250.2
3808 250.2
3809 250.2
3810 250.2
3811 250.2
3812 250.2
3813 250.2
3814 250.2
3815 250.2
3816 250.2
3817 250.2
3818 250.2
3819 250.6
3820 250.8
3821 250.8
3822 250.8
3823 250.8
3824 251.0
3825 251.0
3826 251.0
3827 251.0
3828 251.0
3829 251.0
3830 251.0
3831 251.0
3832 251.0
3833 251.2
3834 251.2
3835 251.2
3836 251.2
3837 251.2
3838 251.8
3839 251.8
3840 251.8
3841 251.8
3842 251.8
3843 251.8
3844 251.8
3845 251.8
3846 251.8
3847 251.8
3848 251.8
3849 251.8
3850 251.8
3851 251.8
3852 251.8
3853 251.8
3854 251.8
3855 251.8
3856 251.8
3857 251.8
3858 251.8
3859 251.8
3860 251.8
3861 251.8
3862 251.8
3863 251.8
3864 251.8
3865 251.8
3866 252.2
3867 252.2
3868 252.2
3869 252.2
3870 252.2
3871 252.2
3872 252.2
3873 252.2
3874 252.2
3875 252.2
3876 252.2
3877 252.2
3878 252.2
3879 252.2
3880 252.2
3881 252.2
3882 252.2
3883 252.2
3884 252.2
3885 252.2
3886 252.8
3887 252.8
3888 252.8
3889 252.8
3890 252.8
3891 252.8
3892 252.8
3893 252.8
3894 252.8
3895 252.8
3896 252.8
3897 252.8
3898 252.8
3899 252.8
3900 252.8
3901 252.8
3902 252.8
3903 252.8
3904 252.8
3905 252.8
3906 252.8
3907 252.8
3908 252.8
3909 252.8
3910 252.8
3911 252.8
3912 252.8
3913 252.8
3914 253.4
3915 253.4
3916 253.4
3917 253.4
3918 253.4
3919 253.4
3920 253.4
3921 253.4
3922 253.4
3923 253.4
3924 253.4
3925 253.4
3926 253.6
3927 253.6
3928 253.6
3929 253.6
3930 253.6
3931 253.6
3932 253.6
3933 253.6
3934 253.8
3935 253.8
3936 253.8
3937 253.8
3938 253.8
3939 253.8
3940 253.8
3941 253.8
3942 253.8
3943 253.8
3944 253.8
3945 253.8
3946 253.8
3947 253.8
3948 253.8
3949 253.8
3950 253.8
3951 253.8
3952 253.8
3953 254.0
3954 254.0
3955 254.0
3956 254.0
3957 254.0
3958 254.0
3959 254.0
3960 254.0
3961 254.0
3962 254.0
3963 254.0
3964 254.2
3965 254.2
3966 254.2
3967 254.2
3968 254.2
3969 254.2
3970 254.2
3971 254.2
3972 254.2
3973 254.6
3974 254.6
3975 254.6
3976 254.6
3977 254.6
3978 254.6
3979 254.6
3980 254.6
3981 254.6
3982 254.6
3983 254.6
3984 254.6
3985 254.6
3986 254.6
3987 254.6
3988 254.6
3989 254.6
3990 254.6
3991 254.6
3992 254.6
3993 254.6
3994 255.0
3995 255.0
3996 255.0
3997 255.0
3998 255.0
3999 255.0
