#iterations fitness
0 0.0
1 3.0
2 3.0
3 3.0
4 3.6
5 3.6
6 3.6
7 3.6
8 3.6
9 4.2
10 5.4
11 5.4
12 6.6
13 6.6
14 6.6
15 6.6
16 7.2
17 7.2
18 7.2
19 7.2
20 7.8
21 7.8
22 7.8
23 7.8
24 7.8
25 7.8
26 8.4
27 8.4
28 8.4
29 9.0
30 9.6
31 10.2
32 10.2
33 10.8
34 10.8
35 10.8
36 10.8
37 10.8
38 10.8
39 10.8
40 10.8
41 11.0
42 11.6
43 12.2
44 12.2
45 12.2
46 12.2
47 13.2
48 13.2
49 13.8
50 13.8
51 13.8
52 13.8
53 13.8
54 13.8
55 13.8
56 14.4
57 14.6
58 14.6
59 14.6
60 14.6
61 14.6
62 14.6
63 14.6
64 14.6
65 15.2
66 15.2
67 15.2
68 15.4
69 16.0
70 16.4
71 16.4
72 16.4
73 16.6
74 16.6
75 16.6
76 16.6
77 16.6
78 17.0
79 17.0
80 17.0
81 17.0
82 17.6
83 17.6
84 17.6
85 17.6
86 17.6
87 18.2
88 18.2
89 18.2
90 18.2
91 18.2
92 18.2
93 18.8
94 18.8
95 18.8
96 19.4
97 20.0
98 20.0
99 20.0
100 20.0
101 20.0
102 20.6
103 21.2
104 21.2
105 21.4
106 21.4
107 21.4
108 21.4
109 21.4
110 21.4
111 21.4
112 21.4
113 22.2
114 22.8
115 23.2
116 23.2
117 23.2
118 23.8
119 23.8
120 23.8
121 23.8
122 23.8
123 23.8
124 23.8
125 23.8
126 23.8
127 24.4
128 24.4
129 24.4
130 24.4
131 24.4
132 24.8
133 24.8
134 25.4
135 25.4
136 25.4
137 25.4
138 25.4
139 25.4
140 25.4
141 25.8
142 26.8
143 26.8
144 27.2
145 27.2
146 27.2
147 27.2
148 27.2
149 27.2
150 27.2
151 27.8
152 27.8
153 27.8
154 27.8
155 28.2
156 28.2
157 28.8
158 28.8
159 28.8
160 29.4
161 29.4
162 29.4
163 29.6
164 29.6
165 29.6
166 29.6
167 30.2
168 30.2
169 30.8
170 30.8
171 32.0
172 32.0
173 32.0
174 32.4
175 32.4
176 33.0
177 33.0
178 33.0
179 33.6
180 33.6
181 33.6
182 33.6
183 33.8
184 33.8
185 33.8
186 33.8
187 33.8
188 33.8
189 33.8
190 33.8
191 33.8
192 33.8
193 33.8
194 34.4
195 34.4
196 35.0
197 35.0
198 35.0
199 35.6
200 35.6
201 35.6
202 35.6
203 35.6
204 36.0
205 36.0
206 36.0
207 36.0
208 36.0
209 36.0
210 36.0
211 36.0
212 36.2
213 36.2
214 36.2
215 36.2
216 36.2
217 36.2
218 36.2
219 36.2
220 36.6
221 37.2
222 37.2
223 37.8
224 38.2
225 38.2
226 38.2
227 38.4
228 38.4
229 38.6
230 38.6
231 38.6
232 39.2
233 39.2
234 39.2
235 39.2
236 39.2
237 39.2
238 39.2
239 39.2
240 39.2
241 39.2
242 39.2
243 39.2
244 39.2
245 39.2
246 39.2
247 39.2
248 39.2
249 39.2
250 39.2
251 39.2
252 39.2
253 39.2
254 39.4
255 39.4
256 39.4
257 39.4
258 39.6
259 39.6
260 39.6
261 39.6
262 39.6
263 39.6
264 41.2
265 41.2
266 41.2
267 41.2
268 41.4
269 41.6
270 41.6
271 41.6
272 41.6
273 41.6
274 41.6
275 42.2
276 42.2
277 42.2
278 42.4
279 42.4
280 42.4
281 42.4
282 42.4
283 42.4
284 42.4
285 43.2
286 43.2
287 43.2
288 43.2
289 43.2
290 43.2
291 43.2
292 43.2
293 43.2
294 43.2
295 43.2
296 43.2
297 43.8
298 43.8
299 44.0
300 44.0
301 44.6
302 44.6
303 44.6
304 45.2
305 45.8
306 45.8
307 46.0
308 46.6
309 46.6
310 46.6
311 46.6
312 47.2
313 47.2
314 47.2
315 47.2
316 47.2
317 47.4
318 47.4
319 47.4
320 47.4
321 48.0
322 48.2
323 48.2
324 48.4
325 48.4
326 48.4
327 48.4
328 48.4
329 48.6
330 48.6
331 48.6
332 49.2
333 49.4
334 49.4
335 49.8
336 49.8
337 49.8
338 49.8
339 49.8
340 49.8
341 49.8
342 49.8
343 50.2
344 50.2
345 50.6
346 50.6
347 50.6
348 50.6
349 50.6
350 50.6
351 50.6
352 50.6
353 50.6
354 50.6
355 50.6
356 50.6
357 50.6
358 50.6
359 50.6
360 50.6
361 51.4
362 52.0
363 52.0
364 52.4
365 52.4
366 52.4
367 52.4
368 53.0
369 53.0
370 53.0
371 53.0
372 53.0
373 53.0
374 53.2
375 53.2
376 53.2
377 54.0
378 54.0
379 54.2
380 54.2
381 54.2
382 54.2
383 54.8
384 55.4
385 55.4
386 55.4
387 55.4
388 55.4
389 55.4
390 55.4
391 55.8
392 55.8
393 55.8
394 56.4
395 57.6
396 57.6
397 57.6
398 57.6
399 57.6
400 57.6
401 57.6
402 57.6
403 57.6
404 57.6
405 57.8
406 57.8
407 57.8
408 57.8
409 57.8
410 57.8
411 57.8
412 57.8
413 58.4
414 58.8
415 58.8
416 59.0
417 59.0
418 59.4
419 59.4
420 59.4
421 59.6
422 60.2
423 60.2
424 60.2
425 60.2
426 60.2
427 60.4
428 60.4
429 60.4
430 60.4
431 60.4
432 60.8
433 60.8
434 61.4
435 61.4
436 61.6
437 62.2
438 62.6
439 62.6
440 62.6
441 63.0
442 63.0
443 63.0
444 63.6
445 63.6
446 63.6
447 63.6
448 63.8
449 63.8
450 63.8
451 63.8
452 63.8
453 63.8
454 63.8
455 63.8
456 63.8
457 63.8
458 63.8
459 63.8
460 63.8
461 63.8
462 63.8
463 64.4
464 64.4
465 64.4
466 64.6
467 64.6
468 64.6
469 65.0
470 65.0
471 65.0
472 65.0
473 65.0
474 65.6
475 65.6
476 65.6
477 65.6
478 66.2
479 66.2
480 66.8
481 67.6
482 68.0
483 68.0
484 68.0
485 68.2
486 68.2
487 68.2
488 68.2
489 68.2
490 68.2
491 68.2
492 68.2
493 68.2
494 68.8
495 68.8
496 68.8
497 68.8
498 68.8
499 68.8
500 69.2
501 69.8
502 69.8
503 69.8
504 69.8
505 70.0
506 70.0
507 70.0
508 70.8
509 71.4
510 71.4
511 71.4
512 71.4
513 71.4
514 71.4
515 71.4
516 71.4
517 71.4
518 71.6
519 71.6
520 71.6
521 71.6
522 71.6
523 71.6
524 71.6
525 71.6
526 71.6
527 71.8
528 71.8
529 71.8
530 71.8
531 72.0
532 72.0
533 72.0
534 72.0
535 72.0
536 72.0
537 72.0
538 72.0
539 72.6
540 72.6
541 72.6
542 72.6
543 72.8
544 73.0
545 73.0
546 73.0
547 73.2
548 73.4
549 73.4
550 73.4
551 73.4
552 73.4
553 73.6
554 73.6
555 73.6
556 73.6
557 73.6
558 73.6
559 74.0
560 74.0
561 74.4
562 74.4
563 74.4
564 74.4
565 74.4
566 74.4
567 74.6
568 74.8
569 75.4
570 75.6
571 75.6
572 75.6
573 75.6
574 75.6
575 75.6
576 76.0
577 76.0
578 76.0
579 76.0
580 76.0
581 76.0
582 76.0
583 76.0
584 76.0
585 76.0
586 76.6
587 76.8
588 76.8
589 76.8
590 76.8
591 76.8
592 76.8
593 77.6
594 77.6
595 77.6
596 77.6
597 77.8
598 77.8
599 77.8
600 78.2
601 78.8
602 78.8
603 78.8
604 78.8
605 79.0
606 79.0
607 79.0
608 79.0
609 79.6
610 79.6
611 79.6
612 79.6
613 79.6
614 79.6
615 80.0
616 80.0
617 80.0
618 80.0
619 80.0
620 80.6
621 80.6
622 80.6
623 80.6
624 80.8
625 81.2
626 81.2
627 81.2
628 81.2
629 81.2
630 81.2
631 81.4
632 81.4
633 81.4
634 81.4
635 81.4
636 81.4
637 81.4
638 81.4
639 81.4
640 81.4
641 81.4
642 81.8
643 81.8
644 81.8
645 81.8
646 81.8
647 81.8
648 81.8
649 82.0
650 82.2
651 82.4
652 82.6
653 82.6
654 82.8
655 82.8
656 82.8
657 82.8
658 82.8
659 83.0
660 83.4
661 83.6
662 83.6
663 83.6
664 83.6
665 83.6
666 83.6
667 83.6
668 84.0
669 84.4
670 84.4
671 84.4
672 84.4
673 84.4
674 84.4
675 84.4
676 84.4
677 85.6
678 85.6
679 85.6
680 86.2
681 86.4
682 86.4
683 86.4
684 86.4
685 86.4
686 86.4
687 86.4
688 86.4
689 86.4
690 86.4
691 86.4
692 86.4
693 86.6
694 87.0
695 87.0
696 87.0
697 87.2
698 87.6
699 87.6
700 87.6
701 87.6
702 87.6
703 87.6
704 88.2
705 88.2
706 88.2
707 88.2
708 88.2
709 88.2
710 88.8
711 88.8
712 89.2
713 89.2
714 89.2
715 89.2
716 89.2
717 89.2
718 89.2
719 89.4
720 89.4
721 89.4
722 89.4
723 89.4
724 89.8
725 89.8
726 89.8
727 89.8
728 89.8
729 90.0
730 90.0
731 90.2
732 90.2
733 90.8
734 90.8
735 90.8
736 91.0
737 91.0
738 91.0
739 91.0
740 91.0
741 91.2
742 91.2
743 91.2
744 91.2
745 91.6
746 92.0
747 92.0
748 92.0
749 92.0
750 92.0
751 92.0
752 92.0
753 92.0
754 92.0
755 92.0
756 92.0
757 92.0
758 92.0
759 92.0
760 92.0
761 92.0
762 92.6
763 92.6
764 92.6
765 92.6
766 92.6
767 92.6
768 92.6
769 92.6
770 93.6
771 93.8
772 94.0
773 94.0
774 94.0
775 94.0
776 94.0
777 94.0
778 94.2
779 94.2
780 94.2
781 94.4
782 94.4
783 95.0
784 95.0
785 95.2
786 95.2
787 95.2
788 95.2
789 95.2
790 95.2
791 95.2
792 95.2
793 95.2
794 95.2
795 95.6
796 95.6
797 95.6
798 95.6
799 95.6
800 95.6
801 95.6
802 95.8
803 95.8
804 95.8
805 95.8
806 96.2
807 96.2
808 96.2
809 96.2
810 96.2
811 96.2
812 97.6
813 97.6
814 97.6
815 97.6
816 97.6
817 97.6
818 98.0
819 98.0
820 98.2
821 98.2
822 98.2
823 98.2
824 98.2
825 98.2
826 98.4
827 98.4
828 98.4
829 98.4
830 98.4
831 98.4
832 98.4
833 98.4
834 98.4
835 98.4
836 98.4
837 98.4
838 98.4
839 98.8
840 99.0
841 99.0
842 99.0
843 99.2
844 99.2
845 99.8
846 99.8
847 100.0
848 100.0
849 100.0
850 100.0
851 100.0
852 100.4
853 100.4
854 100.4
855 100.4
856 100.4
857 100.4
858 100.6
859 100.6
860 100.6
861 100.6
862 100.8
863 100.8
864 100.8
865 100.8
866 100.8
867 100.8
868 101.0
869 101.4
870 101.4
871 101.4
872 101.4
873 101.4
874 102.0
875 102.0
876 102.0
877 102.6
878 102.6
879 102.6
880 103.2
881 103.2
882 103.2
883 103.4
884 103.4
885 103.4
886 103.4
887 103.4
888 103.6
889 103.6
890 103.6
891 103.6
892 103.6
893 103.6
894 104.2
895 104.2
896 104.6
897 104.6
898 104.6
899 104.6
900 104.6
901 104.6
902 104.6
903 104.6
904 104.6
905 104.6
906 104.6
907 104.6
908 104.6
909 104.6
910 104.6
911 104.8
912 104.8
913 104.8
914 104.8
915 104.8
916 104.8
917 104.8
918 104.8
919 104.8
920 104.8
921 105.2
922 105.2
923 105.6
924 105.6
925 106.0
926 106.0
927 106.0
928 106.0
929 106.0
930 106.0
931 106.0
932 106.0
933 106.0
934 106.0
935 106.0
936 106.0
937 106.0
938 106.0
939 106.0
940 106.0
941 107.2
942 107.2
943 107.2
944 107.2
945 107.2
946 107.4
947 107.4
948 107.8
949 108.0
950 109.0
951 109.0
952 109.6
953 109.6
954 109.6
955 109.6
956 109.6
957 109.6
958 110.2
959 110.2
960 110.2
961 110.2
962 110.2
963 110.2
964 110.2
965 110.2
966 110.2
967 110.2
968 110.4
969 110.6
970 110.8
971 110.8
972 110.8
973 110.8
974 110.8
975 110.8
976 110.8
977 110.8
978 111.0
979 111.0
980 111.0
981 111.0
982 111.2
983 111.6
984 111.6
985 111.6
986 111.6
987 111.6
988 111.6
989 112.0
990 112.6
991 112.6
992 112.6
993 112.6
994 112.6
995 112.6
996 112.8
997 112.8
998 112.8
999 113.4
1000 113.6
1001 113.6
1002 114.0
1003 114.0
1004 114.0
1005 114.0
1006 114.0
1007 114.6
1008 114.6
1009 114.6
1010 114.6
1011 114.6
1012 114.6
1013 114.6
1014 115.0
1015 115.0
1016 115.0
1017 115.0
1018 115.0
1019 115.0
1020 115.0
1021 115.0
1022 115.0
1023 115.0
1024 115.0
1025 115.4
1026 115.6
1027 116.0
1028 116.0
1029 116.0
1030 116.0
1031 116.0
1032 116.0
1033 116.0
1034 116.0
1035 116.0
1036 116.0
1037 116.0
1038 116.0
1039 116.0
1040 116.8
1041 116.8
1042 117.0
1043 117.4
1044 117.4
1045 117.4
1046 117.4
1047 117.4
1048 117.4
1049 117.4
1050 117.4
1051 117.4
1052 117.4
1053 117.4
1054 117.4
1055 117.4
1056 117.4
1057 117.4
1058 117.6
1059 117.6
1060 117.6
1061 117.8
1062 117.8
1063 117.8
1064 118.0
1065 118.6
1066 118.6
1067 118.6
1068 118.6
1069 118.6
1070 118.6
1071 118.6
1072 118.6
1073 118.6
1074 118.6
1075 118.6
1076 118.6
1077 118.8
1078 118.8
1079 118.8
1080 118.8
1081 118.8
1082 119.0
1083 119.0
1084 119.4
1085 119.4
1086 119.6
1087 119.6
1088 119.8
1089 119.8
1090 119.8
1091 120.4
1092 120.6
1093 121.0
1094 121.2
1095 121.2
1096 121.2
1097 121.2
1098 121.2
1099 121.2
1100 121.4
1101 121.4
1102 121.6
1103 121.6
1104 121.6
1105 122.2
1106 122.2
1107 122.2
1108 122.2
1109 122.8
1110 122.8
1111 123.0
1112 123.0
1113 123.0
1114 123.0
1115 123.0
1116 123.0
1117 123.2
1118 123.2
1119 123.2
1120 123.2
1121 123.2
1122 123.2
1123 123.2
1124 123.2
1125 123.2
1126 123.2
1127 123.2
1128 123.2
1129 123.2
1130 123.2
1131 123.4
1132 124.0
1133 124.0
1134 124.4
1135 124.4
1136 124.6
1137 124.6
1138 124.8
1139 124.8
1140 124.8
1141 124.8
1142 124.8
1143 124.8
1144 124.8
1145 124.8
1146 124.8
1147 124.8
1148 124.8
1149 125.0
1150 125.0
1151 125.0
1152 125.0
1153 125.0
1154 125.0
1155 125.2
1156 125.2
1157 125.2
1158 125.4
1159 125.6
1160 125.6
1161 125.6
1162 125.6
1163 125.6
1164 125.6
1165 125.6
1166 125.6
1167 125.6
1168 125.6
1169 126.0
1170 126.0
1171 126.0
1172 126.2
1173 126.2
1174 126.2
1175 126.4
1176 126.4
1177 126.4
1178 126.4
1179 126.4
1180 126.6
1181 126.8
1182 126.8
1183 126.8
1184 127.4
1185 127.4
1186 128.2
1187 128.2
1188 128.2
1189 128.2
1190 128.2
1191 128.2
1192 128.8
1193 129.2
1194 129.2
1195 129.2
1196 129.2
1197 129.2
1198 129.2
1199 129.2
1200 129.2
1201 129.2
1202 130.2
1203 130.2
1204 130.4
1205 130.4
1206 130.4
1207 130.4
1208 130.4
1209 130.6
1210 130.6
1211 130.6
1212 131.2
1213 131.8
1214 131.8
1215 132.0
1216 132.2
1217 132.2
1218 132.4
1219 132.4
1220 132.4
1221 132.4
1222 132.4
1223 132.4
1224 132.4
1225 132.4
1226 132.4
1227 132.4
1228 132.4
1229 132.4
1230 132.4
1231 133.0
1232 133.0
1233 133.6
1234 133.6
1235 133.6
1236 133.6
1237 133.6
1238 133.6
1239 133.6
1240 133.6
1241 133.6
1242 133.6
1243 133.6
1244 133.6
1245 133.6
1246 133.6
1247 133.6
1248 133.6
1249 133.6
1250 133.6
1251 133.6
1252 133.6
1253 133.6
1254 133.6
1255 133.6
1256 133.6
1257 133.6
1258 134.0
1259 134.0
1260 134.0
1261 134.0
1262 134.0
1263 134.0
1264 134.0
1265 134.6
1266 134.6
1267 134.8
1268 134.8
1269 134.8
1270 134.8
1271 134.8
1272 134.8
1273 134.8
1274 134.8
1275 134.8
1276 134.8
1277 134.8
1278 134.8
1279 134.8
1280 134.8
1281 134.8
1282 134.8
1283 135.0
1284 135.0
1285 135.0
1286 135.4
1287 135.6
1288 135.6
1289 135.6
1290 135.6
1291 135.6
1292 135.6
1293 135.8
1294 136.0
1295 136.0
1296 136.0
1297 136.0
1298 136.0
1299 136.2
1300 136.2
1301 136.6
1302 136.6
1303 136.6
1304 136.6
1305 136.6
1306 137.0
1307 137.0
1308 137.0
1309 137.0
1310 137.0
1311 137.4
1312 137.4
1313 137.4
1314 137.4
1315 137.4
1316 137.4
1317 137.4
1318 137.4
1319 137.4
1320 137.4
1321 137.4
1322 138.0
1323 138.0
1324 138.0
1325 138.0
1326 138.0
1327 138.0
1328 138.0
1329 138.2
1330 138.8
1331 138.8
1332 138.8
1333 139.4
1334 139.4
1335 139.4
1336 139.8
1337 139.8
1338 139.8
1339 139.8
1340 139.8
1341 139.8
1342 139.8
1343 140.0
1344 140.0
1345 140.0
1346 140.2
1347 140.2
1348 140.2
1349 140.2
1350 140.2
1351 140.4
1352 140.4
1353 140.4
1354 140.4
1355 140.4
1356 140.4
1357 140.4
1358 140.6
1359 140.6
1360 140.6
1361 140.6
1362 140.8
1363 141.0
1364 141.0
1365 141.0
1366 141.0
1367 141.0
1368 141.4
1369 142.0
1370 142.0
1371 142.0
1372 142.0
1373 142.0
1374 142.0
1375 142.0
1376 142.6
1377 142.6
1378 142.6
1379 142.6
1380 142.8
1381 142.8
1382 142.8
1383 142.8
1384 142.8
1385 143.0
1386 143.0
1387 143.0
1388 143.0
1389 143.2
1390 143.4
1391 143.6
1392 143.6
1393 143.6
1394 143.6
1395 143.6
1396 143.6
1397 143.8
1398 143.8
1399 143.8
1400 143.8
1401 144.0
1402 144.0
1403 144.0
1404 144.0
1405 144.0
1406 144.0
1407 144.2
1408 144.2
1409 144.2
1410 144.2
1411 144.2
1412 144.2
1413 144.2
1414 144.2
1415 144.8
1416 144.8
1417 144.8
1418 144.8
1419 144.8
1420 145.0
1421 145.0
1422 145.0
1423 145.0
1424 145.0
1425 145.0
1426 145.2
1427 145.2
1428 145.4
1429 145.4
1430 145.4
1431 145.4
1432 145.6
1433 145.6
1434 145.6
1435 146.2
1436 146.2
1437 146.2
1438 146.2
1439 146.2
1440 146.2
1441 146.2
1442 146.2
1443 146.4
1444 146.4
1445 146.6
1446 147.0
1447 147.0
1448 147.0
1449 147.2
1450 147.2
1451 147.2
1452 147.2
1453 147.8
1454 147.8
1455 147.8
1456 147.8
1457 147.8
1458 147.8
1459 147.8
1460 147.8
1461 147.8
1462 147.8
1463 147.8
1464 147.8
1465 147.8
1466 148.0
1467 148.0
1468 148.2
1469 148.2
1470 148.2
1471 148.2
1472 148.4
1473 148.4
1474 148.4
1475 148.6
1476 149.0
1477 149.0
1478 149.0
1479 149.2
1480 149.2
1481 149.2
1482 149.6
1483 149.6
1484 149.8
1485 149.8
1486 149.8
1487 149.8
1488 149.8
1489 149.8
1490 149.8
1491 150.2
1492 150.2
1493 150.2
1494 150.2
1495 150.2
1496 150.4
1497 150.4
1498 150.4
1499 150.4
1500 150.4
1501 150.4
1502 150.4
1503 150.6
1504 150.6
1505 150.6
1506 150.6
1507 150.6
1508 150.6
1509 150.6
1510 150.6
1511 151.2
1512 151.2
1513 151.2
1514 151.2
1515 151.4
1516 151.4
1517 151.4
1518 151.4
1519 151.4
1520 151.4
1521 151.4
1522 151.4
1523 151.4
1524 151.4
1525 151.4
1526 151.6
1527 151.6
1528 151.6
1529 151.6
1530 151.6
1531 152.2
1532 152.2
1533 152.2
1534 152.2
1535 152.2
1536 152.2
1537 152.2
1538 152.2
1539 152.4
1540 152.6
1541 153.0
1542 153.0
1543 153.2
1544 153.2
1545 153.2
1546 153.2
1547 153.2
1548 153.2
1549 153.2
1550 153.2
1551 153.2
1552 153.2
1553 153.2
1554 153.2
1555 153.2
1556 153.2
1557 153.8
1558 153.8
1559 154.0
1560 154.0
1561 154.2
1562 154.2
1563 154.6
1564 154.6
1565 154.6
1566 154.6
1567 154.6
1568 154.6
1569 154.8
1570 154.8
1571 154.8
1572 154.8
1573 154.8
1574 155.4
1575 155.4
1576 155.4
1577 155.4
1578 155.4
1579 155.6
1580 155.6
1581 155.8
1582 156.0
1583 156.0
1584 156.0
1585 156.0
1586 156.0
1587 156.0
1588 156.0
1589 156.0
1590 156.0
1591 156.8
1592 156.8
1593 156.8
1594 156.8
1595 157.0
1596 157.0
1597 157.0
1598 157.0
1599 157.0
1600 157.0
1601 157.2
1602 157.2
1603 157.2
1604 157.2
1605 158.0
1606 158.0
1607 158.0
1608 158.0
1609 158.2
1610 158.2
1611 158.2
1612 158.2
1613 158.2
1614 158.2
1615 158.2
1616 158.2
1617 158.2
1618 158.2
1619 158.4
1620 158.4
1621 158.4
1622 158.4
1623 158.4
1624 158.4
1625 158.4
1626 158.4
1627 159.0
1628 159.0
1629 159.4
1630 159.4
1631 159.4
1632 159.4
1633 159.6
1634 159.6
1635 159.6
1636 159.6
1637 159.8
1638 160.0
1639 160.0
1640 160.0
1641 160.2
1642 160.2
1643 160.4
1644 160.4
1645 160.4
1646 160.6
1647 160.6
1648 160.6
1649 160.6
1650 160.6
1651 160.6
1652 160.6
1653 160.8
1654 160.8
1655 160.8
1656 160.8
1657 161.0
1658 161.0
1659 161.0
1660 161.0
1661 161.0
1662 161.0
1663 161.0
1664 161.0
1665 161.0
1666 161.2
1667 161.2
1668 161.2
1669 161.2
1670 161.2
1671 161.2
1672 161.2
1673 161.2
1674 161.2
1675 161.2
1676 161.2
1677 161.2
1678 161.8
1679 161.8
1680 161.8
1681 162.0
1682 162.0
1683 162.0
1684 162.0
1685 162.0
1686 162.4
1687 162.6
1688 163.4
1689 163.4
1690 163.6
1691 163.6
1692 163.8
1693 163.8
1694 163.8
1695 163.8
1696 163.8
1697 163.8
1698 163.8
1699 163.8
1700 163.8
1701 163.8
1702 163.8
1703 164.0
1704 164.0
1705 164.2
1706 164.2
1707 164.2
1708 164.2
1709 164.2
1710 164.2
1711 164.2
1712 164.2
1713 164.2
1714 164.8
1715 165.0
1716 165.0
1717 165.0
1718 165.0
1719 165.6
1720 165.6
1721 165.6
1722 165.6
1723 165.6
1724 165.6
1725 165.8
1726 165.8
1727 166.0
1728 166.2
1729 166.2
1730 166.2
1731 166.2
1732 166.2
1733 166.2
1734 166.2
1735 166.2
1736 166.2
1737 166.2
1738 166.2
1739 166.2
1740 166.2
1741 166.6
1742 166.6
1743 166.6
1744 166.8
1745 166.8
1746 167.0
1747 167.2
1748 167.8
1749 167.8
1750 167.8
1751 167.8
1752 167.8
1753 167.8
1754 168.4
1755 168.4
1756 168.4
1757 168.4
1758 168.4
1759 168.4
1760 168.6
1761 168.6
1762 168.8
1763 168.8
1764 168.8
1765 168.8
1766 168.8
1767 168.8
1768 169.0
1769 169.0
1770 169.0
1771 169.0
1772 169.0
1773 169.0
1774 169.0
1775 169.0
1776 169.6
1777 169.6
1778 169.6
1779 169.6
1780 170.0
1781 170.0
1782 170.0
1783 170.0
1784 170.0
1785 170.0
1786 170.0
1787 170.0
1788 170.0
1789 170.0
1790 170.0
1791 170.8
1792 170.8
1793 171.0
1794 171.0
1795 171.2
1796 171.2
1797 171.2
1798 171.4
1799 171.4
1800 171.6
1801 172.0
1802 172.0
1803 172.0
1804 172.0
1805 172.0
1806 172.0
1807 172.0
1808 172.0
1809 172.0
1810 172.2
1811 172.2
1812 172.2
1813 172.2
1814 172.2
1815 172.2
1816 172.2
1817 172.2
1818 172.2
1819 172.2
1820 172.2
1821 172.2
1822 172.2
1823 172.2
1824 172.2
1825 172.2
1826 172.2
1827 172.2
1828 172.2
1829 172.2
1830 172.2
1831 172.2
1832 172.2
1833 172.2
1834 172.2
1835 172.6
1836 172.6
1837 172.6
1838 172.6
1839 172.6
1840 172.6
1841 172.6
1842 172.6
1843 172.6
1844 173.0
1845 173.0
1846 173.0
1847 173.0
1848 173.0
1849 173.0
1850 173.0
1851 173.0
1852 173.2
1853 173.2
1854 173.4
1855 173.4
1856 173.4
1857 173.4
1858 173.4
1859 173.6
1860 173.8
1861 173.8
1862 174.0
1863 174.4
1864 174.4
1865 174.4
1866 174.4
1867 174.4
1868 174.6
1869 174.6
1870 174.6
1871 175.0
1872 175.0
1873 175.4
1874 175.4
1875 175.4
1876 175.4
1877 175.4
1878 175.8
1879 175.8
1880 175.8
1881 175.8
1882 175.8
1883 175.8
1884 175.8
1885 175.8
1886 175.8
1887 175.8
1888 176.0
1889 176.0
1890 176.0
1891 176.0
1892 176.0
1893 176.2
1894 176.4
1895 176.4
1896 176.4
1897 176.4
1898 176.4
1899 176.4
1900 176.4
1901 176.4
1902 176.4
1903 176.4
1904 176.8
1905 176.8
1906 176.8
1907 176.8
1908 177.0
1909 177.0
1910 177.0
1911 177.0
1912 177.0
1913 177.4
1914 177.4
1915 177.4
1916 177.4
1917 177.6
1918 177.6
1919 177.6
1920 177.6
1921 177.6
1922 177.6
1923 177.6
1924 177.6
1925 177.6
1926 177.6
1927 177.6
1928 177.6
1929 177.6
1930 177.6
1931 177.6
1932 177.6
1933 177.6
1934 177.6
1935 177.6
1936 177.6
1937 177.6
1938 177.6
1939 177.6
1940 177.6
1941 177.6
1942 177.8
1943 177.8
1944 177.8
1945 177.8
1946 177.8
1947 178.4
1948 178.4
1949 178.8
1950 178.8
1951 178.8
1952 178.8
1953 178.8
1954 179.0
1955 179.0
1956 179.2
1957 179.2
1958 179.2
1959 179.8
1960 179.8
1961 180.0
1962 180.0
1963 180.2
1964 180.2
1965 180.2
1966 180.2
1967 180.2
1968 180.2
1969 180.2
1970 180.2
1971 180.2
1972 180.2
1973 180.2
1974 180.2
1975 180.2
1976 180.6
1977 180.6
1978 180.6
1979 180.6
1980 180.6
1981 180.6
1982 180.6
1983 180.6
1984 180.6
1985 180.6
1986 180.6
1987 180.6
1988 180.6
1989 180.6
1990 180.6
1991 180.6
1992 181.2
1993 181.2
1994 181.2
1995 181.2
1996 181.4
1997 181.4
1998 181.4
1999 181.6
2000 181.6
2001 181.6
2002 181.6
2003 181.6
2004 181.6
2005 181.6
2006 181.6
2007 181.8
2008 181.8
2009 181.8
2010 181.8
2011 181.8
2012 181.8
2013 181.8
2014 181.8
2015 181.8
2016 181.8
2017 182.0
2018 182.0
2019 182.0
2020 182.8
2021 182.8
2022 182.8
2023 182.8
2024 182.8
2025 183.0
2026 183.0
2027 183.2
2028 183.2
2029 183.2
2030 183.2
2031 183.6
2032 183.8
2033 183.8
2034 183.8
2035 183.8
2036 183.8
2037 183.8
2038 183.8
2039 183.8
2040 183.8
2041 183.8
2042 183.8
2043 183.8
2044 183.8
2045 183.8
2046 183.8
2047 183.8
2048 184.4
2049 184.4
2050 184.4
2051 184.4
2052 184.4
2053 184.4
2054 184.4
2055 184.4
2056 184.4
2057 184.4
2058 184.4
2059 184.6
2060 184.6
2061 184.6
2062 184.6
2063 184.6
2064 184.6
2065 184.6
2066 184.6
2067 184.6
2068 184.6
2069 184.6
2070 184.6
2071 184.6
2072 184.6
2073 185.0
2074 185.0
2075 185.0
2076 185.4
2077 185.4
2078 185.4
2079 185.4
2080 185.4
2081 185.4
2082 185.4
2083 185.4
2084 185.4
2085 185.4
2086 185.4
2087 185.4
2088 185.6
2089 185.6
2090 185.6
2091 185.6
2092 185.8
2093 185.8
2094 185.8
2095 185.8
2096 185.8
2097 185.8
2098 185.8
2099 186.0
2100 186.0
2101 186.0
2102 186.0
2103 186.6
2104 186.6
2105 186.8
2106 186.8
2107 186.8
2108 186.8
2109 186.8
2110 187.2
2111 187.2
2112 187.2
2113 187.2
2114 187.2
2115 187.2
2116 187.2
2117 187.2
2118 187.2
2119 187.2
2120 187.4
2121 187.8
2122 188.4
2123 188.4
2124 188.4
2125 188.6
2126 188.8
2127 188.8
2128 188.8
2129 188.8
2130 188.8
2131 188.8
2132 189.0
2133 189.0
2134 189.0
2135 189.0
2136 189.0
2137 189.0
2138 189.0
2139 189.0
2140 189.2
2141 189.2
2142 189.2
2143 189.2
2144 189.8
2145 189.8
2146 189.8
2147 189.8
2148 189.8
2149 189.8
2150 189.8
2151 189.8
2152 189.8
2153 189.8
2154 189.8
2155 189.8
2156 189.8
2157 189.8
2158 189.8
2159 189.8
2160 189.8
2161 189.8
2162 189.8
2163 189.8
2164 189.8
2165 189.8
2166 189.8
2167 189.8
2168 190.0
2169 190.0
2170 190.0
2171 190.0
2172 190.4
2173 190.4
2174 190.4
2175 190.4
2176 190.4
2177 190.4
2178 190.4
2179 190.4
2180 190.4
2181 190.4
2182 190.4
2183 190.4
2184 190.4
2185 190.4
2186 190.6
2187 190.6
2188 190.6
2189 190.6
2190 190.8
2191 190.8
2192 190.8
2193 190.8
2194 190.8
2195 190.8
2196 190.8
2197 190.8
2198 190.8
2199 190.8
2200 190.8
2201 191.0
2202 191.0
2203 191.0
2204 191.0
2205 191.0
2206 191.2
2207 191.4
2208 191.6
2209 191.6
2210 191.8
2211 191.8
2212 191.8
2213 191.8
2214 191.8
2215 191.8
2216 191.8
2217 192.0
2218 192.0
2219 192.0
2220 192.0
2221 192.2
2222 192.2
2223 192.2
2224 192.6
2225 192.6
2226 192.6
2227 192.6
2228 192.6
2229 192.6
2230 192.6
2231 192.6
2232 192.6
2233 192.6
2234 192.6
2235 192.6
2236 192.6
2237 192.6
2238 192.6
2239 192.6
2240 193.0
2241 193.0
2242 193.0
2243 193.0
2244 193.0
2245 193.0
2246 193.0
2247 193.0
2248 193.0
2249 193.0
2250 193.0
2251 193.0
2252 193.0
2253 193.0
2254 193.2
2255 193.2
2256 193.2
2257 193.8
2258 193.8
2259 194.0
2260 194.0
2261 194.0
2262 194.0
2263 194.0
2264 194.0
2265 194.0
2266 194.0
2267 194.0
2268 194.0
2269 194.6
2270 194.8
2271 194.8
2272 194.8
2273 194.8
2274 194.8
2275 194.8
2276 195.0
2277 195.0
2278 195.4
2279 195.6
2280 195.6
2281 195.6
2282 195.6
2283 195.6
2284 195.6
2285 195.6
2286 195.8
2287 195.8
2288 195.8
2289 195.8
2290 196.2
2291 196.2
2292 196.2
2293 196.2
2294 196.2
2295 196.2
2296 196.2
2297 196.2
2298 196.2
2299 196.2
2300 196.2
2301 196.2
2302 196.2
2303 196.2
2304 196.2
2305 196.8
2306 196.8
2307 196.8
2308 196.8
2309 196.8
2310 196.8
2311 196.8
2312 196.8
2313 197.0
2314 197.0
2315 197.4
2316 197.4
2317 197.4
2318 198.0
2319 198.0
2320 198.0
2321 198.0
2322 198.0
2323 198.0
2324 198.0
2325 198.0
2326 198.0
2327 198.0
2328 198.0
2329 198.2
2330 198.4
2331 198.4
2332 198.4
2333 198.4
2334 198.4
2335 198.6
2336 198.6
2337 198.6
2338 198.6
2339 198.6
2340 198.6
2341 199.2
2342 199.2
2343 199.6
2344 199.6
2345 199.6
2346 199.6
2347 199.8
2348 199.8
2349 199.8
2350 200.4
2351 200.4
2352 200.4
2353 200.4
2354 200.4
2355 200.4
2356 200.4
2357 200.4
2358 200.4
2359 200.4
2360 200.4
2361 200.4
2362 200.4
2363 200.4
2364 200.6
2365 200.6
2366 200.6
2367 200.6
2368 200.6
2369 200.6
2370 200.6
2371 200.6
2372 200.6
2373 200.6
2374 200.8
2375 200.8
2376 200.8
2377 200.8
2378 201.0
2379 201.0
2380 201.0
2381 201.0
2382 201.0
2383 201.2
2384 201.2
2385 201.2
2386 201.4
2387 201.4
2388 201.4
2389 201.4
2390 201.4
2391 201.4
2392 201.4
2393 201.4
2394 201.4
2395 201.6
2396 202.0
2397 202.0
2398 202.0
2399 202.0
2400 202.0
2401 203.0
2402 203.0
2403 203.0
2404 203.0
2405 203.0
2406 203.0
2407 203.2
2408 203.2
2409 203.2
2410 203.2
2411 203.2
2412 203.2
2413 203.2
2414 203.2
2415 203.8
2416 203.8
2417 203.8
2418 203.8
2419 203.8
2420 204.2
2421 204.4
2422 204.4
2423 204.6
2424 204.6
2425 204.6
2426 204.6
2427 204.6
2428 204.6
2429 204.6
2430 204.6
2431 204.6
2432 204.6
2433 204.6
2434 204.6
2435 204.6
2436 204.6
2437 204.6
2438 204.6
2439 204.6
2440 204.6
2441 204.6
2442 204.6
2443 204.6
2444 204.8
2445 204.8
2446 204.8
2447 204.8
2448 204.8
2449 204.8
2450 205.4
2451 205.4
2452 205.4
2453 205.4
2454 205.4
2455 205.4
2456 205.4
2457 205.4
2458 205.4
2459 205.4
2460 205.6
2461 205.6
2462 205.6
2463 205.6
2464 205.6
2465 205.6
2466 205.6
2467 205.6
2468 205.6
2469 205.6
2470 205.6
2471 205.6
2472 205.6
2473 206.0
2474 206.0
2475 206.0
2476 206.0
2477 206.0
2478 206.0
2479 206.0
2480 206.0
2481 206.0
2482 206.0
2483 206.0
2484 206.0
2485 206.0
2486 206.0
2487 206.0
2488 206.0
2489 206.0
2490 206.0
2491 206.0
2492 206.0
2493 206.0
2494 206.2
2495 206.2
2496 206.2
2497 206.2
2498 206.2
2499 206.2
2500 206.2
2501 206.2
2502 206.2
2503 206.8
2504 206.8
2505 206.8
2506 206.8
2507 206.8
2508 206.8
2509 206.8
2510 206.8
2511 206.8
2512 206.8
2513 206.8
2514 206.8
2515 206.8
2516 206.8
2517 206.8
2518 206.8
2519 207.0
2520 207.0
2521 207.0
2522 207.2
2523 207.2
2524 207.8
2525 207.8
2526 207.8
2527 207.8
2528 207.8
2529 207.8
2530 207.8
2531 207.8
2532 207.8
2533 207.8
2534 207.8
2535 208.0
2536 208.0
2537 208.0
2538 208.0
2539 208.0
2540 208.0
2541 208.0
2542 208.0
2543 208.0
2544 208.0
2545 208.0
2546 208.0
2547 208.0
2548 208.0
2549 208.0
2550 208.0
2551 208.2
2552 208.2
2553 208.2
2554 208.2
2555 208.2
2556 208.2
2557 208.2
2558 208.2
2559 208.2
2560 208.2
2561 208.4
2562 208.4
2563 208.4
2564 208.8
2565 209.0
2566 209.0
2567 209.0
2568 209.0
2569 209.0
2570 209.0
2571 209.0
2572 209.0
2573 209.0
2574 209.0
2575 209.0
2576 209.0
2577 209.0
2578 209.0
2579 209.0
2580 209.0
2581 209.0
2582 209.0
2583 209.2
2584 209.2
2585 209.2
2586 209.6
2587 209.6
2588 209.6
2589 209.6
2590 209.8
2591 209.8
2592 210.0
2593 210.0
2594 210.0
2595 210.0
2596 210.0
2597 210.0
2598 210.0
2599 210.4
2600 210.4
2601 210.4
2602 210.4
2603 210.4
2604 210.4
2605 210.4
2606 210.4
2607 210.6
2608 210.6
2609 210.6
2610 210.6
2611 210.6
2612 210.6
2613 210.8
2614 210.8
2615 210.8
2616 210.8
2617 210.8
2618 210.8
2619 210.8
2620 210.8
2621 211.2
2622 211.4
2623 211.4
2624 211.4
2625 211.4
2626 211.4
2627 211.4
2628 211.4
2629 211.8
2630 211.8
2631 211.8
2632 211.8
2633 212.2
2634 212.2
2635 212.2
2636 212.2
2637 212.2
2638 212.2
2639 212.2
2640 212.2
2641 212.2
2642 212.2
2643 212.2
2644 212.2
2645 212.2
2646 212.4
2647 212.4
2648 212.4
2649 212.4
2650 212.4
2651 212.4
2652 212.4
2653 212.4
2654 212.4
2655 212.6
2656 212.6
2657 212.6
2658 212.6
2659 212.6
2660 212.6
2661 212.6
2662 212.8
2663 212.8
2664 212.8
2665 212.8
2666 213.0
2667 213.0
2668 213.0
2669 213.2
2670 213.2
2671 213.2
2672 213.2
2673 213.2
2674 213.2
2675 213.2
2676 213.2
2677 213.2
2678 213.4
2679 213.8
2680 213.8
2681 213.8
2682 213.8
2683 213.8
2684 214.0
2685 214.0
2686 214.0
2687 214.2
2688 214.2
2689 214.2
2690 214.2
2691 214.2
2692 214.4
2693 214.4
2694 214.4
2695 214.4
2696 214.4
2697 214.4
2698 214.4
2699 214.4
2700 214.6
2701 214.6
2702 214.6
2703 214.6
2704 214.6
2705 214.6
2706 214.6
2707 214.6
2708 214.8
2709 214.8
2710 214.8
2711 214.8
2712 215.0
2713 215.0
2714 215.0
2715 215.0
2716 215.0
2717 215.0
2718 215.0
2719 215.0
2720 215.0
2721 215.0
2722 215.0
2723 215.2
2724 215.2
2725 215.4
2726 215.4
2727 215.4
2728 215.4
2729 215.4
2730 215.4
2731 215.4
2732 215.4
2733 215.4
2734 215.4
2735 215.4
2736 215.4
2737 215.4
2738 215.4
2739 215.4
2740 215.4
2741 215.4
2742 215.4
2743 215.4
2744 215.4
2745 215.4
2746 215.4
2747 215.4
2748 215.4
2749 215.4
2750 215.4
2751 216.0
2752 216.2
2753 216.2
2754 216.2
2755 216.2
2756 216.2
2757 216.2
2758 216.2
2759 216.2
2760 216.2
2761 216.2
2762 216.2
2763 216.2
2764 216.2
2765 216.2
2766 216.4
2767 216.4
2768 216.4
2769 216.6
2770 216.6
2771 216.6
2772 216.6
2773 216.6
2774 216.6
2775 216.6
2776 216.8
2777 216.8
2778 217.2
2779 217.2
2780 217.2
2781 217.2
2782 217.2
2783 217.2
2784 217.2
2785 217.2
2786 217.2
2787 217.2
2788 217.2
2789 217.6
2790 217.6
2791 217.6
2792 217.6
2793 217.8
2794 217.8
2795 218.0
2796 218.0
2797 218.0
2798 218.0
2799 218.2
2800 219.0
2801 219.0
2802 219.0
2803 219.0
2804 219.0
2805 219.0
2806 219.0
2807 219.0
2808 219.0
2809 219.0
2810 219.0
2811 219.0
2812 219.0
2813 219.0
2814 219.0
2815 219.2
2816 219.2
2817 219.2
2818 219.2
2819 219.2
2820 219.2
2821 219.2
2822 219.2
2823 219.4
2824 219.4
2825 219.4
2826 219.4
2827 219.4
2828 219.4
2829 219.4
2830 219.4
2831 219.6
2832 219.6
2833 219.8
2834 219.8
2835 219.8
2836 219.8
2837 219.8
2838 219.8
2839 219.8
2840 219.8
2841 219.8
2842 219.8
2843 219.8
2844 219.8
2845 219.8
2846 219.8
2847 219.8
2848 219.8
2849 219.8
2850 219.8
2851 219.8
2852 219.8
2853 219.8
2854 219.8
2855 219.8
2856 219.8
2857 219.8
2858 219.8
2859 219.8
2860 219.8
2861 220.2
2862 220.4
2863 220.4
2864 220.4
2865 220.4
2866 220.6
2867 220.6
2868 220.6
2869 220.6
2870 220.6
2871 220.8
2872 220.8
2873 220.8
2874 221.0
2875 221.0
2876 221.0
2877 221.0
2878 221.2
2879 221.2
2880 221.2
2881 221.2
2882 221.4
2883 221.4
2884 221.4
2885 221.4
2886 221.4
2887 221.4
2888 221.4
2889 221.4
2890 221.4
2891 221.4
2892 221.4
2893 221.4
2894 221.4
2895 221.4
2896 221.4
2897 221.4
2898 221.4
2899 221.4
2900 221.4
2901 221.4
2902 221.4
2903 221.4
2904 221.4
2905 221.4
2906 221.6
2907 221.6
2908 221.6
2909 221.6
2910 221.6
2911 221.6
2912 221.8
2913 221.8
2914 221.8
2915 221.8
2916 222.4
2917 222.4
2918 222.4
2919 222.4
2920 222.6
2921 222.8
2922 222.8
2923 222.8
2924 222.8
2925 222.8
2926 222.8
2927 222.8
2928 223.2
2929 223.2
2930 223.2
2931 223.2
2932 223.2
2933 223.2
2934 223.2
2935 223.2
2936 223.2
2937 223.2
2938 223.2
2939 223.2
2940 223.2
2941 223.2
2942 223.2
2943 223.2
2944 223.2
2945 223.2
2946 223.2
2947 223.2
2948 223.2
2949 223.2
2950 223.2
2951 223.2
2952 223.2
2953 223.4
2954 223.4
2955 223.4
2956 223.4
2957 223.4
2958 223.4
2959 223.4
2960 223.6
2961 223.6
2962 223.6
2963 223.6
2964 223.6
2965 223.8
2966 223.8
2967 223.8
2968 224.0
2969 224.0
2970 224.0
2971 224.0
2972 224.0
2973 224.0
2974 224.0
2975 224.2
2976 224.2
2977 224.2
2978 224.4
2979 224.4
2980 224.4
2981 224.4
2982 224.4
2983 224.4
2984 224.4
2985 224.4
2986 224.4
2987 224.4
2988 224.4
2989 224.4
2990 224.4
2991 224.6
2992 224.6
2993 224.6
2994 224.6
2995 224.6
2996 225.0
2997 225.6
2998 225.6
2999 225.6
3000 225.6
3001 225.6
3002 225.6
3003 225.6
3004 225.6
3005 225.6
3006 225.6
3007 225.6
3008 225.6
3009 225.6
3010 225.6
3011 225.6
3012 225.6
3013 225.6
3014 225.6
3015 225.8
3016 225.8
3017 225.8
3018 225.8
3019 225.8
3020 226.0
3021 226.0
3022 226.0
3023 226.2
3024 226.2
3025 226.2
3026 226.4
3027 226.4
3028 226.4
3029 227.2
3030 227.2
3031 227.2
3032 227.2
3033 227.2
3034 227.2
3035 227.2
3036 227.2
3037 227.2
3038 227.2
3039 227.2
3040 227.2
3041 227.2
3042 227.2
3043 227.2
3044 227.4
3045 227.4
3046 227.4
3047 227.4
3048 227.8
3049 228.0
3050 228.0
3051 228.4
3052 228.4
3053 228.4
3054 228.6
3055 228.6
3056 229.0
3057 229.0
3058 229.0
3059 229.0
3060 229.0
3061 229.0
3062 229.0
3063 229.0
3064 229.2
3065 229.2
3066 229.2
3067 229.2
3068 229.2
3069 229.2
3070 229.2
3071 229.2
3072 229.2
3073 229.4
3074 229.4
3075 229.4
3076 229.4
3077 229.4
3078 229.4
3079 229.4
3080 229.4
3081 229.4
3082 229.4
3083 229.4
3084 229.4
3085 229.4
3086 229.4
3087 229.4
3088 229.6
3089 229.6
3090 229.6
3091 229.6
3092 229.6
3093 229.6
3094 229.6
3095 229.6
3096 229.6
3097 229.6
3098 229.6
3099 229.6
3100 229.6
3101 229.6
3102 229.6
3103 229.6
3104 229.6
3105 229.6
3106 229.6
3107 229.6
3108 229.6
3109 229.6
3110 229.6
3111 229.6
3112 229.6
3113 229.6
3114 229.6
3115 230.0
3116 230.0
3117 230.0
3118 230.0
3119 230.0
3120 230.0
3121 230.2
3122 230.2
3123 230.2
3124 230.2
3125 230.2
3126 230.2
3127 230.2
3128 230.2
3129 230.2
3130 230.2
3131 230.2
3132 230.2
3133 230.2
3134 230.2
3135 230.4
3136 230.4
3137 230.4
3138 230.6
3139 230.6
3140 230.6
3141 230.6
3142 230.6
3143 230.6
3144 230.6
3145 230.6
3146 230.6
3147 230.6
3148 230.6
3149 230.6
3150 230.8
3151 231.2
3152 231.2
3153 231.2
3154 231.2
3155 231.2
3156 231.2
3157 231.2
3158 231.2
3159 231.2
3160 231.2
3161 231.2
3162 231.2
3163 231.8
3164 231.8
3165 231.8
3166 231.8
3167 231.8
3168 231.8
3169 231.8
3170 231.8
3171 231.8
3172 231.8
3173 232.4
3174 232.4
3175 232.4
3176 232.6
3177 232.6
3178 232.6
3179 232.6
3180 232.6
3181 232.6
3182 232.6
3183 232.6
3184 232.6
3185 232.6
3186 232.6
3187 232.6
3188 232.6
3189 232.6
3190 232.6
3191 232.8
3192 232.8
3193 232.8
3194 232.8
3195 232.8
3196 232.8
3197 232.8
3198 232.8
3199 232.8
3200 232.8
3201 233.0
3202 233.0
3203 233.0
3204 233.0
3205 233.0
3206 233.0
3207 233.6
3208 233.6
3209 233.6
3210 233.6
3211 233.6
3212 233.6
3213 233.6
3214 233.6
3215 233.6
3216 233.6
3217 233.6
3218 233.6
3219 233.6
3220 233.6
3221 233.6
3222 233.6
3223 233.6
3224 233.6
3225 233.6
3226 233.6
3227 234.0
3228 234.0
3229 234.0
3230 234.0
3231 234.0
3232 234.2
3233 234.2
3234 234.2
3235 234.2
3236 234.2
3237 234.2
3238 234.2
3239 234.2
3240 234.2
3241 234.2
3242 234.2
3243 234.2
3244 234.4
3245 234.4
3246 234.4
3247 234.4
3248 234.4
3249 234.4
3250 234.4
3251 234.6
3252 234.6
3253 234.6
3254 234.6
3255 234.6
3256 234.6
3257 234.6
3258 234.6
3259 234.6
3260 234.6
3261 234.6
3262 234.6
3263 234.6
3264 234.6
3265 234.6
3266 234.6
3267 234.6
3268 234.6
3269 234.6
3270 234.6
3271 234.6
3272 234.8
3273 234.8
3274 234.8
3275 234.8
3276 234.8
3277 234.8
3278 235.0
3279 235.0
3280 235.0
3281 235.0
3282 235.0
3283 235.2
3284 235.2
3285 235.2
3286 235.2
3287 235.2
3288 235.2
3289 235.2
3290 235.2
3291 235.2
3292 235.2
3293 235.2
3294 235.2
3295 235.2
3296 235.2
3297 235.4
3298 235.4
3299 235.6
3300 235.6
3301 235.6
3302 235.6
3303 235.6
3304 235.6
3305 235.6
3306 235.6
3307 235.6
3308 235.6
3309 235.6
3310 235.6
3311 236.2
3312 236.2
3313 236.2
3314 236.2
3315 236.4
3316 236.4
3317 236.4
3318 236.4
3319 236.4
3320 236.4
3321 236.4
3322 236.4
3323 236.4
3324 236.4
3325 236.4
3326 236.4
3327 236.4
3328 236.4
3329 236.4
3330 236.4
3331 236.4
3332 236.6
3333 236.6
3334 236.6
3335 236.6
3336 237.0
3337 237.0
3338 237.0
3339 237.0
3340 237.0
3341 237.0
3342 237.2
3343 237.4
3344 237.4
3345 237.4
3346 237.4
3347 237.4
3348 237.4
3349 237.4
3350 237.4
3351 237.4
3352 237.4
3353 237.4
3354 237.4
3355 237.4
3356 237.4
3357 237.4
3358 237.4
3359 237.4
3360 237.4
3361 237.4
3362 237.4
3363 237.4
3364 237.4
3365 237.4
3366 237.4
3367 238.0
3368 238.0
3369 238.0
3370 238.0
3371 238.0
3372 238.0
3373 238.0
3374 238.0
3375 238.0
3376 238.0
3377 238.0
3378 238.2
3379 238.4
3380 238.4
3381 238.4
3382 238.4
3383 238.4
3384 238.4
3385 238.4
3386 238.4
3387 238.4
3388 238.4
3389 238.4
3390 238.4
3391 238.6
3392 238.6
3393 238.8
3394 238.8
3395 238.8
3396 238.8
3397 238.8
3398 238.8
3399 238.8
3400 239.0
3401 239.0
3402 239.0
3403 239.0
3404 239.0
3405 239.0
3406 239.0
3407 239.0
3408 239.0
3409 239.0
3410 239.2
3411 239.2
3412 239.2
3413 239.2
3414 239.2
3415 239.4
3416 239.4
3417 239.6
3418 239.6
3419 239.6
3420 239.6
3421 239.6
3422 239.6
3423 239.6
3424 239.6
3425 240.0
3426 240.0
3427 240.0
3428 240.0
3429 240.0
3430 240.0
3431 240.0
3432 240.0
3433 240.0
3434 240.2
3435 240.2
3436 240.2
3437 240.8
3438 240.8
3439 240.8
3440 240.8
3441 240.8
3442 240.8
3443 240.8
3444 240.8
3445 240.8
3446 240.8
3447 240.8
3448 240.8
3449 240.8
3450 240.8
3451 240.8
3452 240.8
3453 240.8
3454 240.8
3455 240.8
3456 240.8
3457 240.8
3458 240.8
3459 241.2
3460 241.2
3461 241.2
3462 241.2
3463 241.2
3464 241.2
3465 241.2
3466 241.4
3467 241.4
3468 241.4
3469 241.4
3470 241.4
3471 241.6
3472 241.6
3473 241.6
3474 241.6
3475 241.6
3476 241.6
3477 241.6
3478 241.6
3479 241.6
3480 241.6
3481 241.6
3482 241.6
3483 241.6
3484 241.6
3485 241.6
3486 241.6
3487 241.6
3488 241.6
3489 241.6
3490 241.6
3491 241.6
3492 241.6
3493 241.6
3494 241.6
3495 241.6
3496 241.8
3497 241.8
3498 241.8
3499 241.8
3500 241.8
3501 241.8
3502 241.8
3503 241.8
3504 241.8
3505 241.8
3506 241.8
3507 241.8
3508 241.8
3509 241.8
3510 241.8
3511 241.8
3512 241.8
3513 241.8
3514 241.8
3515 241.8
3516 241.8
3517 241.8
3518 241.8
3519 241.8
3520 241.8
3521 241.8
3522 241.8
3523 241.8
3524 242.4
3525 242.6
3526 242.6
3527 242.6
3528 242.6
3529 242.6
3530 242.6
3531 242.6
3532 242.6
3533 242.6
3534 242.6
3535 242.6
3536 242.6
3537 242.6
3538 242.6
3539 242.6
3540 242.6
3541 242.6
3542 242.6
3543 242.8
3544 242.8
3545 243.2
3546 243.2
3547 243.2
3548 243.2
3549 243.2
3550 243.6
3551 243.6
3552 243.6
3553 243.6
3554 243.6
3555 243.6
3556 243.8
3557 244.0
3558 244.0
3559 244.0
3560 244.0
3561 244.0
3562 244.0
3563 244.0
3564 244.0
3565 244.2
3566 244.2
3567 244.2
3568 244.2
3569 244.2
3570 244.2
3571 244.2
3572 244.2
3573 244.2
3574 244.2
3575 244.2
3576 244.2
3577 244.2
3578 244.2
3579 244.2
3580 244.2
3581 244.2
3582 244.2
3583 244.2
3584 244.4
3585 244.4
3586 244.8
3587 244.8
3588 245.0
3589 245.0
3590 245.0
3591 245.0
3592 245.0
3593 245.0
3594 245.0
3595 245.4
3596 245.4
3597 245.4
3598 245.6
3599 245.6
3600 245.6
3601 245.8
3602 245.8
3603 245.8
3604 245.8
3605 245.8
3606 245.8
3607 245.8
3608 245.8
3609 245.8
3610 245.8
3611 245.8
3612 245.8
3613 246.0
3614 246.0
3615 246.0
3616 246.0
3617 246.0
3618 246.0
3619 246.0
3620 246.0
3621 246.0
3622 246.0
3623 246.0
3624 246.0
3625 246.2
3626 246.2
3627 246.2
3628 246.2
3629 246.4
3630 246.4
3631 246.4
3632 246.4
3633 246.4
3634 246.4
3635 246.6
3636 246.6
3637 246.6
3638 246.6
3639 246.6
3640 247.0
3641 247.0
3642 247.0
3643 247.0
3644 247.0
3645 247.0
3646 247.0
3647 247.0
3648 247.0
3649 247.0
3650 247.0
3651 247.0
3652 247.6
3653 247.6
3654 247.6
3655 247.6
3656 247.6
3657 247.6
3658 247.6
3659 247.8
3660 247.8
3661 247.8
3662 247.8
3663 247.8
3664 247.8
3665 247.8
3666 248.0
3667 248.0
3668 248.0
3669 248.0
3670 248.0
3671 248.0
3672 248.0
3673 248.2
3674 248.2
3675 248.2
3676 248.2
3677 248.2
3678 248.2
3679 248.2
3680 248.2
3681 248.2
3682 248.2
3683 248.2
3684 248.4
3685 248.4
3686 248.4
3687 248.6
3688 248.6
3689 248.8
3690 248.8
3691 248.8
3692 248.8
3693 248.8
3694 248.8
3695 248.8
3696 248.8
3697 248.8
3698 248.8
3699 248.8
3700 248.8
3701 248.8
3702 248.8
3703 248.8
3704 248.8
3705 248.8
3706 248.8
3707 248.8
3708 248.8
3709 248.8
3710 248.8
3711 248.8
3712 248.8
3713 248.8
3714 248.8
3715 248.8
3716 248.8
3717 248.8
3718 248.8
3719 248.8
3720 248.8
3721 248.8
3722 248.8
3723 248.8
3724 248.8
3725 248.8
3726 248.8
3727 248.8
3728 249.0
3729 249.0
3730 249.0
3731 249.0
3732 249.0
3733 249.0
3734 249.0
3735 249.0
3736 249.0
3737 249.0
3738 249.0
3739 249.0
3740 249.0
3741 249.0
3742 249.0
3743 249.0
3744 249.2
3745 249.2
3746 249.2
3747 249.2
3748 249.2
3749 249.2
3750 249.2
3751 249.2
3752 249.2
3753 249.2
3754 249.2
3755 249.2
3756 249.2
3757 249.2
3758 249.2
3759 249.2
3760 249.2
3761 249.2
3762 249.4
3763 249.4
3764 249.4
3765 249.4
3766 249.4
3767 249.4
3768 249.4
3769 249.4
3770 249.4
3771 250.0
3772 250.2
3773 250.2
3774 250.2
3775 250.2
3776 250.2
3777 250.2
3778 250.2
3779 250.2
3780 250.2
3781 250.6
3782 250.6
3783 250.6
3784 250.6
3785 250.6
3786 251.0
3787 251.0
3788 251.0
3789 251.0
3790 251.0
3791 251.0
3792 251.0
3793 251.0
3794 251.4
3795 251.4
3796 251.4
3797 251.4
3798 251.4
3799 251.4
3800 251.4
3801 251.4
3802 251.4
3803 251.4
3804 251.4
3805 251.4
3806 251.4
3807 251.4
3808 251.4
3809 251.4
3810 251.4
3811 251.4
3812 251.4
3813 251.4
3814 251.4
3815 251.6
3816 251.6
3817 251.6
3818 251.6
3819 251.6
3820 252.0
3821 252.0
3822 252.0
3823 252.0
3824 252.6
3825 252.6
3826 252.6
3827 252.6
3828 252.6
3829 252.6
3830 252.6
3831 252.6
3832 252.6
3833 252.6
3834 252.6
3835 252.6
3836 252.6
3837 252.6
3838 252.6
3839 252.6
3840 252.6
3841 252.6
3842 252.6
3843 253.2
3844 253.4
3845 253.4
3846 253.4
3847 253.4
3848 253.4
3849 253.4
3850 253.6
3851 253.6
3852 253.6
3853 253.6
3854 253.6
3855 253.6
3856 253.6
3857 253.6
3858 253.6
3859 253.6
3860 253.6
3861 253.6
3862 253.6
3863 253.6
3864 253.6
3865 253.6
3866 253.6
3867 253.8
3868 253.8
3869 253.8
3870 253.8
3871 253.8
3872 253.8
3873 253.8
3874 253.8
3875 253.8
3876 253.8
3877 254.0
3878 254.0
3879 254.0
3880 254.0
3881 254.0
3882 254.0
3883 254.0
3884 254.0
3885 254.0
3886 254.0
3887 254.0
3888 254.0
3889 254.0
3890 254.0
3891 254.0
3892 254.4
3893 254.4
3894 254.4
3895 254.4
3896 254.4
3897 254.4
3898 254.4
3899 254.4
3900 254.4
3901 254.4
3902 254.4
3903 254.4
3904 254.4
3905 254.4
3906 254.4
3907 254.4
3908 254.4
3909 254.4
3910 254.4
3911 254.4
3912 254.4
3913 254.4
3914 254.4
3915 254.4
3916 254.4
3917 254.4
3918 254.4
3919 254.4
3920 254.4
3921 254.4
3922 254.4
3923 254.4
3924 254.4
3925 254.4
3926 254.4
3927 254.8
3928 254.8
3929 254.8
3930 254.8
3931 254.8
3932 254.8
3933 254.8
3934 254.8
3935 255.2
3936 255.2
3937 255.2
3938 255.2
3939 255.2
3940 255.2
3941 255.2
3942 255.2
3943 255.2
3944 255.2
3945 255.2
3946 255.2
3947 255.2
3948 255.4
3949 255.4
3950 255.4
3951 255.4
3952 255.4
3953 255.4
3954 255.4
3955 255.6
3956 255.6
3957 255.6
3958 255.6
3959 255.6
3960 255.8
3961 255.8
3962 255.8
3963 255.8
3964 255.8
3965 255.8
3966 255.8
3967 255.8
3968 255.8
3969 255.8
3970 255.8
3971 255.8
3972 255.8
3973 255.8
3974 256.2
3975 256.2
3976 256.2
3977 256.2
3978 256.2
3979 256.2
3980 256.2
3981 256.2
3982 256.4
3983 256.4
3984 256.4
3985 256.4
3986 256.4
3987 256.4
3988 256.4
3989 256.4
3990 256.4
3991 256.4
3992 256.4
3993 256.4
3994 256.4
3995 256.4
3996 256.4
3997 256.4
3998 256.4
3999 256.4
