#iterations fitness
0 0.0
1 2.25
2 2.8
3 3.85
4 4.35
5 5.0
6 6.15
7 7.1
8 7.5
9 8.4
10 9.15
11 9.85
12 10.5
13 11.35
14 12.15
15 13.0
16 13.8
17 14.75
18 15.25
19 16.45
20 17.4
21 18.45
22 19.05
23 19.5
24 20.6
25 21.35
26 22.05
27 22.85
28 23.75
29 24.6
30 25.25
31 26.0
32 26.5
33 27.75
34 28.3
35 28.8
36 29.1
37 29.85
38 30.15
39 30.8
40 31.65
41 32.1
42 33.05
43 33.65
44 34.0
45 34.45
46 34.95
47 35.45
48 36.15
49 37.05
50 37.45
51 37.95
52 38.5
53 39.1
54 39.8
55 40.7
56 41.4
57 41.8
58 42.2
59 42.7
60 43.7
61 44.3
62 45.0
63 45.3
64 46.0
65 46.45
66 46.8
67 47.45
68 47.75
69 48.35
70 48.9
71 49.65
72 50.2
73 51.6
74 51.7
75 52.45
76 53.2
77 53.6
78 54.25
79 54.5
80 55.55
81 56.0
82 56.75
83 57.2
84 57.85
85 58.25
86 58.75
87 59.0
88 59.6
89 59.75
90 60.2
91 61.05
92 61.5
93 61.8
94 62.5
95 63.0
96 63.2
97 63.7
98 64.15
99 64.7
100 65.15
101 65.7
102 65.75
103 66.35
104 66.85
105 67.25
106 67.65
107 68.05
108 68.7
109 69.0
110 69.55
111 70.0
112 70.45
113 70.85
114 71.15
115 71.75
116 72.15
117 72.6
118 72.9
119 73.45
120 74.0
121 74.6
122 75.05
123 75.8
124 76.0
125 76.35
126 76.9
127 77.35
128 77.55
129 78.1
130 78.7
131 79.3
132 79.5
133 79.95
134 80.6
135 81.2
136 81.75
137 81.9
138 82.0
139 82.5
140 82.75
141 83.05
142 83.25
143 83.6
144 84.1
145 84.3
146 84.95
147 85.3
148 85.65
149 86.1
150 86.25
151 86.5
152 86.9
153 87.1
154 87.55
155 88.1
156 88.45
157 88.75
158 88.95
159 89.15
160 89.5
161 89.75
162 90.15
163 90.55
164 91.2
165 91.45
166 91.7
167 92.05
168 92.35
169 92.55
170 92.95
171 93.2
172 93.85
173 93.95
174 94.25
175 94.95
176 95.35
177 95.65
178 95.9
179 96.05
180 96.45
181 96.7
182 97.05
183 97.45
184 98.05
185 98.4
186 98.55
187 98.95
188 99.1
189 99.35
190 99.8
191 99.95
192 100.35
193 100.75
194 100.95
195 101.25
196 101.5
197 102.05
198 102.55
199 102.75
200 102.8
201 103.0
202 103.2
203 103.25
204 103.85
205 104.3
206 104.6
207 104.8
208 105.05
209 105.3
210 105.75
211 105.9
212 106.2
213 106.35
214 106.55
215 107.05
216 107.25
217 107.65
218 107.8
219 108.05
220 108.3
221 108.7
222 109.25
223 109.55
224 109.6
225 109.9
226 110.3
227 110.55
228 110.9
229 111.1
230 111.35
231 111.55
232 111.9
233 112.3
234 112.45
235 112.9
236 113.25
237 113.55
238 114.1
239 114.3
240 114.3
241 114.6
242 114.8
243 115.05
244 115.2
245 115.45
246 115.95
247 116.1
248 116.25
249 116.4
250 116.5
251 116.65
252 116.8
253 116.9
254 117.3
255 117.5
256 117.85
257 118.1
258 118.35
259 118.7
260 118.85
261 119.1
262 119.2
263 119.4
264 119.7
265 119.75
266 120.15
267 120.45
268 120.45
269 120.75
270 121.25
271 121.45
272 121.8
273 122.2
274 122.3
275 122.4
276 122.7
277 122.8
278 122.95
279 123.1
280 123.4
281 123.65
282 124.1
283 124.2
284 124.35
285 124.5
286 124.8
287 125.1
288 125.3
289 125.45
290 125.65
291 125.75
292 125.8
293 125.85
294 126.05
295 126.2
296 126.5
297 126.6
298 126.7
299 126.95
300 127.2
301 127.55
302 127.75
303 127.95
304 128.05
305 128.2
306 128.5
307 128.65
308 129.0
309 129.1
310 129.4
311 129.8
312 130.0
313 130.1
314 130.25
315 130.65
316 130.9
317 131.3
318 131.45
319 131.9
320 132.1
321 132.3
322 132.45
323 132.6
324 132.65
325 132.95
326 133.1
327 133.35
328 133.4
329 133.45
330 133.6
331 133.6
332 133.8
333 133.85
334 134.15
335 134.35
336 134.4
337 134.5
338 135.0
339 135.15
340 135.25
341 135.35
342 135.6
343 135.7
344 136.05
345 136.35
346 136.5
347 136.7
348 136.75
349 136.95
350 137.25
351 137.4
352 137.55
353 137.65
354 138.15
355 138.2
356 138.2
357 138.5
358 138.5
359 138.55
360 138.7
361 138.85
362 139.0
363 139.05
364 139.2
365 139.35
366 139.8
367 139.8
368 140.05
369 140.05
370 140.3
371 140.5
372 140.75
373 140.8
374 140.9
375 141.0
376 141.2
377 141.55
378 141.75
379 141.8
380 141.95
381 142.1
382 142.3
383 142.75
384 142.85
385 143.0
386 143.0
387 143.1
388 143.2
389 143.5
390 143.75
391 144.1
392 144.1
393 144.35
394 144.5
395 144.75
396 145.0
397 145.05
398 145.25
399 145.4
400 145.5
401 145.6
402 145.85
403 146.1
404 146.2
405 146.3
406 146.35
407 146.6
408 146.75
409 146.95
410 147.05
411 147.1
412 147.25
413 147.4
414 147.8
415 147.8
416 147.9
417 148.1
418 148.35
419 148.35
420 148.4
421 148.5
422 148.7
423 148.8
424 148.95
425 149.05
426 149.3
427 149.55
428 149.65
429 149.75
430 149.8
431 149.8
432 149.9
433 149.95
434 150.05
435 150.4
436 150.5
437 150.65
438 150.75
439 150.8
440 150.9
441 151.1
442 151.2
443 151.35
444 151.4
445 151.55
446 151.6
447 151.75
448 151.75
449 151.85
450 151.9
451 152.0
452 152.05
453 152.1
454 152.25
455 152.4
456 152.65
457 152.75
458 152.85
459 153.0
460 153.15
461 153.3
462 153.45
463 153.55
464 153.65
465 153.75
466 153.85
467 153.95
468 154.15
469 154.15
470 154.25
471 154.65
472 154.85
473 154.85
474 154.95
475 155.15
476 155.2
477 155.3
478 155.55
479 155.65
480 155.7
481 155.75
482 155.9
483 155.9
484 156.05
485 156.3
486 156.45
487 156.6
488 156.7
489 156.9
490 157.0
491 157.2
492 157.35
493 157.4
494 157.45
495 157.45
496 157.5
497 157.5
498 157.65
499 157.65
500 157.65
501 157.75
502 158.1
503 158.2
504 158.25
505 158.15
506 158.3
507 158.5
508 158.6
509 158.75
510 159.0
511 159.15
512 159.15
513 159.25
514 159.6
515 159.65
516 159.75
517 159.75
518 159.85
519 159.9
520 159.95
521 160.0
522 160.1
523 160.25
524 160.45
525 160.5
526 160.55
527 160.6
528 160.75
529 160.9
530 161.05
531 161.05
532 161.15
533 161.25
534 161.5
535 161.6
536 161.95
537 161.95
538 162.0
539 162.05
540 162.1
541 162.2
542 162.15
543 162.2
544 162.3
545 162.45
546 162.6
547 162.85
548 162.85
549 163.0
550 163.1
551 163.25
552 163.3
553 163.3
554 163.4
555 163.4
556 163.5
557 163.5
558 163.65
559 163.8
560 163.8
561 163.75
562 163.75
563 163.9
564 163.95
565 163.9
566 163.95
567 164.0
568 164.2
569 164.1
570 164.15
571 164.25
572 164.35
573 164.3
574 164.5
575 164.65
576 164.75
577 164.75
578 164.8
579 164.8
580 164.9
581 164.9
582 165.15
583 165.15
584 165.25
585 165.3
586 165.3
587 165.4
588 165.55
589 165.55
590 165.55
591 165.55
592 165.65
593 165.7
594 165.7
595 165.9
596 166.1
597 166.1
598 166.1
599 166.35
600 166.55
601 166.65
602 166.65
603 166.7
604 166.8
605 166.9
606 166.85
607 166.95
608 167.1
609 167.2
610 167.2
611 167.2
612 167.2
613 167.25
614 167.35
615 167.35
616 167.35
617 167.35
618 167.45
619 167.5
620 167.55
621 167.55
622 167.55
623 167.6
624 167.6
625 167.7
626 167.8
627 167.9
628 168.2
629 168.3
630 168.3
631 168.35
632 168.4
633 168.45
634 168.45
635 168.6
636 168.6
637 168.6
638 168.55
639 168.6
640 168.65
641 168.7
642 168.85
643 168.95
644 169.15
645 169.2
646 169.3
647 169.35
648 169.4
649 169.4
650 169.45
651 169.6
652 169.6
653 169.65
654 169.65
655 169.85
656 169.9
657 170.0
658 170.0
659 170.0
660 169.95
661 169.95
662 170.0
663 170.15
664 170.25
665 170.4
666 170.45
667 170.5
668 170.7
669 170.75
670 170.7
671 170.65
672 170.85
673 170.85
674 170.95
675 171.0
676 171.05
677 171.2
678 171.2
679 171.3
680 171.4
681 171.4
682 171.4
683 171.55
684 171.55
685 171.6
686 171.65
687 171.8
688 171.85
689 171.95
690 172.1
691 172.1
692 172.1
693 172.2
694 172.25
695 172.25
696 172.25
697 172.35
698 172.5
699 172.5
700 172.45
701 172.6
702 172.55
703 172.55
704 172.6
705 172.65
706 172.8
707 172.95
708 173.0
709 173.0
710 173.1
711 173.15
712 173.2
713 173.3
714 173.25
715 173.45
716 173.4
717 173.45
718 173.55
719 173.6
720 173.7
721 173.8
722 173.85
723 173.8
724 173.8
725 173.85
726 173.95
727 173.95
728 174.0
729 174.05
730 174.15
731 174.15
732 174.15
733 174.25
734 174.35
735 174.3
736 174.4
737 174.5
738 174.55
739 174.5
740 174.5
741 174.45
742 174.5
743 174.5
744 174.7
745 174.7
746 174.65
747 174.65
748 174.75
749 174.7
750 174.8
751 174.85
752 174.8
753 174.8
754 174.8
755 174.95
756 174.95
757 175.0
758 175.0
759 175.1
760 175.15
761 175.25
762 175.3
763 175.25
764 175.4
765 175.25
766 175.25
767 175.25
768 175.3
769 175.3
770 175.3
771 175.35
772 175.4
773 175.55
774 175.65
775 175.7
776 175.7
777 175.75
778 175.75
779 175.75
780 175.9
781 176.0
782 176.0
783 176.15
784 176.15
785 176.3
786 176.3
787 176.25
788 176.25
789 176.35
790 176.35
791 176.4
792 176.45
793 176.5
794 176.45
795 176.45
796 176.45
797 176.45
798 176.55
799 176.5
800 176.5
801 176.65
802 176.6
803 176.8
804 176.95
805 176.95
806 177.1
807 177.2
808 177.3
809 177.3
810 177.35
811 177.4
812 177.35
813 177.55
814 177.65
815 177.75
816 177.75
817 177.8
818 177.75
819 177.75
820 177.75
821 177.8
822 177.85
823 177.9
824 178.05
825 178.05
826 178.05
827 178.1
828 178.2
829 178.15
830 178.15
831 178.1
832 178.2
833 178.15
834 178.15
835 178.15
836 178.15
837 178.25
838 178.25
839 178.2
840 178.3
841 178.25
842 178.4
843 178.65
844 178.65
845 178.65
846 178.7
847 178.85
848 178.9
849 178.95
850 178.95
851 178.95
852 179.05
853 179.0
854 178.95
855 179.0
856 179.0
857 178.95
858 179.0
859 178.9
860 178.95
861 179.05
862 179.1
863 179.2
864 179.2
865 179.3
866 179.5
867 179.45
868 179.45
869 179.45
870 179.45
871 179.5
872 179.4
873 179.4
874 179.4
875 179.55
876 179.6
877 179.65
878 179.7
879 179.8
880 179.85
881 179.85
882 180.0
883 180.1
884 180.05
885 180.05
886 180.2
887 180.2
888 180.3
889 180.3
890 180.35
891 180.35
892 180.35
893 180.4
894 180.5
895 180.5
896 180.45
897 180.5
898 180.5
899 180.75
900 180.75
901 180.7
902 180.85
903 181.1
904 181.1
905 181.1
906 181.1
907 181.1
908 181.15
909 181.15
910 181.0
911 181.05
912 181.05
913 181.0
914 180.95
915 181.05
916 181.05
917 181.15
918 181.1
919 181.1
920 181.1
921 181.1
922 181.15
923 181.25
924 181.3
925 181.25
926 181.3
927 181.3
928 181.2
929 181.25
930 181.25
931 181.25
932 181.25
933 181.25
934 181.3
935 181.35
936 181.25
937 181.3
938 181.4
939 181.45
940 181.45
941 181.65
942 181.6
943 181.6
944 181.65
945 181.7
946 181.7
947 181.7
948 181.7
949 181.6
950 181.65
951 181.7
952 181.7
953 181.7
954 181.7
955 181.65
956 181.65
957 181.8
958 181.8
959 181.8
960 181.85
961 181.95
962 182.0
963 182.05
964 182.1
965 182.15
966 182.1
967 182.0
968 182.0
969 182.05
970 182.05
971 182.05
972 181.95
973 181.85
974 181.9
975 182.0
976 182.1
977 182.1
978 182.15
979 182.2
980 182.2
981 182.25
982 182.4
983 182.4
984 182.45
985 182.4
986 182.45
987 182.5
988 182.5
989 182.6
990 182.6
991 182.55
992 182.6
993 182.55
994 182.55
995 182.55
996 182.6
997 182.55
998 182.5
999 182.55
1000 182.55
1001 182.6
1002 182.6
1003 182.6
1004 182.6
1005 182.6
1006 182.6
1007 182.7
1008 182.75
1009 182.8
1010 182.75
1011 182.75
1012 182.8
1013 182.85
1014 182.95
1015 183.0
1016 183.0
1017 183.0
1018 183.0
1019 183.05
1020 183.05
1021 183.05
1022 183.15
1023 183.2
1024 183.15
1025 183.2
1026 183.3
1027 183.25
1028 183.25
1029 183.2
1030 183.3
1031 183.25
1032 183.3
1033 183.25
1034 183.45
1035 183.5
1036 183.5
1037 183.65
1038 183.65
1039 183.75
1040 183.75
1041 183.7
1042 183.75
1043 183.75
1044 183.75
1045 183.7
1046 183.8
1047 183.75
1048 183.8
1049 183.8
1050 183.75
1051 183.7
1052 183.75
1053 183.8
1054 183.8
1055 183.85
1056 183.85
1057 183.85
1058 183.8
1059 183.75
1060 183.8
1061 183.85
1062 183.85
1063 183.85
1064 183.85
1065 183.85
1066 183.9
1067 183.9
1068 184.05
1069 184.0
1070 183.95
1071 183.95
1072 183.8
1073 183.9
1074 184.0
1075 183.95
1076 183.95
1077 184.0
1078 184.0
1079 184.0
1080 184.05
1081 184.15
1082 184.15
1083 184.05
1084 184.15
1085 184.2
1086 184.2
1087 184.25
1088 184.25
1089 184.25
1090 184.3
1091 184.35
1092 184.4
1093 184.4
1094 184.3
1095 184.3
1096 184.3
1097 184.2
1098 184.3
1099 184.3
1100 184.3
1101 184.35
1102 184.25
1103 184.3
1104 184.35
1105 184.4
1106 184.55
1107 184.55
1108 184.5
1109 184.55
1110 184.5
1111 184.55
1112 184.5
1113 184.5
1114 184.55
1115 184.55
1116 184.55
1117 184.55
1118 184.65
1119 184.65
1120 184.7
1121 184.65
1122 184.7
1123 184.7
1124 184.7
1125 184.75
1126 184.7
1127 184.8
1128 184.7
1129 184.75
1130 184.65
1131 184.7
1132 184.7
1133 184.8
1134 184.8
1135 184.8
1136 184.85
1137 184.85
1138 184.85
1139 184.85
1140 184.8
1141 184.85
1142 184.85
1143 184.85
1144 184.85
1145 184.9
1146 184.9
1147 184.9
1148 184.95
1149 184.9
1150 184.95
1151 185.05
1152 185.1
1153 185.1
1154 185.1
1155 185.15
1156 185.2
1157 185.15
1158 185.15
1159 185.15
1160 185.25
1161 185.15
1162 185.15
1163 185.15
1164 185.2
1165 185.1
1166 185.15
1167 185.15
1168 185.15
1169 185.2
1170 185.2
1171 185.2
1172 185.25
1173 185.4
1174 185.45
1175 185.5
1176 185.55
1177 185.55
1178 185.45
1179 185.55
1180 185.55
1181 185.55
1182 185.6
1183 185.6
1184 185.6
1185 185.6
1186 185.7
1187 185.55
1188 185.6
1189 185.6
1190 185.7
1191 185.7
1192 185.75
1193 185.7
1194 185.8
1195 185.8
1196 185.8
1197 185.8
1198 185.85
1199 185.85
1200 185.85
1201 185.85
1202 185.95
1203 186.05
1204 186.05
1205 186.05
1206 186.1
1207 186.1
1208 186.1
1209 186.1
1210 186.0
1211 185.95
1212 185.95
1213 186.0
1214 185.95
1215 185.95
1216 185.95
1217 186.05
1218 186.0
1219 186.05
1220 186.05
1221 186.1
1222 186.1
1223 186.15
1224 186.2
1225 186.2
1226 186.2
1227 186.1
1228 186.05
1229 186.1
1230 186.1
1231 186.15
1232 186.15
1233 185.95
1234 185.95
1235 185.85
1236 185.8
1237 185.8
1238 185.8
1239 185.85
1240 185.8
1241 185.8
1242 185.8
1243 185.8
1244 185.75
1245 185.75
1246 185.75
1247 185.7
1248 185.7
1249 185.7
1250 185.75
1251 185.7
1252 185.65
1253 185.65
1254 185.6
1255 185.65
1256 185.65
1257 185.65
1258 185.7
1259 185.6
1260 185.65
1261 185.7
1262 185.6
1263 185.7
1264 185.8
1265 185.75
1266 185.7
1267 185.7
1268 185.7
1269 185.6
1270 185.6
1271 185.55
1272 185.65
1273 185.65
1274 185.6
1275 185.65
1276 185.7
1277 185.7
1278 185.75
1279 185.85
1280 185.9
1281 185.95
1282 185.85
1283 185.9
1284 185.9
1285 185.9
1286 185.9
1287 185.85
1288 185.95
1289 186.05
1290 186.0
1291 186.0
1292 186.0
1293 186.05
1294 186.05
1295 186.1
1296 186.15
1297 186.15
1298 186.2
1299 186.1
1300 186.1
1301 186.15
1302 186.2
1303 186.2
1304 186.25
1305 186.2
1306 186.15
1307 186.1
1308 186.05
1309 186.15
1310 186.15
1311 186.15
1312 186.2
1313 186.2
1314 186.15
1315 186.2
1316 186.25
1317 186.25
1318 186.2
1319 186.2
1320 186.15
1321 186.15
1322 186.15
1323 186.15
1324 186.25
1325 186.3
1326 186.45
1327 186.45
1328 186.5
1329 186.45
1330 186.5
1331 186.55
1332 186.55
1333 186.65
1334 186.7
1335 186.75
1336 186.75
1337 186.65
1338 186.6
1339 186.6
1340 186.6
1341 186.7
1342 186.7
1343 186.7
1344 186.75
1345 186.75
1346 186.7
1347 186.7
1348 186.7
1349 186.7
1350 186.7
1351 186.75
1352 186.75
1353 186.7
1354 186.65
1355 186.6
1356 186.65
1357 186.75
1358 186.75
1359 186.7
1360 186.7
1361 186.65
1362 186.65
1363 186.7
1364 186.65
1365 186.65
1366 186.65
1367 186.55
1368 186.6
1369 186.65
1370 186.7
1371 186.7
1372 186.65
1373 186.6
1374 186.65
1375 186.65
1376 186.65
1377 186.6
1378 186.65
1379 186.75
1380 186.75
1381 186.75
1382 186.65
1383 186.65
1384 186.7
1385 186.7
1386 186.6
1387 186.6
1388 186.6
1389 186.65
1390 186.65
1391 186.55
1392 186.55
1393 186.5
1394 186.55
1395 186.55
1396 186.55
1397 186.6
1398 186.6
1399 186.6
1400 186.6
1401 186.6
1402 186.5
1403 186.6
1404 186.6
1405 186.6
1406 186.6
1407 186.55
1408 186.55
1409 186.6
1410 186.6
1411 186.6
1412 186.65
1413 186.65
1414 186.65
1415 186.65
1416 186.75
1417 186.75
1418 186.75
1419 186.75
1420 186.7
1421 186.75
1422 186.75
1423 186.65
1424 186.7
1425 186.7
1426 186.7
1427 186.7
1428 186.65
1429 186.75
1430 186.8
1431 186.75
1432 186.8
1433 186.8
1434 186.8
1435 186.8
1436 186.75
1437 186.8
1438 186.85
1439 186.8
1440 186.75
1441 186.8
1442 186.8
1443 186.9
1444 186.9
1445 186.95
1446 186.95
1447 186.9
1448 187.0
1449 187.0
1450 187.0
1451 187.0
1452 187.05
1453 187.05
1454 187.05
1455 187.05
1456 187.1
1457 187.1
1458 187.1
1459 187.05
1460 187.05
1461 187.05
1462 187.2
1463 187.2
1464 187.15
1465 187.2
1466 187.2
1467 187.15
1468 187.15
1469 187.2
1470 187.2
1471 187.1
1472 187.15
1473 187.05
1474 187.1
1475 187.1
1476 187.1
1477 187.1
1478 187.05
1479 187.2
1480 187.15
1481 187.15
1482 187.1
1483 187.1
1484 187.05
1485 187.05
1486 187.05
1487 187.15
1488 187.15
1489 187.2
1490 187.2
1491 187.2
1492 187.15
1493 187.15
1494 187.15
1495 187.3
1496 187.45
1497 187.45
1498 187.5
1499 187.45
1500 187.55
1501 187.55
1502 187.6
1503 187.6
1504 187.6
1505 187.55
1506 187.45
1507 187.45
1508 187.4
1509 187.35
1510 187.35
1511 187.35
1512 187.4
1513 187.35
1514 187.4
1515 187.5
1516 187.5
1517 187.5
1518 187.45
1519 187.45
1520 187.45
1521 187.5
1522 187.45
1523 187.45
1524 187.35
1525 187.4
1526 187.45
1527 187.45
1528 187.45
1529 187.45
1530 187.45
1531 187.5
1532 187.5
1533 187.55
1534 187.6
1535 187.55
1536 187.65
1537 187.7
1538 187.75
1539 187.8
1540 187.7
1541 187.65
1542 187.65
1543 187.6
1544 187.6
1545 187.6
1546 187.7
1547 187.6
1548 187.45
1549 187.45
1550 187.45
1551 187.55
1552 187.55
1553 187.6
1554 187.7
1555 187.7
1556 187.75
1557 187.75
1558 187.75
1559 187.7
1560 187.7
1561 187.6
1562 187.55
1563 187.55
1564 187.4
1565 187.35
1566 187.3
1567 187.3
1568 187.3
1569 187.3
1570 187.3
1571 187.4
1572 187.4
1573 187.4
1574 187.4
1575 187.3
1576 187.35
1577 187.45
1578 187.5
1579 187.5
1580 187.5
1581 187.5
1582 187.55
1583 187.65
1584 187.55
1585 187.6
1586 187.6
1587 187.6
1588 187.6
1589 187.6
1590 187.55
1591 187.55
1592 187.5
1593 187.45
1594 187.4
1595 187.45
1596 187.45
1597 187.5
1598 187.5
1599 187.5
1600 187.5
1601 187.5
1602 187.5
1603 187.5
1604 187.5
1605 187.5
1606 187.5
1607 187.45
1608 187.35
1609 187.35
1610 187.35
1611 187.3
1612 187.25
1613 187.2
1614 187.2
1615 187.2
1616 187.2
1617 187.15
1618 187.1
1619 187.1
1620 187.15
1621 187.1
1622 187.15
1623 187.15
1624 187.2
1625 187.3
1626 187.3
1627 187.25
1628 187.25
1629 187.25
1630 187.25
1631 187.2
1632 187.2
1633 187.2
1634 187.2
1635 187.2
1636 187.2
1637 187.15
1638 187.2
1639 187.2
1640 187.15
1641 187.25
1642 187.25
1643 187.25
1644 187.25
1645 187.15
1646 187.15
1647 187.2
1648 187.2
1649 187.2
1650 187.25
1651 187.25
1652 187.3
1653 187.25
1654 187.25
1655 187.25
1656 187.25
1657 187.25
1658 187.2
1659 187.2
1660 187.2
1661 187.2
1662 187.2
1663 187.2
1664 187.2
1665 187.15
1666 187.1
1667 187.1
1668 187.05
1669 187.05
1670 187.1
1671 187.15
1672 187.25
1673 187.25
1674 187.25
1675 187.2
1676 187.35
1677 187.4
1678 187.35
1679 187.35
1680 187.35
1681 187.35
1682 187.35
1683 187.3
1684 187.2
1685 187.2
1686 187.15
1687 187.1
1688 187.1
1689 187.1
1690 187.05
1691 187.05
1692 187.05
1693 187.25
1694 187.25
1695 187.2
1696 187.25
1697 187.2
1698 187.15
1699 187.1
1700 187.1
1701 187.2
1702 187.25
1703 187.2
1704 187.15
1705 187.2
1706 187.15
1707 187.15
1708 187.15
1709 187.15
1710 187.15
1711 187.2
1712 187.2
1713 187.25
1714 187.3
1715 187.35
1716 187.35
1717 187.35
1718 187.35
1719 187.35
1720 187.35
1721 187.3
1722 187.25
1723 187.2
1724 187.2
1725 187.25
1726 187.2
1727 187.2
1728 187.25
1729 187.25
1730 187.4
1731 187.45
1732 187.5
1733 187.5
1734 187.5
1735 187.55
1736 187.55
1737 187.55
1738 187.55
1739 187.6
1740 187.7
1741 187.6
1742 187.65
1743 187.55
1744 187.55
1745 187.55
1746 187.75
1747 187.75
1748 187.75
1749 187.75
1750 187.75
1751 187.75
1752 187.7
1753 187.7
1754 187.7
1755 187.75
1756 187.7
1757 187.75
1758 187.75
1759 187.75
1760 187.75
1761 187.75
1762 187.7
1763 187.7
1764 187.75
1765 187.75
1766 187.75
1767 187.75
1768 187.75
1769 187.55
1770 187.45
1771 187.45
1772 187.45
1773 187.45
1774 187.45
1775 187.4
1776 187.4
1777 187.35
1778 187.25
1779 187.2
1780 187.3
1781 187.3
1782 187.25
1783 187.25
1784 187.25
1785 187.25
1786 187.3
1787 187.3
1788 187.45
1789 187.45
1790 187.5
1791 187.45
1792 187.55
1793 187.5
1794 187.5
1795 187.55
1796 187.55
1797 187.55
1798 187.45
1799 187.45
1800 187.45
1801 187.5
1802 187.4
1803 187.45
1804 187.45
1805 187.4
1806 187.25
1807 187.25
1808 187.2
1809 187.25
1810 187.25
1811 187.2
1812 187.25
1813 187.25
1814 187.25
1815 187.2
1816 187.2
1817 187.35
1818 187.3
1819 187.3
1820 187.3
1821 187.3
1822 187.3
1823 187.25
1824 187.25
1825 187.25
1826 187.25
1827 187.2
1828 187.25
1829 187.35
1830 187.35
1831 187.35
1832 187.3
1833 187.3
1834 187.3
1835 187.3
1836 187.3
1837 187.3
1838 187.25
1839 187.1
1840 187.15
1841 187.2
1842 187.15
1843 187.15
1844 187.2
1845 187.25
1846 187.35
1847 187.35
1848 187.35
1849 187.35
1850 187.3
1851 187.35
1852 187.35
1853 187.45
1854 187.45
1855 187.45
1856 187.4
1857 187.5
1858 187.55
1859 187.55
1860 187.55
1861 187.45
1862 187.5
1863 187.4
1864 187.45
1865 187.45
1866 187.5
1867 187.55
1868 187.55
1869 187.55
1870 187.5
1871 187.45
1872 187.5
1873 187.45
1874 187.55
1875 187.5
1876 187.5
1877 187.55
1878 187.5
1879 187.5
1880 187.45
1881 187.45
1882 187.35
1883 187.3
1884 187.4
1885 187.45
1886 187.45
1887 187.45
1888 187.35
1889 187.4
1890 187.45
1891 187.5
1892 187.5
1893 187.55
1894 187.55
1895 187.55
1896 187.45
1897 187.5
1898 187.5
1899 187.5
1900 187.6
1901 187.6
1902 187.6
1903 187.6
1904 187.6
1905 187.55
1906 187.6
1907 187.6
1908 187.6
1909 187.6
1910 187.6
1911 187.6
1912 187.55
1913 187.55
1914 187.45
1915 187.5
1916 187.45
1917 187.45
1918 187.4
1919 187.35
1920 187.35
1921 187.35
1922 187.4
1923 187.5
1924 187.5
1925 187.4
1926 187.35
1927 187.3
1928 187.4
1929 187.45
1930 187.5
1931 187.65
1932 187.6
1933 187.55
1934 187.45
1935 187.55
1936 187.6
1937 187.6
1938 187.65
1939 187.65
1940 187.6
1941 187.6
1942 187.6
1943 187.6
1944 187.6
1945 187.7
1946 187.65
1947 187.65
1948 187.65
1949 187.65
1950 187.75
1951 187.7
1952 187.65
1953 187.65
1954 187.65
1955 187.65
1956 187.7
1957 187.7
1958 187.7
1959 187.75
1960 187.8
1961 187.8
1962 187.8
1963 187.85
1964 187.85
1965 187.85
1966 187.85
1967 187.85
1968 187.95
1969 187.95
1970 187.9
1971 188.0
1972 188.0
1973 188.0
1974 188.05
1975 188.05
1976 188.1
1977 188.1
1978 188.05
1979 188.1
1980 188.1
1981 187.95
1982 188.0
1983 188.0
1984 187.95
1985 187.95
1986 187.85
1987 187.75
1988 187.8
1989 187.8
1990 187.9
1991 187.95
1992 187.85
1993 187.9
1994 187.95
1995 188.0
1996 187.95
1997 187.95
1998 187.9
1999 188.0
2000 188.0
2001 188.1
2002 188.15
2003 188.05
2004 188.05
2005 188.05
2006 188.05
2007 188.0
2008 187.95
2009 188.05
2010 187.95
2011 187.95
2012 187.9
2013 187.95
2014 188.05
2015 188.05
2016 188.1
2017 188.1
2018 188.05
2019 188.0
2020 188.0
2021 188.0
2022 187.95
2023 187.95
2024 187.95
2025 187.9
2026 187.85
2027 187.95
2028 188.0
2029 188.0
2030 188.05
2031 188.0
2032 187.95
2033 187.9
2034 187.9
2035 187.9
2036 187.95
2037 187.95
2038 187.95
2039 187.85
2040 187.8
2041 187.85
2042 187.8
2043 187.7
2044 187.65
2045 187.6
2046 187.6
2047 187.6
2048 187.55
2049 187.6
2050 187.6
2051 187.6
2052 187.65
2053 187.7
2054 187.7
2055 187.7
2056 187.8
2057 187.8
2058 187.75
2059 187.7
2060 187.75
2061 187.85
2062 187.75
2063 187.8
2064 187.8
2065 187.8
2066 187.8
2067 187.8
2068 187.9
2069 187.85
2070 187.8
2071 187.75
2072 187.75
2073 187.75
2074 187.75
2075 187.7
2076 187.65
2077 187.7
2078 187.85
2079 187.85
2080 187.85
2081 187.9
2082 188.0
2083 188.0
2084 187.9
2085 187.85
2086 187.85
2087 187.85
2088 187.85
2089 187.85
2090 187.8
2091 187.75
2092 187.8
2093 187.75
2094 187.75
2095 187.8
2096 187.7
2097 187.7
2098 187.75
2099 187.7
2100 187.75
2101 187.8
2102 187.75
2103 187.7
2104 187.6
2105 187.6
2106 187.65
2107 187.65
2108 187.7
2109 187.8
2110 187.8
2111 187.8
2112 187.8
2113 187.75
2114 187.75
2115 187.75
2116 187.7
2117 187.65
2118 187.65
2119 187.6
2120 187.6
2121 187.6
2122 187.6
2123 187.55
2124 187.55
2125 187.6
2126 187.5
2127 187.55
2128 187.55
2129 187.55
2130 187.55
2131 187.5
2132 187.45
2133 187.45
2134 187.4
2135 187.4
2136 187.4
2137 187.45
2138 187.45
2139 187.45
2140 187.4
2141 187.35
2142 187.4
2143 187.4
2144 187.4
2145 187.45
2146 187.45
2147 187.45
2148 187.45
2149 187.4
2150 187.35
2151 187.35
2152 187.4
2153 187.35
2154 187.35
2155 187.45
2156 187.45
2157 187.45
2158 187.45
2159 187.45
2160 187.5
2161 187.55
2162 187.5
2163 187.5
2164 187.5
2165 187.5
2166 187.6
2167 187.6
2168 187.75
2169 187.85
2170 187.75
2171 187.8
2172 187.8
2173 187.85
2174 187.9
2175 187.9
2176 187.8
2177 187.8
2178 187.75
2179 187.75
2180 187.8
2181 187.75
2182 187.75
2183 187.7
2184 187.65
2185 187.65
2186 187.65
2187 187.6
2188 187.6
2189 187.55
2190 187.6
2191 187.6
2192 187.4
2193 187.45
2194 187.45
2195 187.4
2196 187.45
2197 187.45
2198 187.45
2199 187.45
2200 187.5
2201 187.5
2202 187.45
2203 187.4
2204 187.35
2205 187.4
2206 187.45
2207 187.45
2208 187.4
2209 187.4
2210 187.35
2211 187.3
2212 187.3
2213 187.35
2214 187.35
2215 187.35
2216 187.35
2217 187.4
2218 187.45
2219 187.4
2220 187.4
2221 187.35
2222 187.3
2223 187.35
2224 187.3
2225 187.4
2226 187.35
2227 187.35
2228 187.3
2229 187.3
2230 187.25
2231 187.35
2232 187.35
2233 187.4
2234 187.35
2235 187.35
2236 187.35
2237 187.35
2238 187.35
2239 187.35
2240 187.3
2241 187.25
2242 187.3
2243 187.5
2244 187.6
2245 187.65
2246 187.65
2247 187.65
2248 187.7
2249 187.7
2250 187.6
2251 187.65
2252 187.65
2253 187.65
2254 187.65
2255 187.65
2256 187.6
2257 187.6
2258 187.55
2259 187.5
2260 187.5
2261 187.55
2262 187.6
2263 187.55
2264 187.55
2265 187.55
2266 187.55
2267 187.7
2268 187.65
2269 187.65
2270 187.7
2271 187.7
2272 187.7
2273 187.8
2274 187.9
2275 187.95
2276 187.95
2277 187.9
2278 187.9
2279 188.0
2280 188.0
2281 188.0
2282 188.0
2283 188.0
2284 187.95
2285 187.9
2286 187.95
2287 188.0
2288 187.95
2289 188.0
2290 188.05
2291 188.1
2292 188.05
2293 188.05
2294 188.1
2295 188.1
2296 188.05
2297 188.05
2298 188.0
2299 188.05
2300 188.05
2301 188.1
2302 188.1
2303 188.05
2304 188.05
2305 188.05
2306 188.05
2307 188.05
2308 188.0
2309 188.0
2310 188.15
2311 188.15
2312 188.1
2313 188.1
2314 188.1
2315 188.1
2316 188.2
2317 188.2
2318 188.15
2319 188.2
2320 188.25
2321 188.2
2322 188.2
2323 188.15
2324 188.1
2325 188.15
2326 188.2
2327 188.15
2328 188.15
2329 188.15
2330 188.1
2331 188.1
2332 188.15
2333 188.15
2334 188.15
2335 188.1
2336 188.15
2337 188.1
2338 188.25
2339 188.25
2340 188.25
2341 188.25
2342 188.25
2343 188.2
2344 188.2
2345 188.15
2346 188.15
2347 188.2
2348 188.2
2349 188.2
2350 188.2
2351 188.15
2352 188.15
2353 188.25
2354 188.3
2355 188.3
2356 188.25
2357 188.25
2358 188.15
2359 188.1
2360 188.2
2361 188.25
2362 188.25
2363 188.2
2364 188.2
2365 188.15
2366 188.15
2367 188.1
2368 188.0
2369 187.95
2370 187.85
2371 187.85
2372 187.75
2373 187.75
2374 187.75
2375 187.8
2376 187.8
2377 187.8
2378 187.8
2379 187.8
2380 187.75
2381 187.7
2382 187.7
2383 187.75
2384 187.75
2385 187.7
2386 187.65
2387 187.65
2388 187.6
2389 187.55
2390 187.5
2391 187.5
2392 187.4
2393 187.45
2394 187.35
2395 187.35
2396 187.4
2397 187.4
2398 187.45
2399 187.45
2400 187.45
2401 187.45
2402 187.45
2403 187.5
2404 187.45
2405 187.45
2406 187.5
2407 187.45
2408 187.5
2409 187.45
2410 187.5
2411 187.5
2412 187.45
2413 187.35
2414 187.25
2415 187.25
2416 187.2
2417 187.25
2418 187.25
2419 187.25
2420 187.25
2421 187.25
2422 187.25
2423 187.25
2424 187.2
2425 187.15
2426 187.15
2427 187.1
2428 187.1
2429 187.1
2430 187.05
2431 187.0
2432 186.95
2433 186.95
2434 187.05
2435 187.05
2436 187.1
2437 187.1
2438 187.0
2439 187.0
2440 187.0
2441 186.95
2442 186.95
2443 186.9
2444 186.9
2445 186.9
2446 186.85
2447 186.85
2448 186.8
2449 186.85
2450 186.9
2451 186.9
2452 187.1
2453 187.1
2454 187.2
2455 187.2
2456 187.2
2457 187.15
2458 187.2
2459 187.25
2460 187.15
2461 187.1
2462 187.05
2463 187.05
2464 187.0
2465 187.0
2466 187.0
2467 187.0
2468 187.1
2469 187.1
2470 187.1
2471 187.1
2472 187.05
2473 187.05
2474 187.05
2475 187.05
2476 187.15
2477 187.3
2478 187.2
2479 187.25
2480 187.3
2481 187.3
2482 187.3
2483 187.25
2484 187.25
2485 187.25
2486 187.2
2487 187.1
2488 187.05
2489 187.1
2490 187.1
2491 187.05
2492 187.05
2493 187.0
2494 187.0
2495 186.95
2496 187.0
2497 187.0
2498 187.1
2499 187.15
2500 187.1
2501 187.05
2502 187.05
2503 187.1
2504 187.1
2505 187.1
2506 187.05
2507 187.05
2508 186.95
2509 186.9
2510 186.9
2511 186.9
2512 186.9
2513 186.9
2514 186.95
2515 186.95
2516 187.0
2517 187.0
2518 186.9
2519 186.8
2520 186.8
2521 186.8
2522 186.85
2523 186.8
2524 186.8
2525 186.8
2526 186.8
2527 186.8
2528 186.85
2529 186.8
2530 186.95
2531 186.95
2532 186.95
2533 186.95
2534 187.0
2535 186.95
2536 186.95
2537 186.95
2538 186.95
2539 187.0
2540 186.9
2541 186.9
2542 186.8
2543 186.85
2544 186.9
2545 186.9
2546 186.9
2547 186.85
2548 186.85
2549 186.85
2550 186.9
2551 186.9
2552 186.9
2553 186.8
2554 186.6
2555 186.5
2556 186.55
2557 186.5
2558 186.5
2559 186.5
2560 186.5
2561 186.5
2562 186.45
2563 186.45
2564 186.6
2565 186.7
2566 186.75
2567 186.75
2568 186.75
2569 186.7
2570 186.65
2571 186.7
2572 186.75
2573 186.75
2574 186.75
2575 186.75
2576 186.75
2577 186.7
2578 186.7
2579 186.65
2580 186.6
2581 186.5
2582 186.65
2583 186.7
2584 186.7
2585 186.7
2586 186.6
2587 186.6
2588 186.75
2589 186.75
2590 186.8
2591 186.7
2592 186.8
2593 186.9
2594 186.95
2595 186.95
2596 186.95
2597 186.95
2598 186.95
2599 186.9
2600 186.85
2601 186.9
2602 186.85
2603 186.8
2604 186.75
2605 186.7
2606 186.7
2607 186.8
2608 186.75
2609 186.8
2610 186.9
2611 186.85
2612 186.75
2613 186.8
2614 186.95
2615 186.95
2616 187.05
2617 187.05
2618 187.0
2619 187.0
2620 187.0
2621 187.0
2622 186.9
2623 187.0
2624 187.0
2625 186.95
2626 186.8
2627 186.8
2628 186.85
2629 186.9
2630 186.9
2631 186.8
2632 186.8
2633 186.8
2634 186.75
2635 186.75
2636 186.75
2637 186.7
2638 186.65
2639 186.7
2640 186.75
2641 186.95
2642 187.0
2643 187.05
2644 187.1
2645 187.15
2646 187.15
2647 187.15
2648 187.15
2649 187.15
2650 187.15
2651 187.2
2652 187.2
2653 187.2
2654 187.15
2655 187.1
2656 187.15
2657 187.15
2658 187.15
2659 187.2
2660 187.2
2661 187.1
2662 187.1
2663 187.1
2664 187.05
2665 187.05
2666 187.15
2667 187.2
2668 187.25
2669 187.2
2670 187.2
2671 187.2
2672 187.25
2673 187.25
2674 187.25
2675 187.35
2676 187.35
2677 187.3
2678 187.35
2679 187.35
2680 187.35
2681 187.35
2682 187.4
2683 187.4
2684 187.45
2685 187.35
2686 187.35
2687 187.4
2688 187.45
2689 187.45
2690 187.45
2691 187.45
2692 187.4
2693 187.4
2694 187.4
2695 187.4
2696 187.4
2697 187.35
2698 187.3
2699 187.2
2700 187.2
2701 187.2
2702 187.2
2703 187.15
2704 187.05
2705 187.05
2706 187.0
2707 187.05
2708 187.05
2709 187.05
2710 187.05
2711 187.0
2712 186.95
2713 186.95
2714 186.9
2715 186.9
2716 186.95
2717 186.95
2718 186.95
2719 186.9
2720 186.9
2721 186.9
2722 187.0
2723 187.05
2724 187.2
2725 187.2
2726 187.15
2727 187.25
2728 187.25
2729 187.35
2730 187.3
2731 187.3
2732 187.3
2733 187.2
2734 187.1
2735 187.05
2736 187.15
2737 187.25
2738 187.25
2739 187.2
2740 187.2
2741 187.25
2742 187.25
2743 187.25
2744 187.3
2745 187.3
2746 187.3
2747 187.3
2748 187.3
2749 187.3
2750 187.25
2751 187.2
2752 187.2
2753 187.1
2754 187.15
2755 187.1
2756 187.15
2757 187.1
2758 187.15
2759 187.15
2760 187.2
2761 187.15
2762 187.1
2763 187.1
2764 187.1
2765 187.05
2766 187.05
2767 187.0
2768 187.0
2769 187.05
2770 187.05
2771 187.05
2772 187.0
2773 187.0
2774 187.0
2775 187.05
2776 187.05
2777 187.05
2778 187.0
2779 187.0
2780 187.0
2781 187.0
2782 187.1
2783 187.1
2784 187.2
2785 187.3
2786 187.25
2787 187.3
2788 187.3
2789 187.3
2790 187.3
2791 187.35
2792 187.3
2793 187.3
2794 187.25
2795 187.2
2796 187.2
2797 187.15
2798 187.15
2799 187.15
2800 187.1
2801 187.05
2802 187.0
2803 187.0
2804 187.05
2805 187.05
2806 187.1
2807 187.0
2808 186.95
2809 186.95
2810 186.95
2811 187.1
2812 187.05
2813 187.05
2814 187.05
2815 187.05
2816 187.1
2817 187.1
2818 187.1
2819 187.1
2820 187.1
2821 187.15
2822 187.2
2823 187.15
2824 187.1
2825 187.1
2826 187.1
2827 187.15
2828 187.1
2829 187.1
2830 187.1
2831 187.05
2832 187.0
2833 186.95
2834 186.95
2835 186.95
2836 187.0
2837 187.05
2838 187.15
2839 187.1
2840 187.1
2841 187.2
2842 187.2
2843 187.2
2844 187.2
2845 187.2
2846 187.2
2847 187.15
2848 187.1
2849 187.1
2850 187.1
2851 187.1
2852 187.05
2853 187.05
2854 187.05
2855 187.05
2856 187.05
2857 187.05
2858 187.1
2859 187.3
2860 187.3
2861 187.35
2862 187.4
2863 187.4
2864 187.45
2865 187.45
2866 187.45
2867 187.4
2868 187.4
2869 187.45
2870 187.5
2871 187.45
2872 187.35
2873 187.35
2874 187.3
2875 187.35
2876 187.35
2877 187.45
2878 187.45
2879 187.4
2880 187.4
2881 187.5
2882 187.5
2883 187.45
2884 187.4
2885 187.45
2886 187.45
2887 187.4
2888 187.3
2889 187.3
2890 187.35
2891 187.35
2892 187.45
2893 187.45
2894 187.45
2895 187.4
2896 187.4
2897 187.4
2898 187.4
2899 187.3
2900 187.25
2901 187.2
2902 187.25
2903 187.3
2904 187.3
2905 187.25
2906 187.25
2907 187.15
2908 187.15
2909 187.15
2910 187.15
2911 187.1
2912 187.2
2913 187.3
2914 187.3
2915 187.3
2916 187.25
2917 187.35
2918 187.4
2919 187.4
2920 187.3
2921 187.35
2922 187.3
2923 187.4
2924 187.4
2925 187.3
2926 187.3
2927 187.35
2928 187.4
2929 187.4
2930 187.35
2931 187.4
2932 187.4
2933 187.3
2934 187.3
2935 187.2
2936 187.2
2937 187.25
2938 187.2
2939 187.2
2940 187.2
2941 187.25
2942 187.25
2943 187.3
2944 187.4
2945 187.35
2946 187.35
2947 187.4
2948 187.4
2949 187.5
2950 187.45
2951 187.4
2952 187.4
2953 187.4
2954 187.45
2955 187.45
2956 187.55
2957 187.45
2958 187.45
2959 187.35
2960 187.35
2961 187.35
2962 187.4
2963 187.4
2964 187.45
2965 187.4
2966 187.4
2967 187.4
2968 187.55
2969 187.5
2970 187.55
2971 187.5
2972 187.5
2973 187.45
2974 187.4
2975 187.35
2976 187.35
2977 187.55
2978 187.5
2979 187.55
2980 187.5
2981 187.5
2982 187.5
2983 187.5
2984 187.5
2985 187.5
2986 187.5
2987 187.45
2988 187.45
2989 187.45
2990 187.5
2991 187.5
2992 187.55
2993 187.6
2994 187.5
2995 187.5
2996 187.55
2997 187.55
2998 187.55
2999 187.55
