#iterations probabilites
0 0.2
1 0.2375
2 0.2327228327228327
3 0.2644870448179272
4 0.30051896095820246
5 0.32386535670638106
6 0.3216531931300534
7 0.32700187192820407
8 0.32493746233291093
9 0.32337025897699145
10 0.33401378173834495
11 0.336441730746291
12 0.34993104483300913
13 0.3568222532671397
14 0.35562886260893817
15 0.35424147978100484
16 0.36137252864201164
17 0.3642274416638887
18 0.3743680119635357
19 0.3749667505653409
20 0.3803614511807364
21 0.38263481516487174
22 0.38350475453458466
23 0.38366047914460893
24 0.3809206719836001
25 0.38226784674207737
26 0.3857392799018183
27 0.39271022559855007
28 0.397589703306394
29 0.3982969435441644
30 0.4021913300473603
31 0.40523787462427263
32 0.4110606096491195
33 0.4149352046058688
34 0.4178434612417501
35 0.4205288967803047
36 0.4258428190644555
37 0.4227684524551508
38 0.4186877164009931
39 0.41811372506954037
40 0.42128361594253877
41 0.4167194894986019
42 0.41454872462296377
43 0.4094899994624557
44 0.41000380865443553
45 0.4097971657869596
46 0.40843107141556584
47 0.4133996249308888
48 0.4121935941093965
49 0.4167581941350556
50 0.4200158374298438
51 0.4232898888701876
52 0.4242499241217593
53 0.420798081843272
54 0.4185343294265628
55 0.4144478690382124
56 0.4186164962463529
57 0.4157801832373548
58 0.41408113008018776
59 0.41626529246845057
60 0.41651341611917203
61 0.41041981842023123
62 0.4183363589947997
63 0.4248653853171128
64 0.4251832656811046
65 0.4252588593562406
66 0.424678340932266
67 0.43079403899726165
68 0.4324647718489505
69 0.43363925095712946
70 0.4359514053536149
71 0.43627779483252976
72 0.43123270219682974
73 0.4295629740387457
74 0.42800709623074873
75 0.4270537451746502
76 0.4240790594127352
77 0.42280469485878214
78 0.42321798642630454
79 0.4234112976063825
80 0.42196008864943346
81 0.4158957948033697
82 0.41024124665561185
83 0.4046948615713619
84 0.3999080519087654
85 0.39777615197995136
86 0.3991866977212538
87 0.386940151404222
88 0.3874787306742041
89 0.39008952846251316
90 0.39122252826691395
91 0.3901845738835434
92 0.38799182871710475
93 0.39192154369948584
94 0.39488585279620536
95 0.38588664038231746
96 0.3835235166512744
97 0.37824716475967746
98 0.3832811914359927
99 0.37838620247072197
100 0.3792435710962373
101 0.3747674154951359
102 0.3779302729206441
103 0.376692759174529
104 0.3762339503067983
105 0.377663723202183
106 0.3754206666343967
107 0.37733800199335976
108 0.3789955461893125
109 0.3908204775679893
110 0.3888709193292229
111 0.389382801116238
112 0.3992849614866264
113 0.39991288941954484
114 0.4017566886925249
115 0.3938156803529722
116 0.39532049572136524
117 0.39698226383565416
118 0.39753465084841616
119 0.3891435294774465
120 0.3921487158718629
121 0.39205211580330224
122 0.39587224314800984
123 0.397176213547268
124 0.40343139662860344
125 0.39617947333451903
126 0.39493569374814347
127 0.3957386231514858
128 0.3954052270636246
129 0.4009878697504755
130 0.3999770234850201
131 0.40096904535352723
132 0.4040070737344725
133 0.3965523942474573
134 0.39800277256644345
135 0.4088352176670956
136 0.4040637262076043
137 0.4039753886083706
138 0.40143596751002486
139 0.40632335016352894
140 0.4081221933147764
141 0.4089261914574346
142 0.401082145489761
143 0.39110735719669104
144 0.37808418829356916
145 0.37674353424353424
146 0.3788134043449024
147 0.37153001499271754
148 0.3691154516668511
149 0.3514533957238652
150 0.3549821973924069
151 0.36022375866838646
152 0.3603168304661713
153 0.36377033726046887
154 0.36118341234103496
155 0.35863244851896836
156 0.3520625637501328
157 0.34810854774801575
158 0.3463534431297589
159 0.3413878441561632
160 0.33664353601634456
161 0.3413526177419787
162 0.34272088818463015
163 0.3465022377950577
164 0.33337658852018187
165 0.32868002921094025
166 0.3292168052713666
167 0.3308814108710738
168 0.3309533777131374
169 0.33252794908227834
170 0.32556299907451225
171 0.33034716596626224
172 0.3315369627280545
173 0.32174752918904265
174 0.32370722862479895
175 0.320360583092047
176 0.3252162939284197
177 0.32146391802641794
178 0.31774730954305563
179 0.3170256126172476
180 0.3223182633761902
181 0.32105778845723115
182 0.3114857608758488
183 0.3129614655405127
184 0.3083973032471178
185 0.2983178945489033
186 0.2915882528762331
187 0.29270685014260434
188 0.28410419918408447
189 0.2958983889422373
190 0.29734028171691873
191 0.2934720517849808
192 0.29286319098110725
193 0.2912816737113412
194 0.2931252194998998
195 0.2974997932708846
196 0.2909181034767418
197 0.29351442270085837
198 0.28431351608189004
199 0.2800106016853728
200 0.27999805204889094
201 0.27187575518099566
202 0.272724565331183
203 0.2691361866690814
204 0.27411879786879784
205 0.26894279944282606
206 0.26571077044633296
207 0.2727002164502164
208 0.2704997408142178
209 0.272755450790516
210 0.27028948218963694
211 0.2687992216117216
212 0.26555461972238287
213 0.2685359246609247
214 0.2692596245721245
215 0.26812830755845457
216 0.26635023354837595
217 0.2611102456437142
218 0.27115263413057533
219 0.2661708705918265
220 0.2749338380917329
221 0.27321671462925334
222 0.2766098230330042
223 0.2921256313131313
224 0.30192956553250666
225 0.2975469995690584
226 0.31175977244841657
227 0.31681277453626533
228 0.3169026689092479
229 0.30994535758885855
230 0.3126551069897845
231 0.30915124749802175
232 0.3138142362483134
233 0.30909153509888804
234 0.3041949447611213
235 0.30366705598323246
236 0.300870011355559
237 0.29887643647015705
238 0.28815272085828353
239 0.2887536148473354
240 0.2890784711504526
241 0.29189653732172915
242 0.2963005662638015
243 0.28893529350766195
244 0.28691844689127294
245 0.27855065240505733
246 0.27418935231435226
247 0.2653783643257327
248 0.2613696646920331
249 0.26408314090879875
250 0.26511084804428464
251 0.26357632864211816
252 0.2615062715062715
253 0.2532398014567132
254 0.2556520236299648
255 0.25897657897657894
256 0.2531070318570318
257 0.25035520035520037
258 0.25226911976911975
259 0.25504537129537125
260 0.254515102952603
261 0.25959070341423285
262 0.25917833800186746
263 0.26570526695526697
264 0.2521809501772737
265 0.24961985930735936
266 0.24980248917748918
267 0.24655653374403377
268 0.24402462121212123
269 0.24917839105339107
270 0.2511715367965368
271 0.25966660532450003
272 0.25862281101251694
273 0.2525289294039294
274 0.2519955044955045
275 0.2456478243978244
276 0.2460596348096348
277 0.25300407925407925
278 0.24620754245754242
279 0.23862231335915546
280 0.23480970418470415
281 0.23433288933288926
282 0.2399332611832612
283 0.23925865800865798
284 0.22585421522921525
285 0.2249198717948718
286 0.20712599900099898
287 0.21745263723204902
288 0.22394662118926828
289 0.22555438842203554
290 0.21889854426619132
291 0.21521147561588738
292 0.2114362230906348
293 0.2109151469445587
294 0.2091387289181407
295 0.21347406066156066
296 0.19694458319458322
297 0.19749708624708626
298 0.20427079864579864
299 0.2014080364080364
300 0.20265207015207015
301 0.20502896409146407
302 0.20275713869463868
303 0.1973530982905983
304 0.2025081699346405
305 0.20511075117692762
306 0.20843944250194246
307 0.20827362996480642
308 0.21739087301587304
309 0.21633771929824563
310 0.21576388888888892
311 0.21745220057720055
312 0.21854166666666663
313 0.22631944444444446
314 0.22506944444444446
315 0.22738562091503267
316 0.22830102495543675
317 0.22263257575757572
318 0.2222853535353535
319 0.21166927736006685
320 0.20776875901875905
321 0.20056547619047613
322 0.20054919495708967
323 0.19375594177064762
324 0.1925883838383838
325 0.19321338383838382
326 0.18916305916305914
327 0.1949406843156843
328 0.20271846209346206
329 0.1976939033189033
330 0.20065688396570752
331 0.1999503968253968
332 0.20173611111111106
333 0.20153711484593834
334 0.19697420634920634
335 0.19158730158730158
336 0.19100898692810458
337 0.19453171420083185
338 0.18400641025641024
339 0.18067307692307694
340 0.17836309523809524
341 0.17782738095238096
342 0.17732142857142857
343 0.18261904761904763
344 0.19499999999999998
345 0.19291666666666665
346 0.20541666666666666
347 0.2044230769230769
348 0.2075595238095238
349 0.21187499999999998
350 0.21023809523809525
351 0.22315476190476194
352 0.22196428571428575
353 0.2251497113997114
354 0.22296717171717167
355 0.21736111111111112
356 0.21694444444444447
357 0.22305555555555556
358 0.224375
359 0.2233651764901765
360 0.2242742673992674
361 0.22406593406593406
362 0.22217261904761906
363 0.22201479076479078
364 0.21427669552669554
365 0.22039682539682542
366 0.23594627594627596
367 0.23535103785103786
368 0.2257677045177045
369 0.2257677045177045
370 0.23553932178932174
371 0.23478174603174598
372 0.23643849206349205
373 0.23374007936507932
374 0.22806637806637803
375 0.2288699494949495
376 0.2185921717171717
377 0.21674693362193365
378 0.20317550505050502
379 0.20088474025974024
380 0.19759920634920633
381 0.19673611111111108
382 0.20263888888888887
383 0.20480429292929295
384 0.20277777777777778
385 0.2052209595959596
386 0.2050496031746032
387 0.20074404761904763
388 0.20236111111111113
389 0.20881944444444445
390 0.21506944444444445
391 0.21069444444444443
392 0.2176190476190476
393 0.22199404761904762
394 0.21887112887112886
395 0.2148126873126873
396 0.21830627705627706
397 0.21231268731268732
398 0.21420177045177047
399 0.21428571428571427
400 0.21651785714285712
401 0.2145718864468864
402 0.21394688644688645
403 0.21524891774891772
404 0.21567099567099568
405 0.22024225774225775
406 0.21905927405927406
407 0.20692848817848816
408 0.2093256743256743
409 0.21220265845265845
410 0.20881791819291823
411 0.21034569597069597
412 0.21089133089133089
413 0.20922466422466424
414 0.20825396825396827
415 0.20148809523809524
416 0.2067857142857143
417 0.19454545454545452
418 0.1864484126984127
419 0.1858531746031746
420 0.18405934343434344
421 0.18442460317460316
422 0.1962617243867244
423 0.16743055555555558
424 0.16496031746031747
425 0.1663476800976801
426 0.16650793650793652
427 0.16910804473304472
428 0.17130952380952383
429 0.174505772005772
430 0.1791468253968254
431 0.18325396825396825
432 0.17894536019536017
433 0.18063186813186813
434 0.17678571428571427
435 0.17716450216450216
436 0.17169642857142858
437 0.1816964285714286
438 0.1797123015873016
439 0.1797123015873016
440 0.18178571428571427
441 0.18692640692640694
442 0.1838888888888889
443 0.18199494949494952
444 0.18497113997113998
445 0.18168650793650792
446 0.1798809523809524
447 0.18015873015873016
448 0.17123015873015873
449 0.1728968253968254
450 0.17780753968253968
451 0.1806547619047619
452 0.18120039682539685
453 0.17995039682539685
454 0.17995039682539685
455 0.16256944444444446
456 0.16048611111111113
457 0.1684920634920635
458 0.17117063492063492
459 0.17857142857142855
460 0.17752976190476188
461 0.17836309523809524
462 0.16958333333333334
463 0.17821428571428571
464 0.19214285714285714
465 0.1913095238095238
466 0.1913095238095238
467 0.19773809523809524
468 0.19607142857142856
469 0.19107142857142856
470 0.2046626984126984
471 0.20327380952380952
472 0.2011904761904762
473 0.2017857142857143
474 0.20416666666666666
475 0.18297619047619046
476 0.19072420634920634
477 0.1916964285714286
478 0.18801587301587303
479 0.18756944444444446
480 0.19074404761904765
481 0.188640873015873
482 0.19685515873015874
483 0.19125992063492064
484 0.1930952380952381
485 0.19438492063492063
486 0.19729166666666667
487 0.20861201298701298
488 0.21569534632034632
489 0.23652867965367969
490 0.24257034632034635
491 0.24590367965367968
492 0.23932539682539683
493 0.24539682539682542
494 0.24539682539682542
495 0.22486111111111112
496 0.21986111111111112
497 0.2200892857142857
498 0.21875
499 0.21875
500 0.22437500000000005
501 0.22562500000000002
502 0.23249999999999998
503 0.23249999999999998
504 0.23249999999999998
505 0.23666666666666666
506 0.22958333333333333
507 0.22208333333333335
508 0.22770833333333335
509 0.21520833333333336
510 0.22454365079365082
511 0.21829365079365082
512 0.20461309523809526
513 0.19854166666666667
514 0.18901515151515152
515 0.175
516 0.17996794871794872
517 0.17871794871794872
518 0.1772893772893773
519 0.1778846153846154
520 0.17121794871794868
521 0.1701190476190476
522 0.16955128205128203
523 0.1740151515151515
524 0.1740151515151515
525 0.1740151515151515
526 0.18083333333333335
527 0.18083333333333335
528 0.18333333333333332
529 0.17708333333333331
530 0.16799242424242425
531 0.16674242424242425
532 0.16590909090909092
533 0.15757575757575756
534 0.1534090909090909
535 0.14821428571428572
536 0.14821428571428572
537 0.14821428571428572
538 0.14821428571428572
539 0.1375
540 0.1375
541 0.14375
542 0.1375
543 0.1375
544 0.1375
545 0.13625
546 0.13541666666666666
547 0.13541666666666666
548 0.13416666666666668
549 0.13625
550 0.13625
551 0.13
552 0.13999999999999999
553 0.13690476190476192
554 0.13645833333333332
555 0.13645833333333332
556 0.13645833333333332
557 0.13645833333333332
558 0.13645833333333332
559 0.13526785714285713
560 0.13492063492063494
561 0.13492063492063494
562 0.13492063492063494
563 0.13611111111111113
564 0.13611111111111113
565 0.13492063492063494
566 0.13214285714285715
567 0.14047619047619048
568 0.14464285714285713
569 0.14464285714285713
570 0.14047619047619048
571 0.14047619047619048
572 0.14333333333333334
573 0.14333333333333334
574 0.14333333333333334
575 0.16833333333333333
576 0.16833333333333333
577 0.1625
578 0.15833333333333333
579 0.15833333333333333
580 0.15833333333333333
581 0.15833333333333333
582 0.15833333333333333
583 0.15833333333333333
584 0.15833333333333333
585 0.17083333333333334
586 0.17083333333333334
587 0.17083333333333334
588 0.17083333333333334
589 0.17083333333333334
590 0.17083333333333334
591 0.17083333333333334
592 0.175
593 0.190625
594 0.1925
595 0.1925
596 0.205
597 0.205
598 0.19166666666666665
599 0.1925
600 0.205
601 0.20083333333333334
602 0.20083333333333334
603 0.2020833333333333
604 0.19791666666666666
605 0.19791666666666666
606 0.19791666666666666
607 0.19791666666666666
608 0.19583333333333333
609 0.16958333333333334
610 0.16958333333333334
611 0.16958333333333334
612 0.16958333333333334
613 0.16833333333333333
614 0.16833333333333333
615 0.16833333333333333
616 0.16625
617 0.14250000000000002
618 0.13625
619 0.13958333333333334
620 0.13833333333333334
621 0.13333333333333333
622 0.13333333333333333
623 0.13333333333333333
624 0.1375
625 0.1375
626 0.15
627 0.1625
628 0.1625
629 0.16499999999999998
630 0.1625
631 0.1625
632 0.1625
633 0.1625
634 0.1625
635 0.1375
636 0.1375
637 0.140625
638 0.1419642857142857
639 0.1419642857142857
640 0.140625
641 0.1419642857142857
642 0.1419642857142857
643 0.1419642857142857
644 0.1419642857142857
645 0.1419642857142857
646 0.1419642857142857
647 0.1419642857142857
648 0.1419642857142857
649 0.14404761904761904
650 0.1419642857142857
651 0.1419642857142857
652 0.13125
653 0.13
654 0.12916666666666665
655 0.12916666666666665
656 0.12916666666666665
657 0.12916666666666665
658 0.12916666666666665
659 0.13
660 0.1335714285714286
661 0.1335714285714286
662 0.1285714285714286
663 0.1285714285714286
664 0.1285714285714286
665 0.1285714285714286
666 0.1285714285714286
667 0.1285714285714286
668 0.1285714285714286
669 0.1285714285714286
670 0.1285714285714286
671 0.1285714285714286
672 0.1285714285714286
673 0.1285714285714286
674 0.1285714285714286
675 0.12916666666666668
676 0.12916666666666668
677 0.128125
678 0.13645833333333332
679 0.13645833333333332
680 0.16145833333333331
681 0.16145833333333331
682 0.16458333333333333
683 0.16458333333333333
684 0.16666666666666666
685 0.15833333333333333
686 0.15833333333333333
687 0.15833333333333333
688 0.15833333333333333
689 0.15833333333333333
690 0.15833333333333333
691 0.15833333333333333
692 0.15833333333333333
693 0.15833333333333333
694 0.1625
695 0.1625
696 0.1625
697 0.1625
698 0.175
699 0.1625
700 0.1625
701 0.1625
702 0.1625
703 0.15
704 0.175
705 0.175
706 0.1625
707 0.1625
708 0.1625
709 0.1625
710 0.15
711 0.15
712 0.15
713 0.15
714 0.15
715 0.15
716 0.15
717 0.15
718 0.15
719 0.15
720 0.15
721 0.15
722 0.15
723 0.15
724 0.15
725 0.15
726 0.15
727 0.15
728 0.15
729 0.15
730 0.175
731 0.175
732 0.175
733 0.16875
734 0.16875
735 0.16875
736 0.16875
737 0.16875
738 0.16875
739 0.16041666666666665
740 0.16041666666666665
741 0.16041666666666665
742 0.16041666666666665
743 0.16041666666666665
744 0.16041666666666665
745 0.16041666666666665
746 0.16041666666666665
747 0.15666666666666668
748 0.15666666666666668
749 0.15666666666666668
750 0.15666666666666668
751 0.1525
752 0.1375
753 0.1375
754 0.1375
755 0.13333333333333333
756 0.13833333333333334
757 0.13833333333333334
758 0.13833333333333334
759 0.13625
760 0.13625
761 0.13
762 0.13
763 0.13
764 0.13
765 0.13333333333333333
766 0.13333333333333333
767 0.135
768 0.13333333333333333
769 0.135
770 0.135
771 0.135
772 0.135
773 0.135
774 0.144375
775 0.144375
776 0.144375
777 0.14750000000000002
778 0.14750000000000002
779 0.15
780 0.15416666666666665
781 0.15
782 0.15
783 0.15
784 0.15
785 0.15
786 0.15
787 0.15
788 0.15
789 0.15
790 0.1375
791 0.1375
792 0.1375
793 0.1375
794 0.1375
795 0.1375
796 0.13999999999999999
797 0.13999999999999999
798 0.14375
799 0.125
800 0.125
801 0.125
802 0.125
803 0.125
804 0.125
805 0.125
806 0.125
807 0.125
808 0.125
809 0.125
810 0.125
811 0.125
812 0.125
813 0.125
814 0.125
815 0.125
816 0.125
817 0.125
818 0.125
819 0.125
820 0.125
821 0.125
822 0.125
823 0.125
824 0.125
825 0.125
826 0.125
827 0.125
828 0.125
829 0.125
830 0.125
831 0.125
832 0.125
833 0.125
834 0.125
835 0.125
836 0.125
837 0.125
838 0.125
839 0.125
840 0.125
841 0.125
842 0.125
843 0.125
844 0.125
845 0.125
846 0.125
847 0.125
848 0.125
849 0.125
850 0.125
851 0.125
852 0.125
853 0.125
854 0.125
855 0.125
856 0.125
857 0.125
858 0.125
859 0.125
860 0.125
861 0.125
862 0.125
863 0.125
864 0.125
865 0.125
866 0.125
867 0.125
868 0.125
869 0.125
870 0.125
871 0.125
872 0.125
873 0.125
874 0.125
875 0.125
876 0.125
877 0.125
878 0.125
879 0.125
880 0.125
881 0.125
882 0.125
883 0.125
884 0.125
885 0.125
886 0.125
887 0.125
888 0.125
889 0.125
890 0.125
891 0.125
892 0.125
893 0.125
894 0.125
895 0.125
896 0.125
897 0.125
898 0.125
899 0.125
900 0.125
901 0.125
902 0.125
903 0.125
904 0.125
905 0.125
906 0.125
907 0.125
908 0.125
909 0.125
910 0.15
911 0.15
912 0.15
913 0.175
914 0.175
915 0.175
916 0.175
917 0.175
918 0.175
919 0.175
920 0.175
921 0.175
922 0.175
923 0.175
924 0.175
925 0.175
926 0.175
927 0.175
928 0.175
929 0.175
930 0.2
931 0.1875
932 0.1875
933 0.1875
934 0.1875
935 0.1625
936 0.15833333333333333
937 0.15833333333333333
938 0.13333333333333333
939 0.13333333333333333
940 0.13333333333333333
941 0.13333333333333333
942 0.13333333333333333
943 0.13333333333333333
944 0.13333333333333333
945 0.13333333333333333
946 0.13333333333333333
947 0.13333333333333333
948 0.13333333333333333
949 0.13333333333333333
950 0.13333333333333333
951 0.13333333333333333
952 0.13333333333333333
953 0.13333333333333333
954 0.13333333333333333
955 0.125
956 0.125
957 0.15
958 0.15
959 0.1375
960 0.1375
961 0.1375
962 0.1375
963 0.1375
964 0.1375
965 0.1375
966 0.1375
967 0.1375
968 0.1375
969 0.1375
970 0.1375
971 0.1375
972 0.14166666666666666
973 0.14166666666666666
974 0.14166666666666666
975 0.14166666666666666
976 0.14166666666666666
977 0.14166666666666666
978 0.14166666666666666
979 0.14166666666666666
980 0.14166666666666666
981 0.14166666666666666
982 0.1375
983 0.1375
984 0.15
985 0.175
986 0.175
987 0.175
988 0.175
989 0.175
990 0.175
991 0.175
992 0.175
993 0.175
994 0.175
995 0.175
996 0.175
997 0.15
998 0.15
999 0.15
1000 0.15
1001 0.15
1002 0.15
1003 0.15
1004 0.15
1005 0.15
1006 0.15
1007 0.15
1008 0.15625
1009 0.15625
1010 0.1375
1011 0.1375
1012 0.15
1013 0.15
1014 0.15
1015 0.15
1016 0.15
1017 0.15
1018 0.15
1019 0.15
1020 0.15
1021 0.15
1022 0.15
1023 0.15
1024 0.13333333333333333
1025 0.13333333333333333
1026 0.13333333333333333
1027 0.13333333333333333
1028 0.13333333333333333
1029 0.13333333333333333
1030 0.13333333333333333
1031 0.13333333333333333
1032 0.13333333333333333
1033 0.125
1034 0.1375
1035 0.13333333333333333
1036 0.13333333333333333
1037 0.13333333333333333
1038 0.13333333333333333
1039 0.13333333333333333
1040 0.13333333333333333
1041 0.13333333333333333
1042 0.1375
1043 0.1375
1044 0.13333333333333333
1045 0.13333333333333333
1046 0.13333333333333333
1047 0.13333333333333333
1048 0.13333333333333333
1049 0.13333333333333333
1050 0.13333333333333333
1051 0.13333333333333333
1052 0.13333333333333333
1053 0.13333333333333333
1054 0.13333333333333333
1055 0.13333333333333333
1056 0.13333333333333333
1057 0.13333333333333333
1058 0.13333333333333333
1059 0.125
1060 0.125
1061 0.125
1062 0.125
1063 0.125
1064 0.125
1065 0.125
1066 0.125
1067 0.125
1068 0.125
1069 0.125
1070 0.125
1071 0.125
1072 0.125
1073 0.125
1074 0.125
1075 0.125
1076 0.125
1077 0.125
1078 0.125
1079 0.125
1080 0.125
1081 0.125
1082 0.125
1083 0.125
1084 0.125
1085 0.125
1086 0.125
1087 0.125
1088 0.125
1089 0.125
1090 0.125
1091 0.125
1092 0.125
1093 0.125
1094 0.125
1095 0.125
1096 0.125
1097 0.125
1098 0.125
1099 0.125
1100 0.125
1101 0.125
1102 0.125
1103 0.125
1104 0.125
1105 0.125
1106 0.125
1107 0.125
1108 0.125
1109 0.125
1110 0.125
1111 0.125
1112 0.125
1113 0.125
1114 0.125
1115 0.125
1116 0.125
1117 0.125
1118 0.125
1119 0.125
1120 0.125
1121 0.125
1122 0.125
1123 0.125
1124 0.125
1125 0.125
1126 0.125
1127 0.125
1128 0.125
1129 0.125
1130 0.125
1131 0.1625
1132 0.1625
1133 0.1625
1134 0.1625
1135 0.1625
1136 0.1625
1137 0.1625
1138 0.1625
1139 0.1625
1140 0.1625
1141 0.1625
1142 0.1625
1143 0.1625
1144 0.1625
1145 0.1625
1146 0.1625
1147 0.1625
1148 0.1625
1149 0.1625
1150 0.1625
1151 0.175
1152 0.175
1153 0.175
1154 0.175
1155 0.175
1156 0.125
1157 0.125
1158 0.125
1159 0.125
1160 0.125
1161 0.125
1162 0.125
1163 0.125
1164 0.125
1165 0.125
1166 0.125
1167 0.125
1168 0.125
1169 0.125
1170 0.125
1171 0.125
1172 0.125
1173 0.125
1174 0.125
1175 0.125
1176 0.125
1177 0.125
1178 0.125
1179 0.125
1180 0.125
1181 0.125
1182 0.125
1183 0.125
1184 0.125
1185 0.125
1186 0.125
1187 0.125
1188 0.125
1189 0.125
1190 0.125
1191 0.125
1192 0.125
1193 0.125
1194 0.125
1195 0.125
1196 0.125
1197 0.125
1198 0.125
1199 0.125
1200 0.125
1201 0.125
1202 0.125
1203 0.125
1204 0.125
1205 0.125
1206 0.125
1207 0.125
1208 0.125
1209 0.125
1210 0.125
1211 0.125
1212 0.125
1213 0.125
1214 0.125
1215 0.125
1216 0.125
1217 0.125
1218 0.125
1219 0.125
1220 0.125
1221 0.125
1222 0.125
1223 0.125
1224 0.125
1225 0.125
1226 0.125
1227 0.125
1228 0.125
1229 0.125
1230 0.125
1231 0.125
1232 0.125
1233 0.125
1234 0.125
1235 0.125
1236 0.125
1237 0.125
1238 0.125
1239 0.125
1240 0.125
1241 0.125
1242 0.125
1243 0.125
1244 0.125
1245 0.125
1246 0.125
1247 0.125
1248 0.125
1249 0.125
1250 0.125
1251 0.125
1252 0.125
1253 0.125
1254 0.125
1255 0.125
1256 0.125
1257 0.125
1258 0.125
1259 0.125
1260 0.125
1261 0.125
1262 0.125
1263 0.125
1264 0.125
1265 0.125
1266 0.125
1267 0.125
1268 0.125
1269 0.125
1270 0.125
1271 0.125
1272 0.125
1273 0.125
1274 0.125
1275 0.125
1276 0.125
1277 0.125
1278 0.125
1279 0.125
1280 0.125
1281 0.125
1282 0.125
1283 0.125
1284 0.125
1285 0.125
1286 0.125
1287 0.125
1288 0.125
1289 0.125
1290 0.125
1291 0.125
1292 0.125
1293 0.125
1294 0.125
1295 0.125
1296 0.125
1297 0.125
1298 0.125
1299 0.125
1300 0.125
1301 0.125
1302 0.125
1303 0.125
1304 0.125
1305 0.125
1306 0.125
1307 0.125
1308 0.1375
1309 0.1375
1310 0.1375
1311 0.1375
1312 0.1375
1313 0.1375
1314 0.1375
1315 0.1375
1316 0.1375
1317 0.1375
1318 0.1375
1319 0.1375
1320 0.1375
1321 0.15
1322 0.15
1323 0.15
1324 0.15
1325 0.15
1326 0.15
1327 0.15
1328 0.15
1329 0.15
1330 0.15
1331 0.15
1332 0.15
1333 0.125
1334 0.125
1335 0.125
1336 0.125
1337 0.125
1338 0.125
1339 0.125
1340 0.125
1341 0.125
1342 0.125
1343 0.125
1344 0.125
1345 0.125
1346 0.125
1347 0.125
1348 0.125
1349 0.125
1350 0.125
1351 0.125
1352 0.125
1353 0.125
1354 0.125
1355 0.125
1356 0.125
1357 0.125
1358 0.125
1359 0.125
1360 0.125
1361 0.125
1362 0.125
1363 0.125
1364 0.125
1365 0.125
1366 0.125
1367 0.125
1368 0.125
1369 0.125
1370 0.125
1371 0.125
1372 0.15
1373 0.15
1374 0.15
1375 0.15
1376 0.15
1377 0.15
1378 0.15
1379 0.15
1380 0.15
1381 0.15
1382 0.15
1383 0.15
1384 0.15
1385 0.15
1386 0.15
1387 0.15
1388 0.15
1389 0.15
1390 0.15
1391 0.15
1392 0.15
1393 0.15
1394 0.15
1395 0.15
1396 0.15
1397 0.125
1398 0.125
1399 0.125
1400 0.125
1401 0.125
1402 0.125
1403 0.125
1404 0.125
1405 0.125
1406 0.125
1407 0.125
1408 0.125
1409 0.125
1410 0.125
1411 0.125
1412 0.125
1413 0.125
1414 0.125
1415 0.125
1416 0.125
1417 0.125
1418 0.125
1419 0.125
1420 0.125
1421 0.125
1422 0.125
1423 0.125
1424 0.125
1425 0.125
1426 0.125
1427 0.125
1428 0.125
1429 0.125
1430 0.125
1431 0.125
1432 0.125
1433 0.125
1434 0.125
1435 0.125
1436 0.125
1437 0.125
1438 0.125
1439 0.125
1440 0.125
1441 0.125
1442 0.125
1443 0.125
1444 0.125
1445 0.125
1446 0.125
1447 0.125
1448 0.125
1449 0.125
1450 0.125
1451 0.125
1452 0.125
1453 0.125
1454 0.125
1455 0.125
1456 0.125
1457 0.125
1458 0.125
1459 0.125
1460 0.125
1461 0.125
1462 0.125
1463 0.125
1464 0.125
1465 0.125
1466 0.125
1467 0.125
1468 0.125
1469 0.125
1470 0.125
1471 0.125
1472 0.125
1473 0.125
1474 0.125
1475 0.125
1476 0.125
1477 0.125
1478 0.125
1479 0.125
1480 0.125
1481 0.125
1482 0.125
1483 0.125
1484 0.125
1485 0.125
1486 0.125
1487 0.125
1488 0.125
1489 0.125
1490 0.125
1491 0.125
1492 0.125
1493 0.125
1494 0.125
1495 0.125
1496 0.125
1497 0.125
1498 0.125
1499 0.125
1500 0.125
1501 0.125
1502 0.125
1503 0.125
1504 0.125
1505 0.125
1506 0.125
1507 0.125
1508 0.125
1509 0.125
1510 0.125
1511 0.125
1512 0.125
1513 0.125
1514 0.125
1515 0.125
1516 0.125
1517 0.125
1518 0.125
1519 0.125
1520 0.125
1521 0.125
1522 0.125
1523 0.125
1524 0.125
1525 0.125
1526 0.125
1527 0.125
1528 0.125
1529 0.125
1530 0.125
1531 0.125
1532 0.125
1533 0.125
1534 0.125
1535 0.125
1536 0.125
1537 0.125
1538 0.125
1539 0.125
1540 0.125
1541 0.125
1542 0.125
1543 0.125
1544 0.125
1545 0.125
1546 0.125
1547 0.125
1548 0.125
1549 0.125
1550 0.125
1551 0.125
1552 0.125
1553 0.125
1554 0.125
1555 0.125
1556 0.125
1557 0.125
1558 0.125
1559 0.125
1560 0.125
1561 0.125
1562 0.125
1563 0.125
1564 0.125
1565 0.125
1566 0.125
1567 0.125
1568 0.125
1569 0.125
1570 0.125
1571 0.125
1572 0.125
1573 0.125
1574 0.125
1575 0.125
1576 0.125
1577 0.125
1578 0.125
1579 0.125
1580 0.125
1581 0.125
1582 0.125
1583 0.125
1584 0.125
1585 0.125
1586 0.125
1587 0.125
1588 0.125
1589 0.125
1590 0.125
1591 0.125
1592 0.125
1593 0.125
1594 0.125
1595 0.125
1596 0.125
1597 0.125
1598 0.125
1599 0.125
1600 0.125
1601 0.125
1602 0.125
1603 0.125
1604 0.125
1605 0.125
1606 0.125
1607 0.125
1608 0.125
1609 0.125
1610 0.125
1611 0.125
1612 0.125
1613 0.125
1614 0.125
1615 0.125
1616 0.125
1617 0.125
1618 0.125
1619 0.125
1620 0.125
1621 0.125
1622 0.125
1623 0.125
1624 0.125
1625 0.125
1626 0.125
1627 0.125
1628 0.125
1629 0.125
1630 0.125
1631 0.125
1632 0.125
1633 0.125
1634 0.125
1635 0.125
1636 0.125
1637 0.125
1638 0.125
1639 0.125
1640 0.125
1641 0.125
1642 0.125
1643 0.125
1644 0.125
1645 0.125
1646 0.125
1647 0.125
1648 0.125
1649 0.125
1650 0.125
1651 0.125
1652 0.125
1653 0.125
1654 0.125
1655 0.125
1656 0.125
1657 0.125
1658 0.125
1659 0.125
1660 0.125
1661 0.125
1662 0.125
1663 0.125
1664 0.125
1665 0.125
1666 0.125
1667 0.125
1668 0.125
1669 0.125
1670 0.125
1671 0.125
1672 0.125
1673 0.125
1674 0.125
1675 0.125
1676 0.125
1677 0.125
1678 0.125
1679 0.125
1680 0.125
1681 0.125
1682 0.125
1683 0.125
1684 0.125
1685 0.125
1686 0.125
1687 0.125
1688 0.125
1689 0.125
1690 0.125
1691 0.125
1692 0.125
1693 0.125
1694 0.125
1695 0.125
1696 0.125
1697 0.125
1698 0.125
1699 0.125
1700 0.125
1701 0.125
1702 0.125
1703 0.125
1704 0.125
1705 0.125
1706 0.125
1707 0.125
1708 0.125
1709 0.125
1710 0.125
1711 0.125
1712 0.125
1713 0.125
1714 0.125
1715 0.125
1716 0.125
1717 0.125
1718 0.125
1719 0.125
1720 0.125
1721 0.125
1722 0.125
1723 0.125
1724 0.125
1725 0.125
1726 0.125
1727 0.125
1728 0.125
1729 0.125
1730 0.125
1731 0.125
1732 0.125
1733 0.125
1734 0.125
1735 0.125
1736 0.125
1737 0.125
1738 0.125
1739 0.125
1740 0.125
1741 0.125
1742 0.125
1743 0.125
1744 0.125
1745 0.125
1746 0.125
1747 0.125
1748 0.125
1749 0.125
1750 0.125
1751 0.125
1752 0.125
1753 0.125
1754 0.125
1755 0.125
1756 0.125
1757 0.125
1758 0.125
1759 0.125
1760 0.125
1761 0.125
1762 0.125
1763 0.125
1764 0.125
1765 0.125
1766 0.125
1767 0.125
1768 0.125
1769 0.125
1770 0.125
1771 0.125
1772 0.125
1773 0.125
1774 0.125
1775 0.125
1776 0.125
1777 0.125
1778 0.125
1779 0.125
1780 0.125
1781 0.125
1782 0.125
1783 0.125
1784 0.125
1785 0.125
1786 0.125
1787 0.125
1788 0.125
1789 0.125
1790 0.125
1791 0.125
1792 0.125
1793 0.125
1794 0.125
1795 0.125
1796 0.125
1797 0.125
1798 0.125
1799 0.125
1800 0.125
1801 0.125
1802 0.125
1803 0.125
1804 0.125
1805 0.125
1806 0.125
1807 0.125
1808 0.125
1809 0.125
1810 0.125
1811 0.125
1812 0.125
1813 0.125
1814 0.125
1815 0.125
1816 0.125
1817 0.125
1818 0.125
1819 0.125
1820 0.125
1821 0.125
1822 0.125
1823 0.125
1824 0.125
1825 0.125
1826 0.125
1827 0.125
1828 0.125
1829 0.125
1830 0.125
1831 0.125
1832 0.125
1833 0.125
1834 0.125
1835 0.125
1836 0.125
1837 0.125
1838 0.125
1839 0.125
1840 0.125
1841 0.125
1842 0.125
1843 0.125
1844 0.125
1845 0.125
1846 0.125
1847 0.125
1848 0.125
1849 0.125
1850 0.125
1851 0.125
1852 0.125
1853 0.125
1854 0.125
1855 0.125
1856 0.125
1857 0.125
1858 0.125
1859 0.125
1860 0.125
1861 0.125
1862 0.125
1863 0.125
1864 0.125
1865 0.125
1866 0.125
1867 0.125
1868 0.125
1869 0.125
1870 0.125
1871 0.125
1872 0.125
1873 0.125
1874 0.125
1875 0.125
1876 0.125
1877 0.125
1878 0.125
1879 0.125
1880 0.125
1881 0.125
1882 0.125
1883 0.125
1884 0.125
1885 0.125
1886 0.125
1887 0.125
1888 0.125
1889 0.125
1890 0.125
1891 0.125
1892 0.125
1893 0.125
1894 0.125
1895 0.125
1896 0.125
1897 0.125
1898 0.125
1899 0.125
1900 0.125
1901 0.125
1902 0.125
1903 0.125
1904 0.125
1905 0.125
1906 0.125
1907 0.125
1908 0.125
1909 0.125
1910 0.125
1911 0.125
1912 0.125
1913 0.125
1914 0.125
1915 0.125
1916 0.125
1917 0.125
1918 0.125
1919 0.125
1920 0.125
1921 0.125
1922 0.125
1923 0.125
1924 0.125
1925 0.125
1926 0.125
1927 0.125
1928 0.125
1929 0.125
1930 0.125
1931 0.125
1932 0.125
1933 0.125
1934 0.125
1935 0.125
1936 0.125
1937 0.125
1938 0.125
1939 0.125
1940 0.125
1941 0.125
1942 0.125
1943 0.125
1944 0.125
1945 0.125
1946 0.125
1947 0.125
1948 0.125
1949 0.125
1950 0.125
1951 0.125
1952 0.125
1953 0.125
1954 0.125
1955 0.125
1956 0.125
1957 0.125
1958 0.125
1959 0.125
1960 0.125
1961 0.125
1962 0.125
1963 0.125
1964 0.125
1965 0.125
1966 0.125
1967 0.125
1968 0.125
1969 0.125
1970 0.125
1971 0.125
1972 0.125
1973 0.125
1974 0.125
1975 0.125
1976 0.125
1977 0.125
1978 0.125
1979 0.125
1980 0.125
1981 0.125
1982 0.125
1983 0.125
1984 0.125
1985 0.125
1986 0.125
1987 0.125
1988 0.125
1989 0.125
1990 0.125
1991 0.125
1992 0.125
1993 0.125
1994 0.125
1995 0.125
1996 0.125
1997 0.125
1998 0.125
1999 0.125
2000 0.125
2001 0.125
2002 0.125
2003 0.125
2004 0.125
2005 0.125
2006 0.125
2007 0.125
2008 0.125
2009 0.125
2010 0.125
2011 0.125
2012 0.125
2013 0.125
2014 0.125
2015 0.125
2016 0.125
2017 0.125
2018 0.125
2019 0.125
2020 0.125
2021 0.125
2022 0.125
2023 0.125
2024 0.125
2025 0.125
2026 0.125
2027 0.125
2028 0.125
2029 0.125
2030 0.125
2031 0.125
2032 0.125
2033 0.125
2034 0.125
2035 0.125
2036 0.125
2037 0.125
2038 0.125
2039 0.125
2040 0.125
2041 0.125
2042 0.125
2043 0.125
2044 0.125
2045 0.125
2046 0.125
2047 0.125
2048 0.125
2049 0.125
2050 0.125
2051 0.125
2052 0.125
2053 0.125
2054 0.125
2055 0.125
2056 0.125
2057 0.125
2058 0.125
2059 0.125
2060 0.125
2061 0.125
2062 0.125
2063 0.125
2064 0.125
2065 0.125
2066 0.125
2067 0.125
2068 0.125
2069 0.125
2070 0.125
2071 0.125
2072 0.125
2073 0.125
2074 0.125
2075 0.125
2076 0.125
2077 0.125
2078 0.125
2079 0.125
2080 0.125
2081 0.125
2082 0.125
2083 0.125
2084 0.125
2085 0.125
2086 0.125
2087 0.125
2088 0.125
2089 0.125
2090 0.125
2091 0.125
2092 0.125
2093 0.125
2094 0.125
2095 0.125
2096 0.125
2097 0.125
2098 0.125
2099 0.125
2100 0.125
2101 0.125
2102 0.125
2103 0.125
2104 0.125
2105 0.125
2106 0.125
2107 0.125
2108 0.125
2109 0.125
2110 0.125
2111 0.125
2112 0.125
2113 0.125
2114 0.125
2115 0.125
2116 0.125
2117 0.125
2118 0.125
2119 0.125
2120 0.125
2121 0.125
2122 0.125
2123 0.125
2124 0.125
2125 0.125
2126 0.125
2127 0.125
2128 0.125
2129 0.125
2130 0.125
2131 0.125
2132 0.125
2133 0.125
2134 0.125
2135 0.125
2136 0.125
2137 0.125
2138 0.125
2139 0.125
2140 0.125
2141 0.125
2142 0.125
2143 0.125
2144 0.125
2145 0.125
2146 0.125
2147 0.125
2148 0.125
2149 0.125
2150 0.125
2151 0.125
2152 0.125
2153 0.125
2154 0.125
2155 0.125
2156 0.125
2157 0.125
2158 0.125
2159 0.125
2160 0.125
2161 0.125
2162 0.125
2163 0.125
2164 0.125
2165 0.125
2166 0.125
2167 0.125
2168 0.125
2169 0.125
2170 0.125
2171 0.125
2172 0.125
2173 0.125
2174 0.125
2175 0.125
2176 0.125
2177 0.125
2178 0.125
2179 0.125
2180 0.125
2181 0.125
2182 0.125
2183 0.125
2184 0.125
2185 0.125
2186 0.125
2187 0.125
2188 0.125
2189 0.125
2190 0.125
2191 0.125
2192 0.125
2193 0.125
2194 0.125
2195 0.125
2196 0.125
2197 0.125
2198 0.125
2199 0.125
2200 0.125
2201 0.125
2202 0.125
2203 0.125
2204 0.125
2205 0.125
2206 0.125
2207 0.125
2208 0.125
2209 0.125
2210 0.125
2211 0.125
2212 0.125
2213 0.125
2214 0.125
2215 0.125
2216 0.125
2217 0.125
2218 0.125
2219 0.125
2220 0.125
2221 0.125
2222 0.125
2223 0.125
2224 0.125
2225 0.125
2226 0.125
2227 0.125
2228 0.125
2229 0.125
2230 0.125
2231 0.125
2232 0.125
2233 0.125
2234 0.125
2235 0.125
2236 0.125
2237 0.125
2238 0.125
2239 0.125
2240 0.125
2241 0.125
2242 0.125
2243 0.125
2244 0.125
2245 0.125
2246 0.125
2247 0.125
2248 0.125
2249 0.125
2250 0.125
2251 0.125
2252 0.125
2253 0.125
2254 0.125
2255 0.125
2256 0.125
2257 0.125
2258 0.125
2259 0.125
2260 0.125
2261 0.125
2262 0.125
2263 0.125
2264 0.125
2265 0.125
2266 0.125
2267 0.125
2268 0.125
2269 0.125
2270 0.125
2271 0.125
2272 0.125
2273 0.125
2274 0.125
2275 0.125
2276 0.125
2277 0.125
2278 0.125
2279 0.125
2280 0.125
2281 0.125
2282 0.125
2283 0.125
2284 0.125
2285 0.125
2286 0.125
2287 0.125
2288 0.125
2289 0.125
2290 0.125
2291 0.125
2292 0.125
2293 0.125
2294 0.125
2295 0.125
2296 0.125
2297 0.125
2298 0.125
2299 0.125
2300 0.125
2301 0.125
2302 0.125
2303 0.125
2304 0.125
2305 0.125
2306 0.125
2307 0.125
2308 0.125
2309 0.125
2310 0.125
2311 0.125
2312 0.125
2313 0.125
2314 0.125
2315 0.125
2316 0.125
2317 0.125
2318 0.125
2319 0.125
2320 0.125
2321 0.125
2322 0.125
2323 0.125
2324 0.125
2325 0.125
2326 0.125
2327 0.125
2328 0.125
2329 0.125
2330 0.125
2331 0.125
2332 0.125
2333 0.125
2334 0.125
2335 0.125
2336 0.125
2337 0.125
2338 0.125
2339 0.125
2340 0.125
2341 0.125
2342 0.125
2343 0.125
2344 0.125
2345 0.125
2346 0.125
2347 0.125
2348 0.125
2349 0.125
2350 0.125
2351 0.125
2352 0.125
2353 0.125
2354 0.125
2355 0.125
2356 0.125
2357 0.125
2358 0.125
2359 0.125
2360 0.125
2361 0.125
2362 0.125
2363 0.125
2364 0.125
2365 0.125
2366 0.125
2367 0.125
2368 0.125
2369 0.125
2370 0.125
2371 0.125
2372 0.125
2373 0.125
2374 0.125
2375 0.125
2376 0.125
2377 0.125
2378 0.125
2379 0.125
2380 0.125
2381 0.125
2382 0.125
2383 0.125
2384 0.125
2385 0.125
2386 0.125
2387 0.125
2388 0.125
2389 0.125
2390 0.125
2391 0.125
2392 0.125
2393 0.125
2394 0.125
2395 0.125
2396 0.125
2397 0.125
2398 0.125
2399 0.125
2400 0.125
2401 0.125
2402 0.125
2403 0.125
2404 0.125
2405 0.125
2406 0.125
2407 0.125
2408 0.125
2409 0.125
2410 0.125
2411 0.125
2412 0.125
2413 0.125
2414 0.125
2415 0.125
2416 0.125
2417 0.125
2418 0.125
2419 0.125
2420 0.125
2421 0.125
2422 0.125
2423 0.125
2424 0.125
2425 0.125
2426 0.125
2427 0.125
2428 0.125
2429 0.125
2430 0.125
2431 0.125
2432 0.125
2433 0.125
2434 0.125
2435 0.125
2436 0.125
2437 0.125
2438 0.125
2439 0.125
2440 0.125
2441 0.125
2442 0.125
2443 0.125
2444 0.125
2445 0.125
2446 0.125
2447 0.125
2448 0.125
2449 0.125
2450 0.125
2451 0.125
2452 0.125
2453 0.125
2454 0.125
2455 0.125
2456 0.125
2457 0.125
2458 0.125
2459 0.125
2460 0.125
2461 0.125
2462 0.125
2463 0.125
2464 0.125
2465 0.125
2466 0.125
2467 0.125
2468 0.125
2469 0.125
2470 0.125
2471 0.125
2472 0.125
2473 0.125
2474 0.125
2475 0.125
2476 0.125
2477 0.125
2478 0.125
2479 0.125
2480 0.125
2481 0.125
2482 0.125
2483 0.125
2484 0.125
2485 0.125
2486 0.125
2487 0.125
2488 0.125
2489 0.125
2490 0.125
2491 0.125
2492 0.125
2493 0.125
2494 0.125
2495 0.125
2496 0.125
2497 0.125
2498 0.125
2499 0.125
2500 0.125
2501 0.125
2502 0.125
2503 0.125
2504 0.125
2505 0.125
2506 0.125
2507 0.125
2508 0.125
2509 0.125
2510 0.125
2511 0.125
2512 0.125
2513 0.125
2514 0.125
2515 0.125
2516 0.125
2517 0.125
2518 0.125
2519 0.125
2520 0.125
2521 0.125
2522 0.125
2523 0.125
2524 0.125
2525 0.125
2526 0.125
2527 0.125
2528 0.125
2529 0.125
2530 0.125
2531 0.125
2532 0.125
2533 0.125
2534 0.125
2535 0.125
2536 0.125
2537 0.125
2538 0.125
2539 0.125
2540 0.125
2541 0.125
2542 0.125
2543 0.125
2544 0.125
2545 0.125
2546 0.125
2547 0.125
2548 0.125
2549 0.125
2550 0.125
2551 0.125
2552 0.125
2553 0.125
2554 0.125
2555 0.125
2556 0.125
2557 0.125
2558 0.125
2559 0.125
2560 0.125
2561 0.125
2562 0.125
2563 0.125
2564 0.125
2565 0.125
2566 0.125
2567 0.125
2568 0.125
2569 0.125
2570 0.125
2571 0.125
2572 0.125
2573 0.125
2574 0.125
2575 0.125
2576 0.125
2577 0.125
2578 0.125
2579 0.125
2580 0.125
2581 0.125
2582 0.125
2583 0.125
2584 0.125
2585 0.125
2586 0.125
2587 0.125
2588 0.125
2589 0.125
2590 0.125
2591 0.125
2592 0.125
2593 0.125
2594 0.125
2595 0.125
2596 0.125
2597 0.125
2598 0.125
2599 0.125
2600 0.125
2601 0.125
2602 0.125
2603 0.125
2604 0.125
2605 0.125
2606 0.125
2607 0.125
2608 0.125
2609 0.125
2610 0.125
2611 0.125
2612 0.125
2613 0.125
2614 0.125
2615 0.125
2616 0.125
2617 0.125
2618 0.125
2619 0.125
2620 0.125
2621 0.125
2622 0.125
2623 0.125
2624 0.125
2625 0.125
2626 0.125
2627 0.125
2628 0.125
2629 0.125
2630 0.125
2631 0.125
2632 0.125
2633 0.125
2634 0.125
2635 0.125
2636 0.125
2637 0.125
2638 0.125
2639 0.125
2640 0.125
2641 0.125
2642 0.125
2643 0.125
2644 0.125
2645 0.125
2646 0.125
2647 0.125
2648 0.125
2649 0.125
2650 0.125
2651 0.125
2652 0.125
2653 0.125
2654 0.125
2655 0.125
2656 0.125
2657 0.125
2658 0.125
2659 0.125
2660 0.125
2661 0.125
2662 0.125
2663 0.125
2664 0.125
2665 0.125
2666 0.125
2667 0.125
2668 0.125
2669 0.125
2670 0.125
2671 0.125
2672 0.125
2673 0.125
2674 0.125
2675 0.125
2676 0.125
2677 0.125
2678 0.125
2679 0.125
2680 0.125
2681 0.125
2682 0.125
2683 0.125
2684 0.125
2685 0.125
2686 0.125
2687 0.125
2688 0.125
2689 0.125
2690 0.125
2691 0.125
2692 0.125
2693 0.125
2694 0.125
2695 0.125
2696 0.125
2697 0.125
2698 0.125
2699 0.125
2700 0.125
2701 0.125
2702 0.125
2703 0.125
2704 0.125
2705 0.125
2706 0.125
2707 0.125
2708 0.125
2709 0.125
2710 0.125
2711 0.125
2712 0.125
2713 0.125
2714 0.125
2715 0.125
2716 0.125
2717 0.125
2718 0.125
2719 0.125
2720 0.125
2721 0.125
2722 0.125
2723 0.125
2724 0.125
2725 0.125
2726 0.125
2727 0.125
2728 0.125
2729 0.125
2730 0.125
2731 0.125
2732 0.125
2733 0.125
2734 0.125
2735 0.125
2736 0.125
2737 0.125
2738 0.125
2739 0.125
2740 0.125
2741 0.125
2742 0.125
2743 0.125
2744 0.125
2745 0.125
2746 0.125
2747 0.125
2748 0.125
2749 0.125
2750 0.125
2751 0.125
2752 0.125
2753 0.125
2754 0.125
2755 0.125
2756 0.125
2757 0.125
2758 0.125
2759 0.125
2760 0.125
2761 0.125
2762 0.125
2763 0.125
2764 0.125
2765 0.125
2766 0.125
2767 0.125
2768 0.125
2769 0.125
2770 0.125
2771 0.125
2772 0.125
2773 0.125
2774 0.125
2775 0.125
2776 0.125
2777 0.125
2778 0.125
2779 0.125
2780 0.125
2781 0.125
2782 0.125
2783 0.125
2784 0.125
2785 0.125
2786 0.125
2787 0.125
2788 0.125
2789 0.125
2790 0.125
2791 0.125
2792 0.125
2793 0.125
2794 0.125
2795 0.125
2796 0.125
2797 0.125
2798 0.125
2799 0.125
2800 0.125
2801 0.125
2802 0.125
2803 0.125
2804 0.125
2805 0.125
2806 0.125
2807 0.125
2808 0.125
2809 0.125
2810 0.125
2811 0.125
2812 0.125
2813 0.125
2814 0.125
2815 0.125
2816 0.125
2817 0.125
2818 0.125
2819 0.125
2820 0.125
2821 0.125
2822 0.125
2823 0.125
2824 0.125
2825 0.125
2826 0.125
2827 0.125
2828 0.125
2829 0.125
2830 0.125
2831 0.125
2832 0.125
2833 0.125
2834 0.125
2835 0.125
2836 0.125
2837 0.125
2838 0.125
2839 0.125
2840 0.125
2841 0.125
2842 0.125
2843 0.125
2844 0.125
2845 0.125
2846 0.125
2847 0.125
2848 0.125
2849 0.125
2850 0.125
2851 0.125
2852 0.125
2853 0.125
2854 0.125
2855 0.125
2856 0.125
2857 0.125
2858 0.125
2859 0.125
2860 0.125
2861 0.125
2862 0.125
2863 0.125
2864 0.125
2865 0.125
2866 0.125
2867 0.125
2868 0.125
2869 0.125
2870 0.125
2871 0.125
2872 0.125
2873 0.125
2874 0.125
2875 0.125
2876 0.125
2877 0.125
2878 0.125
2879 0.125
2880 0.125
2881 0.125
2882 0.125
2883 0.125
2884 0.125
2885 0.125
2886 0.125
2887 0.125
2888 0.125
2889 0.125
2890 0.125
2891 0.125
2892 0.125
2893 0.125
2894 0.125
2895 0.125
2896 0.125
2897 0.125
2898 0.125
2899 0.125
2900 0.125
2901 0.125
2902 0.125
2903 0.125
2904 0.125
2905 0.125
2906 0.125
2907 0.125
2908 0.125
2909 0.125
2910 0.125
2911 0.125
2912 0.125
2913 0.125
2914 0.125
2915 0.125
2916 0.125
2917 0.125
2918 0.125
2919 0.125
2920 0.125
2921 0.125
2922 0.125
2923 0.125
2924 0.125
2925 0.125
2926 0.125
2927 0.125
2928 0.125
2929 0.125
2930 0.125
2931 0.125
2932 0.125
2933 0.125
2934 0.125
2935 0.125
2936 0.125
2937 0.125
2938 0.125
2939 0.125
2940 0.125
2941 0.125
2942 0.125
2943 0.125
2944 0.125
2945 0.125
2946 0.125
2947 0.125
2948 0.125
2949 0.125
2950 0.125
2951 0.125
2952 0.125
2953 0.125
2954 0.125
2955 0.125
2956 0.125
2957 0.125
2958 0.125
2959 0.125
2960 0.125
2961 0.125
2962 0.125
2963 0.125
2964 0.125
2965 0.125
2966 0.125
2967 0.125
2968 0.125
2969 0.125
2970 0.125
2971 0.125
2972 0.125
2973 0.125
2974 0.125
2975 0.125
2976 0.125
2977 0.125
2978 0.125
2979 0.125
2980 0.125
2981 0.125
2982 0.125
2983 0.125
2984 0.125
2985 0.125
2986 0.125
2987 0.125
2988 0.125
2989 0.125
2990 0.125
2991 0.125
2992 0.125
2993 0.125
2994 0.125
2995 0.125
2996 0.125
2997 0.125
2998 0.125
2999 0.125
