#iterations probabilites
0 0.225
1 0.18541666666666665
2 0.1859920634920635
3 0.17808712121212117
4 0.17928055196437548
5 0.16355687458628634
6 0.16643303638369425
7 0.17368416981867124
8 0.17126380368553612
9 0.1736065510953728
10 0.17115113159790582
11 0.17062991106241945
12 0.16666915737437205
13 0.1630110040441401
14 0.16239458511310717
15 0.16143639426106401
16 0.1607821378220882
17 0.1589310966131914
18 0.15867916715202288
19 0.15769124114292182
20 0.15699611632977872
21 0.15647307466628557
22 0.15657275306295063
23 0.1560641850204796
24 0.15477293524709507
25 0.15340054619763993
26 0.15494023670401175
27 0.15290209935680207
28 0.1521685280882554
29 0.1531356294905453
30 0.15376259386578578
31 0.1534519252609229
32 0.15129174926473804
33 0.1519336101710159
34 0.15084891672446235
35 0.15016096280662714
36 0.14939981569172334
37 0.15074740927972857
38 0.15183760979373026
39 0.15232501881042268
40 0.15252723306444774
41 0.15290401428103398
42 0.15367612568355477
43 0.15323437935084827
44 0.15254895506332164
45 0.15252029754463725
46 0.153685760995187
47 0.1535433831780836
48 0.15495123220819013
49 0.1561369551733895
50 0.1580505803948657
51 0.15563895547218473
52 0.15855339290236387
53 0.15955302027567872
54 0.16005230654281893
55 0.15991250828770034
56 0.16042665785616425
57 0.1598551252120508
58 0.15798472619047468
59 0.1598190987196338
60 0.15941750098664112
61 0.16026335039438316
62 0.15700014642574714
63 0.1587576987149743
64 0.1580676150123983
65 0.15877946617687294
66 0.15894518124298032
67 0.15956326928882408
68 0.15845551589603746
69 0.16000575046414642
70 0.16091628467138044
71 0.16008025611009952
72 0.16028468125121884
73 0.1594360964365066
74 0.1592219883247618
75 0.15686500799718908
76 0.15879429151302943
77 0.15634029123015883
78 0.15521599009229098
79 0.15454576855057237
80 0.15646771544879678
81 0.15699788723485
82 0.15734738031666035
83 0.15791195355632157
84 0.1553715166712169
85 0.15630704510982102
86 0.15665041829161552
87 0.15825841093333343
88 0.15781046285425065
89 0.15833210313524862
90 0.1587035884462871
91 0.1576459328827065
92 0.15901839609066348
93 0.1599203915502993
94 0.1595607942406477
95 0.15936560541488362
96 0.1608516549857718
97 0.162763396018911
98 0.1641561720250378
99 0.16773082468682002
100 0.17055329481552342
101 0.17024178976676063
102 0.17183842322460174
103 0.1750041384236982
104 0.1741655334447054
105 0.17186686791219358
106 0.17363530544310785
107 0.17665630940814675
108 0.17648194449213828
109 0.17719790454432544
110 0.17683123464769163
111 0.17598793714473648
112 0.1759192144737214
113 0.17245103799314448
114 0.17312773795049102
115 0.1746881030837361
116 0.17413934681251722
117 0.17103116834749255
118 0.17192062788573265
119 0.17481562400508638
120 0.1768525944977617
121 0.17630487367404452
122 0.17596674528654238
123 0.17420841825657105
124 0.17220632178609108
125 0.17327984857392847
126 0.1731680183430947
127 0.17140620333899154
128 0.1736682286402928
129 0.1759686197193348
130 0.1794473386015198
131 0.1797812734387219
132 0.17619859385372622
133 0.17509708587381495
134 0.17273571167351146
135 0.17085489522710393
136 0.17385282383933565
137 0.1752260614319488
138 0.17921466650840875
139 0.17639016657872586
140 0.17554397772709543
141 0.1745845000632023
142 0.17433306113144895
143 0.1778363054133927
144 0.1799107753125187
145 0.1820273592148592
146 0.18200102487132847
147 0.18412592643395342
148 0.1830416844352588
149 0.18991796249197396
150 0.1893539132430188
151 0.18922778730626064
152 0.19138470043236772
153 0.18558793007477217
154 0.18441293197777717
155 0.18190866319242532
156 0.18134554951254328
157 0.18015122840740247
158 0.18339435936475407
159 0.18627126373785857
160 0.18775935610867234
161 0.1827267332887159
162 0.18307924942115475
163 0.17956786894627183
164 0.1808502572398511
165 0.18220934119807478
166 0.1861652256879883
167 0.18805991433782154
168 0.18351934882811377
169 0.18596750068058918
170 0.1847704447049388
171 0.18529158144192714
172 0.1860200505477171
173 0.19164918890861363
174 0.18723945209611847
175 0.188739802626275
176 0.18952883716006957
177 0.1908647669052081
178 0.19583699564217913
179 0.19675160977035083
180 0.19794202062368738
181 0.19805802180317403
182 0.19683878667943383
183 0.19379825674621218
184 0.19628182685041712
185 0.20180772030461283
186 0.20535259933862235
187 0.2086046213760798
188 0.21412774083937142
189 0.2101801393756443
190 0.20701397870152882
191 0.20454804977631066
192 0.20392636617979867
193 0.20345087309441529
194 0.2020691838872785
195 0.20488936968174581
196 0.2042148413816034
197 0.2042999775541725
198 0.20358016446245011
199 0.20450056798655192
200 0.20695173549552112
201 0.21372132073144937
202 0.2096688170217582
203 0.2092660671443566
204 0.207195825008325
205 0.208783401085232
206 0.2155244524802849
207 0.2136075246920835
208 0.2174417478161673
209 0.22018373009859077
210 0.22169227975971398
211 0.2247059711122211
212 0.22261583263227996
213 0.22075975825975824
214 0.21940528960749547
215 0.2222303146200205
216 0.21818003953936618
217 0.21794113988333055
218 0.21807965318994732
219 0.21558586021821316
220 0.218604379903722
221 0.2191011385129032
222 0.21449143101910134
223 0.21061805555555554
224 0.20688552052522638
225 0.20497127055950584
226 0.2012504825764938
227 0.20926535914635763
228 0.21457500935690293
229 0.2186545419449831
230 0.21680471940340365
231 0.22437454906204907
232 0.21782634644766996
233 0.21537694168576524
234 0.22251290009010596
235 0.2177381748153807
236 0.21641967720694902
237 0.22502176290043097
238 0.22147424243843675
239 0.2272063977100657
240 0.23112152244040787
241 0.23898845240437314
242 0.23603217860570802
243 0.23582782349229725
244 0.23343276590559206
245 0.2312211544176647
246 0.24644154456654452
247 0.24390458956248423
248 0.24076203766993243
249 0.24905295362532204
250 0.24566699983882648
251 0.2474192401166085
252 0.24499320124320118
253 0.24621966064980771
254 0.2465408039672745
255 0.25193376068376067
256 0.2447058497058497
257 0.24276154401154398
258 0.24767380280538176
259 0.2444035131535131
260 0.25082264957264955
261 0.2502923465423465
262 0.23392541486291485
263 0.239781746031746
264 0.24046744921744917
265 0.24423701298701297
266 0.24212915556665554
267 0.2396091408591408
268 0.24069336913086908
269 0.24364357864357866
270 0.2455573593073593
271 0.238669269327164
272 0.2490486351883411
273 0.2519690725940726
274 0.24967626123876124
275 0.2512414321789322
276 0.24741251803751804
277 0.24880140692640693
278 0.2504265873015873
279 0.25094719973009444
280 0.24491054084804076
281 0.24470342157842154
282 0.23951749639249637
283 0.23214826839826838
284 0.2262925962925963
285 0.22023830336330338
286 0.23023414085914085
287 0.23173284640196404
288 0.23408382467205993
289 0.2448841354723707
290 0.2478386809269162
291 0.25585407239819
292 0.2624413739854916
293 0.27032085561497327
294 0.2664111542052718
295 0.2673606601731601
296 0.27397089022089016
297 0.2755124042624042
298 0.27611666111666106
299 0.27095307470307467
300 0.2739907314907314
301 0.27635680291930287
302 0.279561167998668
303 0.27935762154512156
304 0.2803761475452652
305 0.27777718400880164
306 0.2756060952935952
307 0.2909968462909639
308 0.30023205960705956
309 0.3092666324903167
310 0.30359623015873016
311 0.3000013528138529
312 0.30670138888888887
313 0.31102182539682544
314 0.3133829365079366
315 0.31036560457516343
316 0.3056623217468805
317 0.298248556998557
318 0.29960227272727274
319 0.31091583124477856
320 0.31367965367965367
321 0.3062301587301587
322 0.3055649540517961
323 0.3089297385620915
324 0.31205808080808073
325 0.3043876262626262
326 0.3126122488622489
327 0.31678883616383613
328 0.31243277555777554
329 0.305290854978355
330 0.29824333142347853
331 0.3021087246087246
332 0.29712436868686865
333 0.2943516573295985
334 0.28867243867243864
335 0.29391865079365076
336 0.30203654188948303
337 0.305001909854851
338 0.3079197885447885
339 0.3058310439560439
340 0.3051404845154845
341 0.3168858225108225
342 0.31816558441558435
343 0.32117243867243866
344 0.3203733766233766
345 0.3197781385281385
346 0.32370670995671
347 0.3309126984126985
348 0.3270598845598846
349 0.32639880952380956
350 0.3301352813852814
351 0.31031926406926413
352 0.3073214285714286
353 0.3177236652236652
354 0.3327146464646465
355 0.33777777777777784
356 0.3336616161616162
357 0.31213383838383846
358 0.3104374098124098
359 0.3062252331002331
360 0.30336538461538465
361 0.29809752747252743
362 0.29598214285714286
363 0.30224476911976905
364 0.31269119769119763
365 0.30411706349206347
366 0.28691163003663
367 0.2863163919413919
368 0.2919413919413919
369 0.2969413919413919
370 0.28777777777777774
371 0.28658730158730156
372 0.2882738095238095
373 0.30041666666666667
374 0.29774350649350645
375 0.29842803030303033
376 0.3090530303030303
377 0.3134181096681097
378 0.3284280303030303
379 0.3124062049062049
380 0.31110119047619045
381 0.31446428571428575
382 0.31169642857142854
383 0.3075928932178932
384 0.3157936507936508
385 0.3147781385281385
386 0.3222222222222222
387 0.32269841269841265
388 0.32366071428571425
389 0.3251190476190476
390 0.33090277777777777
391 0.32666666666666666
392 0.32585497835497834
393 0.3330456349206349
394 0.3368487762237762
395 0.34040771728271724
396 0.3409686147186147
397 0.3399109224109224
398 0.34873092185592186
399 0.35043109668109673
400 0.35184884559884566
401 0.3522702297702298
402 0.3455710955710956
403 0.3443668831168832
404 0.3479978354978355
405 0.35312395937395935
406 0.356535964035964
407 0.3669509657009657
408 0.36613657176157177
409 0.3611072261072261
410 0.36949557387057386
411 0.3732058913308913
412 0.37179945054945057
413 0.37210927960927964
414 0.36351190476190476
415 0.36318903318903323
416 0.365479797979798
417 0.3752453102453102
418 0.3690016233766233
419 0.3630790043290043
420 0.365799062049062
421 0.36356150793650793
422 0.36159541847041843
423 0.3509325396825397
424 0.35987103174603174
425 0.3509401709401709
426 0.3549503968253968
427 0.36072150072150067
428 0.35798701298701296
429 0.3601064213564213
430 0.3547727272727273
431 0.33179653679653687
432 0.3500199800199801
433 0.35542429792429797
434 0.3422420634920635
435 0.34612554112554117
436 0.3506655844155845
437 0.34215367965367965
438 0.34240169552669547
439 0.3334731240981241
440 0.3350108225108225
441 0.3326064213564214
442 0.3329563492063492
443 0.34216089466089467
444 0.32839105339105334
445 0.3220138888888889
446 0.31895833333333334
447 0.31423611111111116
448 0.32392857142857145
449 0.3201884920634921
450 0.3283730158730159
451 0.32994047619047623
452 0.33261904761904765
453 0.317827380952381
454 0.3147916666666667
455 0.3327480158730159
456 0.3312751831501831
457 0.3314691558441559
458 0.3269642857142857
459 0.33898809523809526
460 0.3370535714285714
461 0.34038690476190475
462 0.35124999999999995
463 0.345
464 0.345
465 0.34617063492063493
466 0.34547619047619044
467 0.34381639194139196
468 0.3060119047619047
469 0.3063095238095238
470 0.3080952380952381
471 0.31347402597402596
472 0.314724025974026
473 0.3143055555555555
474 0.3163888888888889
475 0.309484126984127
476 0.30510912698412695
477 0.30330357142857145
478 0.3104166666666667
479 0.31375000000000003
480 0.3054166666666667
481 0.30097222222222225
482 0.2972222222222222
483 0.2842460317460317
484 0.2791369047619047
485 0.27326388888888886
486 0.27416666666666667
487 0.3068939393939394
488 0.3089772727272727
489 0.3101677489177489
490 0.32192370129870135
491 0.31585227272727273
492 0.3232638888888889
493 0.3237103174603175
494 0.31954365079365077
495 0.3155257936507937
496 0.280109126984127
497 0.2745535714285715
498 0.2864285714285715
499 0.2864285714285715
500 0.2953869047619048
501 0.2977083333333334
502 0.2989583333333334
503 0.30351190476190487
504 0.30476190476190484
505 0.3001785714285715
506 0.30309523809523814
507 0.3255952380952381
508 0.31625000000000003
509 0.31625000000000003
510 0.31003968253968256
511 0.31545634920634924
512 0.3012202380952381
513 0.28943452380952384
514 0.30062770562770563
515 0.3125595238095238
516 0.3058287545787545
517 0.3029120879120879
518 0.30517399267399264
519 0.32124542124542127
520 0.3264239926739927
521 0.335
522 0.3334294871794872
523 0.3291666666666667
524 0.33333333333333337
525 0.34875
526 0.3404166666666667
527 0.3427976190476191
528 0.3398809523809524
529 0.3482142857142857
530 0.356547619047619
531 0.3651190476190476
532 0.40065476190476196
533 0.40523809523809523
534 0.3966666666666666
535 0.39809523809523806
536 0.3851785714285714
537 0.3757142857142857
538 0.389672619047619
539 0.39307539682539683
540 0.39553571428571427
541 0.3888690476190476
542 0.3808333333333333
543 0.37577380952380945
544 0.3697510822510822
545 0.3565963203463204
546 0.36409632034632033
547 0.40220238095238087
548 0.38249999999999995
549 0.37416666666666665
550 0.36814393939393936
551 0.3670833333333333
552 0.36263888888888884
553 0.3862103174603174
554 0.3683531746031746
555 0.3758531746031746
556 0.37625
557 0.3633333333333333
558 0.3633333333333333
559 0.35232142857142856
560 0.3594047619047619
561 0.3577380952380952
562 0.35773809523809524
563 0.325
564 0.32916666666666666
565 0.30416666666666664
566 0.315625
567 0.31386904761904766
568 0.32220238095238096
569 0.3190773809523809
570 0.3190773809523809
571 0.32104166666666667
572 0.3252083333333334
573 0.3627083333333333
574 0.3616666666666667
575 0.3595833333333333
576 0.36970238095238095
577 0.3749107142857143
578 0.3745833333333334
579 0.36416666666666664
580 0.3516666666666666
581 0.35047619047619044
582 0.3821428571428571
583 0.3821428571428571
584 0.3821428571428571
585 0.3413095238095238
586 0.3413095238095238
587 0.3413095238095238
588 0.34249999999999997
589 0.33999999999999997
590 0.3393055555555556
591 0.3225
592 0.32458333333333333
593 0.3113095238095238
594 0.3379761904761905
595 0.34630952380952384
596 0.3171428571428571
597 0.31416666666666665
598 0.31416666666666665
599 0.3008333333333333
600 0.2841666666666666
601 0.28708333333333336
602 0.2958333333333333
603 0.29999999999999993
604 0.31833333333333336
605 0.31833333333333336
606 0.31500000000000006
607 0.3095833333333334
608 0.3095833333333334
609 0.30636904761904765
610 0.3391666666666667
611 0.3420833333333334
612 0.3420833333333334
613 0.3466666666666667
614 0.3375
615 0.3458333333333333
616 0.3425595238095238
617 0.3425595238095238
618 0.3425595238095238
619 0.3347916666666667
620 0.33279761904761906
621 0.33404761904761904
622 0.33404761904761904
623 0.3398809523809524
624 0.34404761904761905
625 0.3607142857142857
626 0.35104166666666664
627 0.33854166666666663
628 0.3398809523809524
629 0.3082142857142857
630 0.30654761904761907
631 0.30654761904761907
632 0.3115476190476191
633 0.3215476190476191
634 0.33333333333333337
635 0.33208333333333334
636 0.33333333333333337
637 0.34500000000000003
638 0.34321428571428575
639 0.34321428571428575
640 0.3383333333333333
641 0.3407142857142857
642 0.3657142857142857
643 0.3657142857142857
644 0.3532142857142857
645 0.3532142857142857
646 0.35446428571428573
647 0.35446428571428573
648 0.3461309523809524
649 0.3482142857142857
650 0.3598809523809524
651 0.36404761904761906
652 0.3720833333333334
653 0.3704166666666667
654 0.36875
655 0.37500000000000006
656 0.37083333333333335
657 0.35625
658 0.36041666666666666
659 0.36208333333333337
660 0.35791666666666666
661 0.3829166666666667
662 0.37916666666666665
663 0.37916666666666665
664 0.4041666666666666
665 0.3958333333333333
666 0.3958333333333333
667 0.3958333333333333
668 0.39416666666666667
669 0.39416666666666667
670 0.39166666666666666
671 0.3933333333333333
672 0.39166666666666666
673 0.39166666666666666
674 0.39166666666666666
675 0.40083333333333326
676 0.40083333333333326
677 0.40083333333333326
678 0.375
679 0.3625
680 0.35833333333333334
681 0.3464285714285714
682 0.34226190476190477
683 0.32476190476190475
684 0.3258333333333333
685 0.3258333333333333
686 0.32458333333333333
687 0.33125
688 0.33875
689 0.3408333333333333
690 0.345
691 0.34374999999999994
692 0.3342261904761905
693 0.3342261904761905
694 0.3413690476190476
695 0.3425595238095238
696 0.3383928571428571
697 0.3357142857142857
698 0.34404761904761905
699 0.3544642857142857
700 0.36279761904761904
701 0.337797619047619
702 0.3415476190476191
703 0.34125
704 0.325
705 0.32999999999999996
706 0.34875
707 0.36333333333333334
708 0.3716666666666667
709 0.3779166666666667
710 0.38666666666666666
711 0.3908333333333333
712 0.3908333333333333
713 0.38999999999999996
714 0.39249999999999996
715 0.3858333333333333
716 0.38791666666666663
717 0.36874999999999997
718 0.3795833333333333
719 0.38244047619047616
720 0.39077380952380947
721 0.3928571428571428
722 0.3866666666666666
723 0.3839285714285714
724 0.396875
725 0.3802083333333333
726 0.37812499999999993
727 0.3793154761904761
728 0.39598214285714284
729 0.41631944444444446
730 0.40381944444444445
731 0.40381944444444445
732 0.4283730158730159
733 0.4283730158730159
734 0.43125
735 0.434375
736 0.434375
737 0.43392857142857144
738 0.4083333333333334
739 0.39375
740 0.40267857142857144
741 0.3776785714285714
742 0.3529761904761905
743 0.33154761904761904
744 0.3502976190476191
745 0.35571428571428576
746 0.35904761904761906
747 0.3657142857142857
748 0.3657142857142857
749 0.3692857142857143
750 0.3734523809523809
751 0.3901190476190476
752 0.39803571428571427
753 0.39375
754 0.385
755 0.385
756 0.3825
757 0.3825
758 0.395
759 0.36375
760 0.36208333333333337
761 0.3641666666666667
762 0.36291666666666667
763 0.35375
764 0.35125
765 0.3516666666666667
766 0.3766666666666667
767 0.40041666666666664
768 0.41125
769 0.4225
770 0.39708333333333334
771 0.39708333333333334
772 0.40136904761904757
773 0.4063690476190476
774 0.4044940476190476
775 0.3919940476190476
776 0.3815773809523809
777 0.3742857142857142
778 0.3766666666666666
779 0.38125
780 0.3833333333333333
781 0.39999999999999997
782 0.3949999999999999
783 0.3866666666666666
784 0.38791666666666663
785 0.38791666666666663
786 0.3866666666666666
787 0.3866666666666666
788 0.3966666666666666
789 0.38416666666666666
790 0.4216666666666667
791 0.42041666666666666
792 0.41208333333333336
793 0.39125
794 0.385
795 0.38625
796 0.38708333333333333
797 0.3933333333333333
798 0.3883333333333333
799 0.3883333333333333
800 0.3883333333333333
801 0.39249999999999996
802 0.42053571428571423
803 0.42053571428571423
804 0.4226190476190476
805 0.4267857142857142
806 0.39479166666666665
807 0.39479166666666665
808 0.4
809 0.4
810 0.40476190476190477
811 0.40476190476190477
812 0.40684523809523815
813 0.40684523809523815
814 0.3693452380952381
815 0.3593452380952381
816 0.36916666666666664
817 0.39
818 0.3875
819 0.39166666666666666
820 0.39166666666666666
821 0.39541666666666664
822 0.39416666666666667
823 0.3725
824 0.3725
825 0.3725
826 0.3725
827 0.375
828 0.36666666666666664
829 0.3708333333333333
830 0.33499999999999996
831 0.3375
832 0.3375
833 0.3420238095238095
834 0.3295238095238095
835 0.3020833333333333
836 0.3020833333333333
837 0.2980357142857143
838 0.294375
839 0.33187500000000003
840 0.344375
841 0.34187500000000004
842 0.335625
843 0.3416666666666667
844 0.33916666666666667
845 0.3433333333333333
846 0.33791666666666664
847 0.33916666666666667
848 0.36416666666666664
849 0.36416666666666664
850 0.3625
851 0.37666666666666665
852 0.37666666666666665
853 0.3783333333333333
854 0.35345238095238096
855 0.3683333333333333
856 0.3683333333333333
857 0.37249999999999994
858 0.38749999999999996
859 0.4083333333333334
860 0.4145833333333334
861 0.4229166666666666
862 0.4229166666666666
863 0.4479166666666667
864 0.4333333333333334
865 0.4
866 0.3916666666666666
867 0.3916666666666666
868 0.4041666666666666
869 0.4041666666666666
870 0.39999999999999997
871 0.39041666666666663
872 0.3862499999999999
873 0.3883333333333333
874 0.3883333333333333
875 0.3883333333333333
876 0.40083333333333326
877 0.4020833333333333
878 0.4270833333333333
879 0.4270833333333333
880 0.4104166666666666
881 0.40625
882 0.4208333333333333
883 0.3933333333333333
884 0.42666666666666664
885 0.42666666666666664
886 0.42666666666666664
887 0.4291666666666667
888 0.4291666666666667
889 0.4291666666666667
890 0.4125
891 0.425
892 0.4375
893 0.4408333333333333
894 0.4408333333333333
895 0.4408333333333333
896 0.4616666666666667
897 0.47000000000000003
898 0.46375
899 0.46375
900 0.43875000000000003
901 0.43875000000000003
902 0.43875000000000003
903 0.44000000000000006
904 0.44000000000000006
905 0.41583333333333333
906 0.41583333333333333
907 0.4145833333333334
908 0.38958333333333334
909 0.38666666666666666
910 0.38666666666666666
911 0.38666666666666666
912 0.38666666666666666
913 0.38125
914 0.35625
915 0.35625
916 0.34375
917 0.34375
918 0.35625
919 0.35625
920 0.38125
921 0.3833333333333333
922 0.3833333333333333
923 0.39166666666666666
924 0.39166666666666666
925 0.39166666666666666
926 0.36666666666666664
927 0.36666666666666664
928 0.36875
929 0.36875
930 0.36666666666666664
931 0.37916666666666665
932 0.37916666666666665
933 0.35416666666666663
934 0.35416666666666663
935 0.35416666666666663
936 0.4083333333333333
937 0.4083333333333333
938 0.4041666666666666
939 0.39583333333333337
940 0.3983333333333333
941 0.4020833333333334
942 0.4020833333333334
943 0.4020833333333334
944 0.4145833333333333
945 0.4145833333333333
946 0.4145833333333333
947 0.3895833333333333
948 0.3895833333333333
949 0.3408333333333333
950 0.3908333333333333
951 0.3908333333333333
952 0.3908333333333333
953 0.38666666666666666
954 0.38666666666666666
955 0.38666666666666666
956 0.37
957 0.37416666666666665
958 0.39916666666666667
959 0.42000000000000004
960 0.42000000000000004
961 0.40750000000000003
962 0.40750000000000003
963 0.41875
964 0.425
965 0.4
966 0.425
967 0.45
968 0.45
969 0.45
970 0.45
971 0.45
972 0.4458333333333333
973 0.4208333333333333
974 0.4458333333333333
975 0.4333333333333333
976 0.4333333333333333
977 0.4333333333333333
978 0.4416666666666666
979 0.4541666666666666
980 0.4541666666666666
981 0.4666666666666666
982 0.4708333333333333
983 0.475
984 0.45
985 0.43125
986 0.39375
987 0.395
988 0.395
989 0.3991666666666667
990 0.3991666666666667
991 0.3741666666666667
992 0.3741666666666667
993 0.3991666666666667
994 0.3991666666666667
995 0.3991666666666667
996 0.3991666666666667
997 0.3741666666666667
998 0.36583333333333334
999 0.37083333333333335
1000 0.36666666666666664
1001 0.3708333333333333
1002 0.3708333333333333
1003 0.3708333333333333
1004 0.36666666666666664
1005 0.36666666666666664
1006 0.36666666666666664
1007 0.36249999999999993
1008 0.35624999999999996
1009 0.36041666666666666
1010 0.37083333333333335
1011 0.3791666666666667
1012 0.3666666666666667
1013 0.36041666666666666
1014 0.3583333333333333
1015 0.3541666666666667
1016 0.3604166666666667
1017 0.3979166666666667
1018 0.3958333333333333
1019 0.39791666666666664
1020 0.39791666666666664
1021 0.4
1022 0.4125
1023 0.4
1024 0.375
1025 0.38125
1026 0.38125
1027 0.38125
1028 0.38541666666666663
1029 0.38541666666666663
1030 0.39375
1031 0.39375
1032 0.39375
1033 0.39375
1034 0.38125
1035 0.3770833333333333
1036 0.3708333333333333
1037 0.3708333333333333
1038 0.3770833333333333
1039 0.3520833333333333
1040 0.35
1041 0.37499999999999994
1042 0.3416666666666667
1043 0.3416666666666667
1044 0.37499999999999994
1045 0.37499999999999994
1046 0.35
1047 0.3770833333333333
1048 0.3770833333333333
1049 0.3770833333333333
1050 0.3770833333333333
1051 0.3770833333333333
1052 0.4020833333333333
1053 0.4020833333333333
1054 0.4270833333333333
1055 0.4020833333333333
1056 0.39999999999999997
1057 0.3458333333333333
1058 0.3333333333333333
1059 0.3625
1060 0.35
1061 0.3625
1062 0.3625
1063 0.3625
1064 0.3625
1065 0.3791666666666667
1066 0.375
1067 0.36666666666666664
1068 0.3416666666666667
1069 0.3416666666666667
1070 0.3416666666666667
1071 0.3416666666666667
1072 0.3125
1073 0.3125
1074 0.3125
1075 0.3
1076 0.3
1077 0.3
1078 0.325
1079 0.3166666666666667
1080 0.3125
1081 0.3375
1082 0.3375
1083 0.36250000000000004
1084 0.36250000000000004
1085 0.38750000000000007
1086 0.38750000000000007
1087 0.38750000000000007
1088 0.3825
1089 0.3825
1090 0.37083333333333335
1091 0.37083333333333335
1092 0.37083333333333335
1093 0.3729166666666667
1094 0.3604166666666667
1095 0.3625
1096 0.3625
1097 0.3625
1098 0.3625
1099 0.3625
1100 0.36375
1101 0.36375
1102 0.36375
1103 0.33875
1104 0.34375
1105 0.3416666666666667
1106 0.3416666666666667
1107 0.3416666666666667
1108 0.3416666666666667
1109 0.3416666666666667
1110 0.3416666666666667
1111 0.3416666666666667
1112 0.3416666666666667
1113 0.3416666666666667
1114 0.3416666666666667
1115 0.3416666666666667
1116 0.3416666666666667
1117 0.3416666666666667
1118 0.3375
1119 0.3375
1120 0.3125
1121 0.3125
1122 0.3416666666666667
1123 0.3416666666666667
1124 0.3416666666666667
1125 0.3416666666666667
1126 0.36666666666666664
1127 0.3416666666666667
1128 0.3416666666666667
1129 0.3375
1130 0.3375
1131 0.325
1132 0.325
1133 0.275
1134 0.275
1135 0.3
1136 0.3
1137 0.3
1138 0.3
1139 0.325
1140 0.3375
1141 0.3375
1142 0.3375
1143 0.3375
1144 0.3125
1145 0.3125
1146 0.3125
1147 0.2625
1148 0.2375
1149 0.2375
1150 0.2375
1151 0.225
1152 0.225
1153 0.25
1154 0.25
1155 0.25
1156 0.25
1157 0.25
1158 0.25
1159 0.25
1160 0.25
1161 0.275
1162 0.3
1163 0.3
1164 0.3
1165 0.325
1166 0.35
1167 0.35
1168 0.35
1169 0.3625
1170 0.3625
1171 0.4125
1172 0.4125
1173 0.4125
1174 0.3875
1175 0.3875
1176 0.3875
1177 0.3875
1178 0.3583333333333333
1179 0.3625
1180 0.3625
1181 0.3625
1182 0.3625
1183 0.3625
1184 0.3625
1185 0.3625
1186 0.35416666666666663
1187 0.32916666666666666
1188 0.35416666666666663
1189 0.35416666666666663
1190 0.32916666666666666
1191 0.32666666666666666
1192 0.32916666666666666
1193 0.32916666666666666
1194 0.3166666666666666
1195 0.3166666666666666
1196 0.2958333333333333
1197 0.2833333333333333
1198 0.2583333333333333
1199 0.2583333333333333
1200 0.2583333333333333
1201 0.2833333333333333
1202 0.2833333333333333
1203 0.2875
1204 0.25
1205 0.2375
1206 0.2625
1207 0.2625
1208 0.2625
1209 0.2625
1210 0.2625
1211 0.275
1212 0.275
1213 0.275
1214 0.275
1215 0.3
1216 0.3
1217 0.3125
1218 0.3125
1219 0.3375
1220 0.3375
1221 0.3375
1222 0.3375
1223 0.3375
1224 0.3375
1225 0.3375
1226 0.2875
1227 0.2875
1228 0.2875
1229 0.2875
1230 0.2875
1231 0.2875
1232 0.2875
1233 0.2625
1234 0.2625
1235 0.2625
1236 0.2625
1237 0.2625
1238 0.2625
1239 0.2625
1240 0.25
1241 0.25
1242 0.25
1243 0.25
1244 0.225
1245 0.225
1246 0.2333333333333333
1247 0.2333333333333333
1248 0.25833333333333336
1249 0.25833333333333336
1250 0.25833333333333336
1251 0.25833333333333336
1252 0.25833333333333336
1253 0.25833333333333336
1254 0.25833333333333336
1255 0.225
1256 0.2
1257 0.2
1258 0.2041666666666667
1259 0.2041666666666667
1260 0.2041666666666667
1261 0.2125
1262 0.225
1263 0.2375
1264 0.2375
1265 0.2375
1266 0.2375
1267 0.225
1268 0.2
1269 0.225
1270 0.225
1271 0.2125
1272 0.2375
1273 0.2125
1274 0.2125
1275 0.2125
1276 0.2125
1277 0.2375
1278 0.2375
1279 0.2375
1280 0.25
1281 0.25
1282 0.25
1283 0.25
1284 0.25
1285 0.25
1286 0.25
1287 0.25
1288 0.25
1289 0.25
1290 0.275
1291 0.275
1292 0.275
1293 0.28125
1294 0.25625
1295 0.25625
1296 0.28125
1297 0.28125
1298 0.28125
1299 0.28125
1300 0.28125
1301 0.28125
1302 0.28125
1303 0.25625
1304 0.25625
1305 0.25625
1306 0.28125
1307 0.30625
1308 0.30833333333333335
1309 0.30833333333333335
1310 0.30833333333333335
1311 0.30833333333333335
1312 0.30833333333333335
1313 0.30833333333333335
1314 0.30833333333333335
1315 0.2875
1316 0.2875
1317 0.2875
1318 0.275
1319 0.2666666666666667
1320 0.2666666666666667
1321 0.2625
1322 0.275
1323 0.275
1324 0.275
1325 0.275
1326 0.275
1327 0.275
1328 0.275
1329 0.275
1330 0.275
1331 0.225
1332 0.225
1333 0.225
1334 0.225
1335 0.225
1336 0.225
1337 0.225
1338 0.225
1339 0.225
1340 0.225
1341 0.25
1342 0.25
1343 0.275
1344 0.3
1345 0.325
1346 0.35
1347 0.325
1348 0.325
1349 0.325
1350 0.325
1351 0.325
1352 0.325
1353 0.325
1354 0.325
1355 0.325
1356 0.35
1357 0.35
1358 0.35
1359 0.4
1360 0.4
1361 0.4
1362 0.375
1363 0.375
1364 0.4
1365 0.4
1366 0.375
1367 0.375
1368 0.35
1369 0.35
1370 0.325
1371 0.3
1372 0.325
1373 0.3
1374 0.3
1375 0.3
1376 0.3
1377 0.3
1378 0.325
1379 0.325
1380 0.35
1381 0.325
1382 0.325
1383 0.325
1384 0.325
1385 0.325
1386 0.325
1387 0.325
1388 0.325
1389 0.325
1390 0.325
1391 0.325
1392 0.325
1393 0.325
1394 0.325
1395 0.35
1396 0.35
1397 0.35
1398 0.35
1399 0.375
1400 0.35
1401 0.35
1402 0.325
1403 0.35
1404 0.35
1405 0.325
1406 0.325
1407 0.3125
1408 0.3125
1409 0.3125
1410 0.2875
1411 0.2875
1412 0.2875
1413 0.2875
1414 0.3125
1415 0.3375
1416 0.35
1417 0.35
1418 0.35
1419 0.35
1420 0.35
1421 0.3375
1422 0.3375
1423 0.35
1424 0.3625
1425 0.3375
1426 0.3625
1427 0.36875
1428 0.39375
1429 0.39375
1430 0.41875
1431 0.41875
1432 0.44375
1433 0.44375
1434 0.44375
1435 0.44375
1436 0.44375
1437 0.41875
1438 0.425
1439 0.425
1440 0.4
1441 0.375
1442 0.35
1443 0.375
1444 0.375
1445 0.375
1446 0.4
1447 0.4
1448 0.375
1449 0.3875
1450 0.3875
1451 0.3375
1452 0.3125
1453 0.3125
1454 0.3125
1455 0.30833333333333335
1456 0.3375
1457 0.3125
1458 0.31666666666666665
1459 0.31666666666666665
1460 0.31666666666666665
1461 0.31666666666666665
1462 0.3416666666666667
1463 0.31666666666666665
1464 0.29375
1465 0.29375
1466 0.29375
1467 0.29375
1468 0.26875
1469 0.26875
1470 0.26875
1471 0.26875
1472 0.29375
1473 0.29375
1474 0.29166666666666663
1475 0.29166666666666663
1476 0.29166666666666663
1477 0.26666666666666666
1478 0.29166666666666663
1479 0.29166666666666663
1480 0.3
1481 0.3
1482 0.3
1483 0.3
1484 0.24166666666666664
1485 0.24166666666666664
1486 0.24166666666666664
1487 0.21666666666666665
1488 0.21666666666666665
1489 0.24166666666666664
1490 0.24166666666666664
1491 0.24166666666666664
1492 0.24166666666666664
1493 0.2666666666666667
1494 0.2666666666666667
1495 0.2916666666666667
1496 0.2916666666666667
1497 0.3125
1498 0.3125
1499 0.3125
1500 0.3166666666666667
1501 0.3166666666666667
1502 0.3166666666666667
1503 0.2916666666666667
1504 0.2916666666666667
1505 0.2916666666666667
1506 0.26666666666666666
1507 0.26666666666666666
1508 0.2625
1509 0.275
1510 0.275
1511 0.3
1512 0.3
1513 0.3
1514 0.25
1515 0.25
1516 0.25
1517 0.25
1518 0.225
1519 0.225
1520 0.225
1521 0.225
1522 0.2
1523 0.2
1524 0.225
1525 0.225
1526 0.225
1527 0.2
1528 0.2
1529 0.2
1530 0.225
1531 0.25
1532 0.25
1533 0.25
1534 0.25
1535 0.25
1536 0.225
1537 0.225
1538 0.225
1539 0.225
1540 0.225
1541 0.225
1542 0.225
1543 0.225
1544 0.225
1545 0.225
1546 0.225
1547 0.225
1548 0.225
1549 0.225
1550 0.225
1551 0.225
1552 0.25
1553 0.25
1554 0.25
1555 0.225
1556 0.2
1557 0.2
1558 0.2
1559 0.2
1560 0.2
1561 0.2
1562 0.2
1563 0.2
1564 0.2
1565 0.2
1566 0.175
1567 0.175
1568 0.175
1569 0.175
1570 0.175
1571 0.175
1572 0.175
1573 0.175
1574 0.15
1575 0.15
1576 0.15
1577 0.125
1578 0.125
1579 0.125
1580 0.125
1581 0.125
1582 0.125
1583 0.125
1584 0.125
1585 0.125
1586 0.125
1587 0.125
1588 0.15
1589 0.15
1590 0.15
1591 0.15
1592 0.15
1593 0.175
1594 0.175
1595 0.175
1596 0.175
1597 0.175
1598 0.175
1599 0.2
1600 0.225
1601 0.225
1602 0.225
1603 0.225
1604 0.225
1605 0.225
1606 0.225
1607 0.225
1608 0.2375
1609 0.2375
1610 0.2375
1611 0.2625
1612 0.2625
1613 0.2625
1614 0.2625
1615 0.275
1616 0.275
1617 0.275
1618 0.3
1619 0.3
1620 0.3
1621 0.3
1622 0.325
1623 0.3
1624 0.3
1625 0.275
1626 0.275
1627 0.275
1628 0.3
1629 0.3
1630 0.3
1631 0.3
1632 0.3
1633 0.275
1634 0.275
1635 0.275
1636 0.25
1637 0.25
1638 0.25
1639 0.25
1640 0.25
1641 0.25
1642 0.25
1643 0.225
1644 0.225
1645 0.225
1646 0.225
1647 0.225
1648 0.2
1649 0.2
1650 0.2
1651 0.225
1652 0.225
1653 0.225
1654 0.225
1655 0.2
1656 0.225
1657 0.225
1658 0.225
1659 0.225
1660 0.225
1661 0.2125
1662 0.2375
1663 0.2458333333333333
1664 0.25
1665 0.2525
1666 0.2525
1667 0.2525
1668 0.2525
1669 0.2525
1670 0.2525
1671 0.2525
1672 0.23125
1673 0.23125
1674 0.23125
1675 0.23125
1676 0.21875
1677 0.225
1678 0.2
1679 0.2375
1680 0.2375
1681 0.275
1682 0.275
1683 0.275
1684 0.275
1685 0.275
1686 0.275
1687 0.275
1688 0.275
1689 0.275
1690 0.25
1691 0.25
1692 0.25
1693 0.25
1694 0.25
1695 0.25
1696 0.25
1697 0.275
1698 0.275
1699 0.275
1700 0.275
1701 0.275
1702 0.275
1703 0.275
1704 0.225
1705 0.225
1706 0.2
1707 0.2
1708 0.2
1709 0.2
1710 0.2
1711 0.2
1712 0.2
1713 0.2
1714 0.2
1715 0.2
1716 0.2
1717 0.2
1718 0.2
1719 0.2
1720 0.2
1721 0.2
1722 0.2
1723 0.2
1724 0.2
1725 0.2
1726 0.2
1727 0.2
1728 0.2
1729 0.2
1730 0.2
1731 0.2
1732 0.2
1733 0.2
1734 0.175
1735 0.175
1736 0.175
1737 0.175
1738 0.2
1739 0.2
1740 0.2
1741 0.2
1742 0.2
1743 0.2
1744 0.175
1745 0.175
1746 0.175
1747 0.175
1748 0.175
1749 0.175
1750 0.175
1751 0.2
1752 0.2
1753 0.2
1754 0.2
1755 0.2
1756 0.225
1757 0.225
1758 0.225
1759 0.225
1760 0.225
1761 0.2125
1762 0.2125
1763 0.2
1764 0.2
1765 0.2
1766 0.2
1767 0.2
1768 0.2
1769 0.2
1770 0.2
1771 0.2
1772 0.2
1773 0.2
1774 0.2
1775 0.2
1776 0.175
1777 0.2
1778 0.2
1779 0.2
1780 0.1875
1781 0.15
1782 0.15
1783 0.15
1784 0.15
1785 0.15
1786 0.15
1787 0.15
1788 0.15
1789 0.15
1790 0.175
1791 0.175
1792 0.2
1793 0.2
1794 0.2
1795 0.2
1796 0.225
1797 0.225
1798 0.225
1799 0.225
1800 0.225
1801 0.225
1802 0.225
1803 0.225
1804 0.225
1805 0.225
1806 0.225
1807 0.225
1808 0.25
1809 0.25
1810 0.25
1811 0.25
1812 0.2625
1813 0.2625
1814 0.2625
1815 0.2625
1816 0.2375
1817 0.2375
1818 0.2375
1819 0.2375
1820 0.2375
1821 0.2375
1822 0.2375
1823 0.2375
1824 0.2375
1825 0.25
1826 0.225
1827 0.225
1828 0.225
1829 0.225
1830 0.225
1831 0.2
1832 0.2
1833 0.175
1834 0.175
1835 0.175
1836 0.175
1837 0.15
1838 0.1625
1839 0.1625
1840 0.1625
1841 0.1625
1842 0.15833333333333333
1843 0.18333333333333332
1844 0.18333333333333332
1845 0.18333333333333332
1846 0.18333333333333332
1847 0.1875
1848 0.1875
1849 0.1875
1850 0.1625
1851 0.175
1852 0.175
1853 0.175
1854 0.175
1855 0.175
1856 0.175
1857 0.175
1858 0.175
1859 0.175
1860 0.175
1861 0.175
1862 0.175
1863 0.1625
1864 0.1625
1865 0.1625
1866 0.175
1867 0.175
1868 0.15
1869 0.15
1870 0.15
1871 0.15
1872 0.15
1873 0.15
1874 0.15
1875 0.15
1876 0.15
1877 0.175
1878 0.175
1879 0.175
1880 0.175
1881 0.175
1882 0.175
1883 0.175
1884 0.175
1885 0.175
1886 0.175
1887 0.175
1888 0.175
1889 0.175
1890 0.175
1891 0.175
1892 0.175
1893 0.175
1894 0.175
1895 0.2
1896 0.2
1897 0.2
1898 0.2
1899 0.2
1900 0.2
1901 0.2
1902 0.2
1903 0.175
1904 0.2
1905 0.2
1906 0.225
1907 0.225
1908 0.225
1909 0.225
1910 0.225
1911 0.225
1912 0.225
1913 0.225
1914 0.225
1915 0.25
1916 0.25
1917 0.25
1918 0.25
1919 0.25
1920 0.225
1921 0.25
1922 0.225
1923 0.225
1924 0.225
1925 0.225
1926 0.225
1927 0.225
1928 0.25
1929 0.225
1930 0.225
1931 0.225
1932 0.25
1933 0.25
1934 0.25
1935 0.25
1936 0.25
1937 0.25
1938 0.25
1939 0.25
1940 0.25
1941 0.25
1942 0.25
1943 0.25
1944 0.25
1945 0.25
1946 0.225
1947 0.225
1948 0.2
1949 0.2
1950 0.2
1951 0.225
1952 0.25
1953 0.25
1954 0.25
1955 0.25
1956 0.25
1957 0.25
1958 0.25
1959 0.25
1960 0.25
1961 0.25
1962 0.25
1963 0.25
1964 0.25
1965 0.225
1966 0.225
1967 0.225
1968 0.225
1969 0.225
1970 0.225
1971 0.225
1972 0.225
1973 0.225
1974 0.25
1975 0.25
1976 0.225
1977 0.225
1978 0.225
1979 0.2
1980 0.2
1981 0.2
1982 0.2
1983 0.225
1984 0.225
1985 0.225
1986 0.225
1987 0.2
1988 0.2
1989 0.2
1990 0.2
1991 0.2
1992 0.2
1993 0.2
1994 0.1875
1995 0.1875
1996 0.1875
1997 0.1875
1998 0.1875
1999 0.1625
2000 0.1625
2001 0.1375
2002 0.1375
2003 0.1375
2004 0.1375
2005 0.1375
2006 0.1375
2007 0.1625
2008 0.15
2009 0.15
2010 0.15
2011 0.15
2012 0.175
2013 0.175
2014 0.175
2015 0.175
2016 0.175
2017 0.175
2018 0.175
2019 0.175
2020 0.175
2021 0.1625
2022 0.1625
2023 0.1625
2024 0.1625
2025 0.1625
2026 0.1625
2027 0.1625
2028 0.1625
2029 0.1625
2030 0.1625
2031 0.1625
2032 0.15
2033 0.15
2034 0.175
2035 0.175
2036 0.175
2037 0.15
2038 0.15
2039 0.15
2040 0.15
2041 0.15
2042 0.15
2043 0.15
2044 0.15
2045 0.15
2046 0.15
2047 0.15
2048 0.15
2049 0.15
2050 0.15
2051 0.15
2052 0.15
2053 0.15
2054 0.15
2055 0.15
2056 0.15
2057 0.15
2058 0.175
2059 0.15
2060 0.15
2061 0.15
2062 0.15
2063 0.15
2064 0.15
2065 0.15
2066 0.15
2067 0.15
2068 0.15
2069 0.15
2070 0.15
2071 0.15
2072 0.15
2073 0.15
2074 0.15
2075 0.15
2076 0.15
2077 0.15
2078 0.15
2079 0.15
2080 0.15
2081 0.15
2082 0.16666666666666669
2083 0.14166666666666666
2084 0.14166666666666666
2085 0.14166666666666666
2086 0.14166666666666666
2087 0.1375
2088 0.1375
2089 0.1375
2090 0.16666666666666669
2091 0.16666666666666669
2092 0.16666666666666669
2093 0.16666666666666669
2094 0.16666666666666669
2095 0.16666666666666669
2096 0.16666666666666669
2097 0.16666666666666669
2098 0.19166666666666668
2099 0.19166666666666668
2100 0.19166666666666668
2101 0.19166666666666668
2102 0.19166666666666668
2103 0.19166666666666668
2104 0.19166666666666668
2105 0.19166666666666668
2106 0.19375
2107 0.1875
2108 0.1875
2109 0.1875
2110 0.1875
2111 0.1875
2112 0.2
2113 0.2
2114 0.2
2115 0.2
2116 0.2
2117 0.2
2118 0.225
2119 0.225
2120 0.225
2121 0.225
2122 0.225
2123 0.2
2124 0.2
2125 0.2
2126 0.2
2127 0.2
2128 0.2
2129 0.225
2130 0.225
2131 0.225
2132 0.225
2133 0.225
2134 0.225
2135 0.225
2136 0.2
2137 0.2
2138 0.2
2139 0.2
2140 0.2
2141 0.2
2142 0.2
2143 0.175
2144 0.175
2145 0.2
2146 0.2
2147 0.2
2148 0.2
2149 0.2
2150 0.2
2151 0.2
2152 0.2
2153 0.225
2154 0.25
2155 0.25
2156 0.225
2157 0.25
2158 0.25
2159 0.25
2160 0.25
2161 0.25
2162 0.25
2163 0.25
2164 0.25
2165 0.25
2166 0.25
2167 0.25
2168 0.275
2169 0.275
2170 0.25
2171 0.25
2172 0.25
2173 0.25
2174 0.25
2175 0.25
2176 0.25
2177 0.25
2178 0.2
2179 0.2
2180 0.2
2181 0.2
2182 0.175
2183 0.175
2184 0.175
2185 0.175
2186 0.175
2187 0.2
2188 0.2
2189 0.2
2190 0.2
2191 0.2
2192 0.2
2193 0.175
2194 0.175
2195 0.175
2196 0.175
2197 0.175
2198 0.175
2199 0.175
2200 0.175
2201 0.175
2202 0.175
2203 0.175
2204 0.175
2205 0.175
2206 0.175
2207 0.175
2208 0.175
2209 0.175
2210 0.175
2211 0.175
2212 0.15
2213 0.15
2214 0.15
2215 0.15
2216 0.15
2217 0.15
2218 0.15
2219 0.15
2220 0.15
2221 0.175
2222 0.175
2223 0.2
2224 0.2
2225 0.175
2226 0.175
2227 0.175
2228 0.175
2229 0.175
2230 0.175
2231 0.175
2232 0.2
2233 0.2
2234 0.2
2235 0.2
2236 0.2
2237 0.2
2238 0.2
2239 0.2
2240 0.2
2241 0.2
2242 0.2
2243 0.2
2244 0.2
2245 0.2
2246 0.175
2247 0.175
2248 0.15
2249 0.15
2250 0.15
2251 0.15
2252 0.15
2253 0.15
2254 0.15
2255 0.15
2256 0.15
2257 0.15
2258 0.15
2259 0.15
2260 0.15
2261 0.15
2262 0.15
2263 0.15
2264 0.15
2265 0.15
2266 0.15
2267 0.15
2268 0.15
2269 0.15
2270 0.15
2271 0.15
2272 0.175
2273 0.175
2274 0.175
2275 0.175
2276 0.175
2277 0.15
2278 0.15
2279 0.15
2280 0.15
2281 0.15
2282 0.15
2283 0.15
2284 0.15
2285 0.15
2286 0.15
2287 0.15
2288 0.15
2289 0.15
2290 0.15
2291 0.15
2292 0.15
2293 0.15
2294 0.15
2295 0.15
2296 0.15
2297 0.125
2298 0.125
2299 0.125
2300 0.125
2301 0.125
2302 0.125
2303 0.125
2304 0.125
2305 0.125
2306 0.125
2307 0.125
2308 0.125
2309 0.125
2310 0.125
2311 0.125
2312 0.125
2313 0.125
2314 0.125
2315 0.15
2316 0.15
2317 0.15
2318 0.15
2319 0.15
2320 0.15
2321 0.15
2322 0.15
2323 0.15
2324 0.15
2325 0.15
2326 0.15
2327 0.15
2328 0.15
2329 0.15
2330 0.15
2331 0.175
2332 0.175
2333 0.175
2334 0.175
2335 0.175
2336 0.175
2337 0.175
2338 0.175
2339 0.175
2340 0.15
2341 0.15
2342 0.15
2343 0.15
2344 0.15
2345 0.15
2346 0.15
2347 0.15
2348 0.15
2349 0.15
2350 0.15
2351 0.15
2352 0.15
2353 0.15
2354 0.15
2355 0.15
2356 0.15
2357 0.15
2358 0.15
2359 0.15
2360 0.15
2361 0.15
2362 0.15
2363 0.15
2364 0.15
2365 0.15
2366 0.15
2367 0.15
2368 0.15
2369 0.15
2370 0.15
2371 0.15
2372 0.1375
2373 0.1375
2374 0.1375
2375 0.1375
2376 0.1375
2377 0.1375
2378 0.1375
2379 0.1375
2380 0.1375
2381 0.1375
2382 0.1375
2383 0.125
2384 0.15
2385 0.15
2386 0.15
2387 0.175
2388 0.2
2389 0.2
2390 0.2
2391 0.225
2392 0.225
2393 0.225
2394 0.225
2395 0.225
2396 0.225
2397 0.225
2398 0.225
2399 0.225
2400 0.225
2401 0.225
2402 0.225
2403 0.225
2404 0.225
2405 0.225
2406 0.225
2407 0.225
2408 0.225
2409 0.2
2410 0.2
2411 0.2
2412 0.175
2413 0.15
2414 0.15
2415 0.15
2416 0.125
2417 0.125
2418 0.125
2419 0.125
2420 0.125
2421 0.125
2422 0.125
2423 0.125
2424 0.125
2425 0.125
2426 0.125
2427 0.125
2428 0.125
2429 0.15
2430 0.15
2431 0.15
2432 0.15
2433 0.15
2434 0.15
2435 0.15
2436 0.15
2437 0.15
2438 0.15
2439 0.15
2440 0.15
2441 0.175
2442 0.175
2443 0.175
2444 0.175
2445 0.2
2446 0.2
2447 0.2
2448 0.2
2449 0.2
2450 0.2
2451 0.2
2452 0.2
2453 0.2
2454 0.175
2455 0.175
2456 0.175
2457 0.175
2458 0.175
2459 0.175
2460 0.175
2461 0.175
2462 0.175
2463 0.175
2464 0.175
2465 0.175
2466 0.175
2467 0.175
2468 0.175
2469 0.175
2470 0.175
2471 0.175
2472 0.175
2473 0.175
2474 0.175
2475 0.175
2476 0.175
2477 0.175
2478 0.175
2479 0.175
2480 0.175
2481 0.175
2482 0.175
2483 0.175
2484 0.175
2485 0.175
2486 0.175
2487 0.175
2488 0.175
2489 0.175
2490 0.175
2491 0.175
2492 0.175
2493 0.175
2494 0.175
2495 0.2
2496 0.2
2497 0.2
2498 0.2
2499 0.2
2500 0.2
2501 0.2
2502 0.2
2503 0.2
2504 0.2
2505 0.2
2506 0.2
2507 0.2
2508 0.2
2509 0.2
2510 0.2
2511 0.2
2512 0.2
2513 0.2
2514 0.2
2515 0.2
2516 0.2
2517 0.2
2518 0.2
2519 0.2
2520 0.2
2521 0.2
2522 0.2
2523 0.225
2524 0.225
2525 0.225
2526 0.225
2527 0.2
2528 0.2
2529 0.2
2530 0.2
2531 0.2
2532 0.2
2533 0.2
2534 0.225
2535 0.25
2536 0.25
2537 0.25
2538 0.25
2539 0.25
2540 0.25
2541 0.25
2542 0.25
2543 0.25
2544 0.25
2545 0.25
2546 0.25
2547 0.25
2548 0.225
2549 0.225
2550 0.225
2551 0.225
2552 0.225
2553 0.225
2554 0.225
2555 0.225
2556 0.225
2557 0.225
2558 0.225
2559 0.225
2560 0.2
2561 0.2
2562 0.2
2563 0.2
2564 0.2
2565 0.2
2566 0.2
2567 0.2
2568 0.2
2569 0.175
2570 0.175
2571 0.175
2572 0.175
2573 0.175
2574 0.175
2575 0.175
2576 0.175
2577 0.175
2578 0.175
2579 0.175
2580 0.175
2581 0.2
2582 0.2
2583 0.2
2584 0.2
2585 0.2
2586 0.2
2587 0.2
2588 0.2
2589 0.2
2590 0.2
2591 0.2
2592 0.2
2593 0.2
2594 0.2
2595 0.2
2596 0.2
2597 0.2
2598 0.2
2599 0.2
2600 0.2
2601 0.2
2602 0.225
2603 0.225
2604 0.225
2605 0.225
2606 0.225
2607 0.25
2608 0.25
2609 0.25
2610 0.25
2611 0.25
2612 0.25
2613 0.25
2614 0.25
2615 0.25
2616 0.25
2617 0.25
2618 0.25
2619 0.25
2620 0.275
2621 0.25
2622 0.25
2623 0.275
2624 0.275
2625 0.275
2626 0.275
2627 0.25
2628 0.25
2629 0.25
2630 0.25
2631 0.25
2632 0.25
2633 0.25
2634 0.25
2635 0.25
2636 0.275
2637 0.275
2638 0.275
2639 0.275
2640 0.275
2641 0.275
2642 0.275
2643 0.275
2644 0.275
2645 0.25
2646 0.25
2647 0.25
2648 0.225
2649 0.225
2650 0.225
2651 0.225
2652 0.225
2653 0.225
2654 0.225
2655 0.225
2656 0.225
2657 0.225
2658 0.225
2659 0.225
2660 0.225
2661 0.2
2662 0.2
2663 0.2
2664 0.2
2665 0.2
2666 0.2
2667 0.2
2668 0.2
2669 0.2
2670 0.2
2671 0.2
2672 0.2
2673 0.2
2674 0.2
2675 0.2
2676 0.2
2677 0.2
2678 0.2
2679 0.2
2680 0.2
2681 0.2
2682 0.2
2683 0.2
2684 0.2
2685 0.2
2686 0.2
2687 0.2
2688 0.2
2689 0.2
2690 0.2
2691 0.2
2692 0.2
2693 0.2
2694 0.2
2695 0.2
2696 0.2
2697 0.2
2698 0.2
2699 0.2
2700 0.2
2701 0.225
2702 0.225
2703 0.225
2704 0.225
2705 0.225
2706 0.225
2707 0.225
2708 0.225
2709 0.225
2710 0.225
2711 0.225
2712 0.225
2713 0.225
2714 0.225
2715 0.225
2716 0.225
2717 0.225
2718 0.225
2719 0.225
2720 0.225
2721 0.225
2722 0.225
2723 0.225
2724 0.225
2725 0.225
2726 0.225
2727 0.225
2728 0.225
2729 0.225
2730 0.225
2731 0.225
2732 0.225
2733 0.225
2734 0.225
2735 0.225
2736 0.225
2737 0.225
2738 0.225
2739 0.225
2740 0.225
2741 0.225
2742 0.225
2743 0.225
2744 0.225
2745 0.225
2746 0.225
2747 0.225
2748 0.225
2749 0.225
2750 0.225
2751 0.225
2752 0.225
2753 0.225
2754 0.225
2755 0.225
2756 0.225
2757 0.225
2758 0.225
2759 0.225
2760 0.225
2761 0.225
2762 0.225
2763 0.225
2764 0.25
2765 0.25
2766 0.25
2767 0.25
2768 0.25
2769 0.25
2770 0.25
2771 0.25
2772 0.25
2773 0.25
2774 0.25
2775 0.25
2776 0.25
2777 0.25
2778 0.25
2779 0.25
2780 0.25
2781 0.25
2782 0.25
2783 0.25
2784 0.25
2785 0.25
2786 0.25
2787 0.25
2788 0.25
2789 0.225
2790 0.225
2791 0.225
2792 0.225
2793 0.225
2794 0.225
2795 0.25
2796 0.25
2797 0.25
2798 0.25
2799 0.25
2800 0.25
2801 0.25
2802 0.25
2803 0.25
2804 0.25
2805 0.25
2806 0.25
2807 0.25
2808 0.25
2809 0.25
2810 0.25
2811 0.25
2812 0.25
2813 0.25
2814 0.25
2815 0.25
2816 0.25
2817 0.25
2818 0.25
2819 0.25
2820 0.225
2821 0.225
2822 0.225
2823 0.225
2824 0.225
2825 0.225
2826 0.225
2827 0.225
2828 0.225
2829 0.225
2830 0.225
2831 0.225
2832 0.225
2833 0.225
2834 0.225
2835 0.225
2836 0.225
2837 0.225
2838 0.225
2839 0.225
2840 0.225
2841 0.225
2842 0.225
2843 0.225
2844 0.225
2845 0.225
2846 0.225
2847 0.225
2848 0.225
2849 0.225
2850 0.225
2851 0.225
2852 0.225
2853 0.225
2854 0.225
2855 0.225
2856 0.225
2857 0.225
2858 0.225
2859 0.225
2860 0.225
2861 0.225
2862 0.225
2863 0.225
2864 0.225
2865 0.225
2866 0.225
2867 0.225
2868 0.225
2869 0.225
2870 0.225
2871 0.225
2872 0.225
2873 0.225
2874 0.225
2875 0.225
2876 0.225
2877 0.225
2878 0.225
2879 0.225
2880 0.225
2881 0.225
2882 0.225
2883 0.225
2884 0.225
2885 0.225
2886 0.225
2887 0.225
2888 0.225
2889 0.225
2890 0.225
2891 0.25
2892 0.25
2893 0.25
2894 0.25
2895 0.25
2896 0.25
2897 0.25
2898 0.25
2899 0.25
2900 0.25
2901 0.25
2902 0.25
2903 0.25
2904 0.25
2905 0.2375
2906 0.2375
2907 0.2375
2908 0.2375
2909 0.2375
2910 0.2375
2911 0.2375
2912 0.2375
2913 0.2375
2914 0.2375
2915 0.2375
2916 0.225
2917 0.225
2918 0.225
2919 0.225
2920 0.225
2921 0.225
2922 0.225
2923 0.225
2924 0.225
2925 0.225
2926 0.225
2927 0.225
2928 0.225
2929 0.225
2930 0.225
2931 0.225
2932 0.225
2933 0.225
2934 0.225
2935 0.225
2936 0.225
2937 0.225
2938 0.225
2939 0.225
2940 0.225
2941 0.225
2942 0.225
2943 0.225
2944 0.225
2945 0.225
2946 0.225
2947 0.225
2948 0.225
2949 0.225
2950 0.225
2951 0.225
2952 0.225
2953 0.225
2954 0.225
2955 0.225
2956 0.225
2957 0.225
2958 0.225
2959 0.225
2960 0.225
2961 0.225
2962 0.225
2963 0.225
2964 0.225
2965 0.225
2966 0.225
2967 0.225
2968 0.225
2969 0.225
2970 0.225
2971 0.225
2972 0.225
2973 0.225
2974 0.225
2975 0.225
2976 0.225
2977 0.225
2978 0.225
2979 0.25
2980 0.25
2981 0.25
2982 0.25
2983 0.25
2984 0.25
2985 0.25
2986 0.25
2987 0.25
2988 0.25
2989 0.25
2990 0.25
2991 0.25
2992 0.25
2993 0.25
2994 0.25
2995 0.25
2996 0.25
2997 0.25
2998 0.25
2999 0.25
