#iterations fitness
0 0.0
1 1.0
2 1.1
3 1.1
4 1.75
5 1.85
6 1.9
7 1.95
8 2.1
9 2.25
10 2.6
11 2.8
12 2.9
13 2.95
14 3.15
15 3.3
16 3.45
17 3.5
18 3.65
19 3.7
20 3.8
21 3.9
22 3.95
23 4.05
24 4.3
25 4.45
26 4.55
27 4.7
28 4.85
29 4.95
30 5.05
31 5.15
32 5.2
33 5.25
34 5.3
35 5.45
36 5.55
37 5.7
38 5.9
39 6.0
40 6.3
41 6.5
42 6.55
43 6.6
44 6.75
45 6.9
46 7.0
47 7.05
48 7.15
49 7.2
50 7.25
51 7.4
52 7.45
53 7.55
54 7.75
55 7.95
56 8.0
57 8.1
58 8.2
59 8.25
60 8.3
61 8.45
62 8.55
63 8.65
64 8.75
65 8.85
66 8.95
67 9.05
68 9.25
69 9.45
70 9.55
71 9.7
72 9.7
73 9.75
74 9.75
75 9.75
76 9.85
77 10.0
78 10.2
79 10.35
80 10.5
81 10.5
82 10.8
83 11.1
84 11.15
85 11.3
86 11.4
87 11.5
88 11.65
89 11.75
90 11.8
91 11.9
92 11.95
93 12.05
94 12.25
95 12.4
96 12.45
97 12.45
98 12.55
99 12.6
100 12.65
101 12.8
102 12.9
103 13.0
104 13.1
105 13.25
106 13.35
107 13.45
108 13.55
109 13.65
110 13.7
111 13.7
112 13.7
113 13.8
114 13.95
115 14.0
116 14.1
117 14.25
118 14.35
119 14.55
120 14.55
121 14.65
122 14.8
123 14.85
124 14.9
125 15.0
126 15.3
127 15.4
128 15.5
129 15.55
130 15.6
131 15.65
132 15.8
133 15.9
134 15.95
135 16.0
136 16.25
137 16.25
138 16.5
139 16.6
140 16.7
141 16.9
142 16.95
143 17.05
144 17.15
145 17.4
146 17.4
147 17.5
148 17.6
149 17.6
150 17.7
151 17.8
152 17.9
153 18.0
154 18.05
155 18.05
156 18.2
157 18.4
158 18.5
159 18.55
160 18.65
161 18.8
162 18.85
163 19.1
164 19.2
165 19.25
166 19.35
167 19.4
168 19.6
169 19.75
170 19.8
171 19.8
172 19.85
173 19.9
174 19.95
175 20.05
176 20.1
177 20.15
178 20.25
179 20.45
180 20.45
181 20.5
182 20.6
183 20.65
184 20.7
185 20.9
186 20.9
187 21.0
188 21.15
189 21.25
190 21.45
191 21.6
192 21.6
193 21.65
194 21.7
195 21.8
196 21.8
197 21.95
198 22.2
199 22.3
200 22.4
201 22.45
202 22.55
203 22.7
204 22.75
205 22.9
206 23.0
207 23.0
208 23.05
209 23.1
210 23.2
211 23.35
212 23.5
213 23.5
214 23.65
215 23.8
216 23.95
217 24.05
218 24.1
219 24.4
220 24.55
221 24.6
222 24.7
223 24.75
224 24.8
225 24.95
226 25.2
227 25.3
228 25.35
229 25.45
230 25.6
231 25.75
232 25.9
233 26.05
234 26.05
235 26.2
236 26.2
237 26.35
238 26.4
239 26.4
240 26.5
241 26.65
242 26.75
243 26.85
244 26.95
245 27.15
246 27.15
247 27.3
248 27.4
249 27.5
250 27.55
251 27.55
252 27.65
253 27.7
254 27.75
255 27.85
256 28.0
257 28.2
258 28.3
259 28.45
260 28.45
261 28.45
262 28.5
263 28.5
264 28.6
265 28.8
266 28.95
267 28.95
268 28.95
269 29.0
270 29.15
271 29.2
272 29.25
273 29.3
274 29.3
275 29.4
276 29.5
277 29.6
278 29.8
279 30.05
280 30.3
281 30.3
282 30.4
283 30.4
284 30.55
285 30.7
286 30.8
287 30.9
288 30.95
289 30.95
290 31.15
291 31.15
292 31.25
293 31.25
294 31.3
295 31.4
296 31.6
297 31.65
298 31.75
299 31.8
300 31.9
301 32.05
302 32.25
303 32.3
304 32.3
305 32.3
306 32.3
307 32.4
308 32.55
309 32.7
310 32.85
311 33.05
312 33.1
313 33.15
314 33.15
315 33.35
316 33.5
317 33.6
318 33.75
319 33.8
320 33.85
321 34.0
322 34.0
323 34.15
324 34.2
325 34.25
326 34.35
327 34.4
328 34.6
329 34.7
330 34.75
331 34.8
332 34.85
333 35.0
334 35.05
335 35.2
336 35.35
337 35.35
338 35.5
339 35.5
340 35.55
341 35.7
342 35.7
343 35.8
344 35.95
345 36.0
346 36.1
347 36.25
348 36.3
349 36.35
350 36.4
351 36.45
352 36.55
353 36.7
354 36.85
355 36.85
356 36.95
357 37.1
358 37.2
359 37.25
360 37.35
361 37.4
362 37.55
363 37.65
364 37.65
365 37.65
366 37.8
367 37.95
368 37.95
369 38.0
370 38.15
371 38.15
372 38.25
373 38.45
374 38.55
375 38.65
376 38.7
377 38.8
378 38.85
379 38.85
380 39.0
381 39.15
382 39.35
383 39.45
384 39.55
385 39.65
386 39.8
387 39.95
388 40.0
389 40.1
390 40.2
391 40.25
392 40.25
393 40.3
394 40.3
395 40.4
396 40.45
397 40.6
398 40.75
399 40.8
400 40.8
401 40.95
402 41.2
403 41.3
404 41.55
405 41.6
406 41.7
407 41.75
408 41.8
409 41.95
410 42.15
411 42.15
412 42.25
413 42.3
414 42.35
415 42.45
416 42.5
417 42.6
418 42.7
419 42.7
420 42.95
421 43.05
422 43.15
423 43.2
424 43.25
425 43.25
426 43.4
427 43.5
428 43.6
429 43.6
430 43.65
431 43.7
432 43.75
433 43.9
434 43.95
435 44.1
436 44.1
437 44.2
438 44.3
439 44.3
440 44.5
441 44.55
442 44.65
443 44.65
444 44.65
445 44.85
446 44.9
447 45.0
448 45.0
449 45.1
450 45.2
451 45.25
452 45.35
453 45.5
454 45.55
455 45.7
456 45.7
457 45.75
458 45.75
459 45.75
460 45.8
461 45.9
462 46.0
463 46.05
464 46.25
465 46.35
466 46.4
467 46.4
468 46.6
469 46.8
470 46.85
471 46.9
472 47.05
473 47.05
474 47.2
475 47.35
476 47.4
477 47.65
478 47.7
479 47.8
480 47.85
481 47.9
482 48.05
483 48.1
484 48.1
485 48.25
486 48.25
487 48.3
488 48.45
489 48.45
490 48.55
491 48.75
492 48.75
493 48.75
494 48.95
495 49.05
496 49.05
497 49.15
498 49.3
499 49.4
500 49.5
501 49.55
502 49.55
503 49.55
504 49.6
505 49.7
506 49.75
507 49.8
508 49.95
509 50.2
510 50.35
511 50.5
512 50.6
513 50.6
514 50.65
515 50.75
516 50.85
517 50.9
518 50.9
519 51.0
520 51.05
521 51.2
522 51.25
523 51.25
524 51.3
525 51.35
526 51.5
527 51.7
528 51.85
529 52.05
530 52.1
531 52.1
532 52.3
533 52.35
534 52.5
535 52.55
536 52.55
537 52.55
538 52.7
539 52.8
540 52.9
541 53.0
542 53.15
543 53.15
544 53.2
545 53.35
546 53.45
547 53.5
548 53.6
549 53.85
550 53.9
551 53.95
552 54.05
553 54.25
554 54.3
555 54.35
556 54.4
557 54.55
558 54.65
559 54.7
560 54.8
561 54.85
562 55.0
563 55.0
564 55.25
565 55.35
566 55.35
567 55.45
568 55.5
569 55.5
570 55.5
571 55.6
572 55.6
573 55.75
574 55.75
575 55.9
576 56.1
577 56.15
578 56.2
579 56.3
580 56.45
581 56.5
582 56.6
583 56.65
584 56.65
585 56.7
586 56.8
587 56.8
588 56.9
589 57.2
590 57.35
591 57.4
592 57.45
593 57.55
594 57.75
595 57.8
596 57.95
597 57.95
598 57.95
599 57.95
600 58.1
601 58.2
602 58.25
603 58.25
604 58.3
605 58.4
606 58.45
607 58.5
608 58.75
609 58.95
610 58.95
611 59.0
612 59.1
613 59.1
614 59.1
615 59.2
616 59.3
617 59.4
618 59.5
619 59.7
620 59.8
621 59.9
622 59.95
623 60.05
624 60.05
625 60.1
626 60.15
627 60.25
628 60.3
629 60.45
630 60.55
631 60.7
632 60.75
633 60.9
634 61.05
635 61.15
636 61.25
637 61.25
638 61.3
639 61.35
640 61.45
641 61.5
642 61.65
643 61.65
644 61.7
645 61.7
646 61.9
647 62.05
648 62.05
649 62.1
650 62.25
651 62.45
652 62.45
653 62.55
654 62.65
655 62.65
656 62.75
657 62.75
658 62.9
659 62.9
660 62.95
661 63.15
662 63.2
663 63.35
664 63.35
665 63.4
666 63.4
667 63.4
668 63.5
669 63.55
670 63.55
671 63.6
672 63.65
673 63.75
674 63.85
675 63.95
676 64.05
677 64.2
678 64.25
679 64.4
680 64.5
681 64.65
682 64.8
683 65.0
684 65.05
685 65.1
686 65.15
687 65.15
688 65.35
689 65.45
690 65.5
691 65.55
692 65.65
693 65.7
694 65.75
695 65.75
696 65.8
697 65.9
698 65.95
699 66.05
700 66.15
701 66.35
702 66.4
703 66.4
704 66.4
705 66.55
706 66.6
707 66.7
708 66.75
709 66.8
710 66.8
711 66.9
712 67.05
713 67.15
714 67.2
715 67.35
716 67.4
717 67.45
718 67.6
719 67.65
720 67.8
721 67.9
722 68.0
723 68.0
724 68.15
725 68.2
726 68.25
727 68.35
728 68.4
729 68.4
730 68.45
731 68.6
732 68.7
733 68.8
734 68.8
735 68.9
736 68.9
737 68.95
738 69.05
739 69.2
740 69.3
741 69.45
742 69.6
743 69.65
744 69.65
745 69.8
746 69.85
747 69.85
748 69.9
749 69.95
750 70.05
751 70.1
752 70.1
753 70.15
754 70.2
755 70.25
756 70.4
757 70.45
758 70.65
759 70.7
760 70.7
761 70.75
762 70.75
763 70.9
764 71.0
765 71.15
766 71.3
767 71.4
768 71.55
769 71.65
770 71.65
771 71.85
772 71.9
773 72.0
774 72.15
775 72.2
776 72.3
777 72.45
778 72.6
779 72.65
780 72.65
781 72.7
782 72.8
783 72.95
784 73.0
785 73.05
786 73.1
787 73.15
788 73.2
789 73.2
790 73.35
791 73.35
792 73.45
793 73.5
794 73.55
795 73.55
796 73.8
797 73.8
798 73.85
799 73.9
800 74.05
801 74.15
802 74.2
803 74.2
804 74.25
805 74.25
806 74.35
807 74.4
808 74.5
809 74.5
810 74.5
811 74.65
812 74.85
813 74.85
814 74.9
815 74.9
816 74.9
817 74.95
818 74.95
819 75.0
820 75.05
821 75.15
822 75.25
823 75.3
824 75.35
825 75.45
826 75.45
827 75.5
828 75.5
829 75.5
830 75.7
831 75.75
832 75.8
833 75.8
834 75.9
835 76.1
836 76.35
837 76.5
838 76.55
839 76.65
840 76.8
841 76.85
842 76.85
843 77.05
844 77.1
845 77.15
846 77.15
847 77.3
848 77.45
849 77.5
850 77.55
851 77.65
852 77.75
853 77.8
854 77.8
855 77.85
856 78.05
857 78.05
858 78.05
859 78.05
860 78.15
861 78.25
862 78.3
863 78.3
864 78.35
865 78.5
866 78.65
867 78.7
868 78.9
869 78.9
870 79.0
871 79.1
872 79.2
873 79.2
874 79.3
875 79.3
876 79.3
877 79.35
878 79.4
879 79.4
880 79.45
881 79.55
882 79.6
883 79.6
884 79.6
885 79.75
886 79.85
887 80.0
888 80.0
889 80.1
890 80.25
891 80.35
892 80.45
893 80.5
894 80.5
895 80.6
896 80.6
897 80.7
898 80.7
899 80.7
900 80.8
901 80.8
902 80.85
903 81.0
904 81.05
905 81.05
906 81.15
907 81.2
908 81.3
909 81.35
910 81.35
911 81.45
912 81.5
913 81.55
914 81.55
915 81.6
916 81.6
917 81.65
918 81.75
919 81.8
920 81.95
921 81.95
922 82.0
923 82.15
924 82.35
925 82.4
926 82.55
927 82.6
928 82.65
929 82.65
930 82.7
931 82.75
932 82.75
933 82.8
934 82.8
935 82.85
936 82.9
937 83.0
938 83.0
939 83.1
940 83.15
941 83.2
942 83.25
943 83.3
944 83.3
945 83.35
946 83.4
947 83.4
948 83.4
949 83.5
950 83.75
951 83.8
952 83.9
953 83.9
954 83.9
955 83.95
956 83.95
957 83.95
958 84.15
959 84.25
960 84.35
961 84.4
962 84.45
963 84.6
964 84.6
965 84.6
966 84.65
967 84.8
968 84.9
969 84.95
970 85.0
971 85.1
972 85.15
973 85.25
974 85.25
975 85.35
976 85.4
977 85.4
978 85.4
979 85.55
980 85.55
981 85.6
982 85.65
983 85.85
984 85.9
985 85.9
986 85.95
987 86.05
988 86.1
989 86.2
990 86.25
991 86.3
992 86.4
993 86.45
994 86.55
995 86.7
996 86.8
997 86.8
998 86.9
999 86.9
1000 86.9
1001 86.9
1002 87.05
1003 87.2
1004 87.2
1005 87.3
1006 87.35
1007 87.5
1008 87.55
1009 87.55
1010 87.55
1011 87.55
1012 87.65
1013 87.8
1014 87.85
1015 87.9
1016 87.9
1017 87.95
1018 88.05
1019 88.15
1020 88.2
1021 88.25
1022 88.25
1023 88.35
1024 88.4
1025 88.5
1026 88.6
1027 88.75
1028 88.85
1029 88.9
1030 89.05
1031 89.05
1032 89.1
1033 89.15
1034 89.15
1035 89.2
1036 89.25
1037 89.4
1038 89.45
1039 89.5
1040 89.55
1041 89.55
1042 89.6
1043 89.7
1044 89.75
1045 89.85
1046 89.9
1047 89.95
1048 90.05
1049 90.1
1050 90.15
1051 90.2
1052 90.25
1053 90.25
1054 90.3
1055 90.3
1056 90.3
1057 90.35
1058 90.5
1059 90.55
1060 90.6
1061 90.7
1062 90.8
1063 90.85
1064 90.9
1065 91.0
1066 91.0
1067 91.05
1068 91.15
1069 91.15
1070 91.15
1071 91.4
1072 91.4
1073 91.4
1074 91.5
1075 91.65
1076 91.75
1077 91.8
1078 91.9
1079 91.95
1080 92.0
1081 92.05
1082 92.1
1083 92.2
1084 92.25
1085 92.25
1086 92.4
1087 92.4
1088 92.5
1089 92.6
1090 92.7
1091 92.75
1092 92.8
1093 92.8
1094 92.85
1095 92.85
1096 92.9
1097 93.05
1098 93.05
1099 93.1
1100 93.25
1101 93.4
1102 93.5
1103 93.55
1104 93.6
1105 93.65
1106 93.75
1107 93.85
1108 93.85
1109 93.9
1110 93.95
1111 94.05
1112 94.15
1113 94.2
1114 94.25
1115 94.35
1116 94.4
1117 94.4
1118 94.45
1119 94.45
1120 94.45
1121 94.5
1122 94.6
1123 94.65
1124 94.75
1125 94.8
1126 94.8
1127 94.9
1128 95.0
1129 95.05
1130 95.1
1131 95.15
1132 95.2
1133 95.2
1134 95.25
1135 95.25
1136 95.3
1137 95.3
1138 95.3
1139 95.4
1140 95.45
1141 95.5
1142 95.55
1143 95.7
1144 95.7
1145 95.8
1146 95.85
1147 95.85
1148 95.85
1149 95.85
1150 95.95
1151 95.95
1152 95.95
1153 96.1
1154 96.25
1155 96.25
1156 96.3
1157 96.35
1158 96.45
1159 96.6
1160 96.6
1161 96.6
1162 96.65
1163 96.7
1164 96.8
1165 96.8
1166 97.0
1167 97.05
1168 97.1
1169 97.2
1170 97.3
1171 97.3
1172 97.45
1173 97.5
1174 97.55
1175 97.55
1176 97.65
1177 97.7
1178 97.7
1179 97.75
1180 97.75
1181 97.9
1182 97.9
1183 98.0
1184 98.05
1185 98.1
1186 98.15
1187 98.3
1188 98.45
1189 98.5
1190 98.55
1191 98.65
1192 98.7
1193 98.7
1194 98.7
1195 98.8
1196 98.85
1197 99.0
1198 99.0
1199 99.1
1200 99.15
1201 99.3
1202 99.45
1203 99.5
1204 99.5
1205 99.55
1206 99.6
1207 99.65
1208 99.7
1209 99.75
1210 99.75
1211 99.8
1212 99.85
1213 99.85
1214 99.85
1215 99.95
1216 100.1
1217 100.15
1218 100.2
1219 100.2
1220 100.3
1221 100.35
1222 100.55
1223 100.55
1224 100.6
1225 100.6
1226 100.65
1227 100.65
1228 100.7
1229 100.7
1230 100.85
1231 100.9
1232 100.9
1233 100.9
1234 100.9
1235 100.95
1236 101.0
1237 101.05
1238 101.05
1239 101.15
1240 101.25
1241 101.3
1242 101.35
1243 101.4
1244 101.4
1245 101.5
1246 101.55
1247 101.6
1248 101.85
1249 101.95
1250 102.05
1251 102.05
1252 102.1
1253 102.15
1254 102.2
1255 102.2
1256 102.3
1257 102.4
1258 102.55
1259 102.6
1260 102.6
1261 102.6
1262 102.65
1263 102.7
1264 102.75
1265 102.9
1266 102.9
1267 102.9
1268 102.95
1269 103.05
1270 103.05
1271 103.05
1272 103.1
1273 103.15
1274 103.15
1275 103.3
1276 103.3
1277 103.35
1278 103.5
1279 103.5
1280 103.5
1281 103.55
1282 103.65
1283 103.65
1284 103.75
1285 103.75
1286 103.85
1287 104.0
1288 104.0
1289 104.05
1290 104.2
1291 104.35
1292 104.35
1293 104.4
1294 104.45
1295 104.45
1296 104.5
1297 104.5
1298 104.7
1299 104.7
1300 104.75
1301 104.75
1302 104.75
1303 104.75
1304 104.9
1305 104.95
1306 105.0
1307 105.1
1308 105.1
1309 105.15
1310 105.2
1311 105.2
1312 105.3
1313 105.4
1314 105.45
1315 105.45
1316 105.45
1317 105.5
1318 105.6
1319 105.65
1320 105.75
1321 105.8
1322 105.8
1323 105.85
1324 105.85
1325 105.85
1326 105.9
1327 106.05
1328 106.1
1329 106.2
1330 106.25
1331 106.25
1332 106.3
1333 106.3
1334 106.3
1335 106.3
1336 106.35
1337 106.45
1338 106.5
1339 106.6
1340 106.6
1341 106.65
1342 106.65
1343 106.75
1344 106.8
1345 106.85
1346 106.85
1347 106.85
1348 106.95
1349 107.1
1350 107.15
1351 107.25
1352 107.3
1353 107.3
1354 107.3
1355 107.3
1356 107.35
1357 107.4
1358 107.55
1359 107.7
1360 107.75
1361 107.8
1362 107.85
1363 107.9
1364 108.0
1365 108.1
1366 108.15
1367 108.2
1368 108.25
1369 108.3
1370 108.3
1371 108.35
1372 108.4
1373 108.45
1374 108.5
1375 108.7
1376 108.7
1377 108.7
1378 108.75
1379 108.8
1380 108.8
1381 108.85
1382 108.85
1383 108.85
1384 108.9
1385 109.05
1386 109.05
1387 109.15
1388 109.2
1389 109.25
1390 109.4
1391 109.45
1392 109.5
1393 109.55
1394 109.6
1395 109.7
1396 109.75
1397 109.85
1398 109.9
1399 109.9
1400 109.9
1401 109.95
1402 109.95
1403 110.0
1404 110.0
1405 110.05
1406 110.15
1407 110.15
1408 110.2
1409 110.35
1410 110.35
1411 110.4
1412 110.45
1413 110.55
1414 110.6
1415 110.6
1416 110.65
1417 110.7
1418 110.8
1419 110.8
1420 110.85
1421 110.9
1422 110.9
1423 110.9
1424 110.95
1425 110.95
1426 110.95
1427 111.0
1428 111.0
1429 111.1
1430 111.15
1431 111.2
1432 111.35
1433 111.4
1434 111.4
1435 111.4
1436 111.4
1437 111.5
1438 111.55
1439 111.6
1440 111.6
1441 111.65
1442 111.75
1443 111.75
1444 111.75
1445 111.8
1446 111.85
1447 111.9
1448 112.0
1449 112.25
1450 112.25
1451 112.3
1452 112.35
1453 112.55
1454 112.6
1455 112.65
1456 112.65
1457 112.7
1458 112.75
1459 112.85
1460 113.0
1461 113.0
1462 113.05
1463 113.1
1464 113.1
1465 113.2
1466 113.25
1467 113.25
1468 113.3
1469 113.3
1470 113.3
1471 113.35
1472 113.4
1473 113.45
1474 113.45
1475 113.55
1476 113.6
1477 113.6
1478 113.7
1479 113.7
1480 113.75
1481 113.75
1482 113.75
1483 113.8
1484 113.9
1485 113.9
1486 114.0
1487 114.0
1488 114.0
1489 114.1
1490 114.1
1491 114.15
1492 114.25
1493 114.25
1494 114.25
1495 114.25
1496 114.35
1497 114.5
1498 114.5
1499 114.6
1500 114.6
1501 114.75
1502 114.75
1503 114.85
1504 114.95
1505 115.0
1506 115.15
1507 115.15
1508 115.2
1509 115.25
1510 115.35
1511 115.35
1512 115.45
1513 115.45
1514 115.55
1515 115.6
1516 115.7
1517 115.7
1518 115.7
1519 115.7
1520 115.8
1521 115.9
1522 116.1
1523 116.1
1524 116.1
1525 116.2
1526 116.3
1527 116.35
1528 116.35
1529 116.35
1530 116.4
1531 116.4
1532 116.5
1533 116.6
1534 116.6
1535 116.65
1536 116.65
1537 116.7
1538 116.85
1539 116.9
1540 117.0
1541 117.15
1542 117.2
1543 117.25
1544 117.35
1545 117.4
1546 117.55
1547 117.6
1548 117.65
1549 117.65
1550 117.65
1551 117.7
1552 117.8
1553 117.8
1554 117.85
1555 117.9
1556 117.95
1557 118.0
1558 118.05
1559 118.2
1560 118.2
1561 118.2
1562 118.2
1563 118.2
1564 118.4
1565 118.5
1566 118.55
1567 118.6
1568 118.7
1569 118.7
1570 118.75
1571 118.75
1572 118.8
1573 118.85
1574 118.85
1575 118.95
1576 119.0
1577 119.05
1578 119.1
1579 119.15
1580 119.15
1581 119.15
1582 119.25
1583 119.25
1584 119.3
1585 119.4
1586 119.4
1587 119.45
1588 119.5
1589 119.55
1590 119.6
1591 119.6
1592 119.7
1593 119.75
1594 119.8
1595 119.85
1596 119.85
1597 119.85
1598 119.9
1599 120.0
1600 120.05
1601 120.15
1602 120.2
1603 120.2
1604 120.3
1605 120.4
1606 120.4
1607 120.4
1608 120.4
1609 120.45
1610 120.5
1611 120.5
1612 120.55
1613 120.7
1614 120.7
1615 120.75
1616 120.8
1617 120.85
1618 120.85
1619 120.95
1620 121.0
1621 121.05
1622 121.05
1623 121.05
1624 121.1
1625 121.1
1626 121.1
1627 121.15
1628 121.25
1629 121.25
1630 121.25
1631 121.25
1632 121.3
1633 121.35
1634 121.4
1635 121.45
1636 121.5
1637 121.5
1638 121.6
1639 121.65
1640 121.7
1641 121.85
1642 121.95
1643 122.0
1644 122.1
1645 122.15
1646 122.3
1647 122.35
1648 122.35
1649 122.4
1650 122.4
1651 122.4
1652 122.5
1653 122.65
1654 122.75
1655 122.8
1656 122.8
1657 122.8
1658 122.95
1659 122.95
1660 123.05
1661 123.1
1662 123.15
1663 123.25
1664 123.25
1665 123.25
1666 123.3
1667 123.3
1668 123.3
1669 123.35
1670 123.4
1671 123.4
1672 123.45
1673 123.5
1674 123.5
1675 123.5
1676 123.5
1677 123.6
1678 123.6
1679 123.6
1680 123.6
1681 123.7
1682 123.7
1683 123.7
1684 123.9
1685 123.9
1686 124.05
1687 124.1
1688 124.25
1689 124.25
1690 124.25
1691 124.35
1692 124.4
1693 124.45
1694 124.5
1695 124.5
1696 124.5
1697 124.5
1698 124.6
1699 124.75
1700 124.95
1701 125.05
1702 125.1
1703 125.15
1704 125.15
1705 125.15
1706 125.2
1707 125.2
1708 125.2
1709 125.2
1710 125.2
1711 125.2
1712 125.35
1713 125.4
1714 125.45
1715 125.55
1716 125.65
1717 125.65
1718 125.65
1719 125.8
1720 125.9
1721 125.95
1722 125.95
1723 126.05
1724 126.05
1725 126.15
1726 126.15
1727 126.2
1728 126.25
1729 126.25
1730 126.25
1731 126.3
1732 126.35
1733 126.35
1734 126.4
1735 126.4
1736 126.4
1737 126.4
1738 126.5
1739 126.5
1740 126.6
1741 126.6
1742 126.7
1743 126.7
1744 126.8
1745 126.8
1746 126.8
1747 126.8
1748 126.85
1749 126.9
1750 127.0
1751 127.0
1752 127.15
1753 127.15
1754 127.2
1755 127.2
1756 127.2
1757 127.3
1758 127.3
1759 127.35
1760 127.35
1761 127.45
1762 127.5
1763 127.55
1764 127.6
1765 127.75
1766 127.85
1767 127.85
1768 127.9
1769 127.9
1770 128.05
1771 128.05
1772 128.05
1773 128.05
1774 128.15
1775 128.25
1776 128.25
1777 128.25
1778 128.25
1779 128.35
1780 128.4
1781 128.4
1782 128.45
1783 128.5
1784 128.5
1785 128.5
1786 128.6
1787 128.7
1788 128.75
1789 128.8
1790 128.8
1791 128.9
1792 129.0
1793 129.0
1794 129.05
1795 129.05
1796 129.05
1797 129.05
1798 129.05
1799 129.05
1800 129.15
1801 129.15
1802 129.2
1803 129.25
1804 129.25
1805 129.3
1806 129.35
1807 129.45
1808 129.45
1809 129.45
1810 129.45
1811 129.55
1812 129.65
1813 129.7
1814 129.7
1815 129.8
1816 129.95
1817 130.0
1818 130.1
1819 130.25
1820 130.25
1821 130.25
1822 130.25
1823 130.3
1824 130.3
1825 130.35
1826 130.45
1827 130.55
1828 130.65
1829 130.65
1830 130.7
1831 130.7
1832 130.75
1833 130.8
1834 130.9
1835 130.95
1836 130.95
1837 131.0
1838 131.0
1839 131.15
1840 131.15
1841 131.15
1842 131.2
1843 131.25
1844 131.3
1845 131.3
1846 131.3
1847 131.3
1848 131.35
1849 131.4
1850 131.5
1851 131.55
1852 131.6
1853 131.65
1854 131.7
1855 131.7
1856 131.8
1857 131.8
1858 131.85
1859 131.85
1860 131.85
1861 131.95
1862 132.0
1863 132.05
1864 132.1
1865 132.1
1866 132.1
1867 132.15
1868 132.15
1869 132.15
1870 132.15
1871 132.15
1872 132.2
1873 132.25
1874 132.25
1875 132.3
1876 132.3
1877 132.4
1878 132.4
1879 132.45
1880 132.55
1881 132.55
1882 132.55
1883 132.55
1884 132.6
1885 132.65
1886 132.7
1887 132.75
1888 132.85
1889 132.85
1890 133.0
1891 133.05
1892 133.1
1893 133.15
1894 133.35
1895 133.4
1896 133.5
1897 133.55
1898 133.55
1899 133.55
1900 133.65
1901 133.75
1902 133.75
1903 133.85
1904 133.9
1905 133.95
1906 133.95
1907 133.95
1908 133.95
1909 134.0
1910 134.0
1911 134.0
1912 134.0
1913 134.0
1914 134.0
1915 134.05
1916 134.1
1917 134.15
1918 134.15
1919 134.2
1920 134.25
1921 134.25
1922 134.35
1923 134.4
1924 134.4
1925 134.4
1926 134.4
1927 134.4
1928 134.4
1929 134.45
1930 134.45
1931 134.5
1932 134.6
1933 134.65
1934 134.65
1935 134.7
1936 134.75
1937 134.75
1938 134.75
1939 134.85
1940 134.95
1941 134.95
1942 135.0
1943 135.05
1944 135.05
1945 135.05
1946 135.1
1947 135.1
1948 135.1
1949 135.1
1950 135.1
1951 135.1
1952 135.1
1953 135.25
1954 135.35
1955 135.4
1956 135.5
1957 135.5
1958 135.5
1959 135.6
1960 135.6
1961 135.6
1962 135.6
1963 135.6
1964 135.65
1965 135.65
1966 135.65
1967 135.65
1968 135.75
1969 135.75
1970 135.8
1971 135.85
1972 135.85
1973 136.0
1974 136.05
1975 136.05
1976 136.15
1977 136.15
1978 136.15
1979 136.3
1980 136.45
1981 136.55
1982 136.55
1983 136.55
1984 136.55
1985 136.6
1986 136.65
1987 136.7
1988 136.8
1989 136.8
1990 136.85
1991 136.85
1992 136.85
1993 136.95
1994 136.95
1995 137.05
1996 137.05
1997 137.15
1998 137.15
1999 137.15
2000 137.2
2001 137.25
2002 137.3
2003 137.35
2004 137.45
2005 137.5
2006 137.6
2007 137.6
2008 137.65
2009 137.7
2010 137.7
2011 137.7
2012 137.7
2013 137.75
2014 137.75
2015 137.85
2016 137.95
2017 138.0
2018 138.05
2019 138.15
2020 138.25
2021 138.25
2022 138.3
2023 138.3
2024 138.4
2025 138.45
2026 138.45
2027 138.45
2028 138.5
2029 138.5
2030 138.6
2031 138.7
2032 138.7
2033 138.7
2034 138.8
2035 138.85
2036 138.95
2037 139.0
2038 139.0
2039 139.0
2040 139.0
2041 139.0
2042 139.0
2043 139.1
2044 139.2
2045 139.2
2046 139.2
2047 139.25
2048 139.25
2049 139.25
2050 139.35
2051 139.5
2052 139.5
2053 139.55
2054 139.6
2055 139.6
2056 139.65
2057 139.65
2058 139.75
2059 139.85
2060 139.95
2061 139.95
2062 140.0
2063 140.05
2064 140.05
2065 140.05
2066 140.1
2067 140.15
2068 140.15
2069 140.2
2070 140.25
2071 140.3
2072 140.3
2073 140.3
2074 140.3
2075 140.3
2076 140.3
2077 140.3
2078 140.35
2079 140.4
2080 140.45
2081 140.5
2082 140.6
2083 140.65
2084 140.7
2085 140.75
2086 140.8
2087 140.8
2088 140.8
2089 140.85
2090 140.9
2091 140.9
2092 140.95
2093 140.95
2094 140.95
2095 141.05
2096 141.05
2097 141.1
2098 141.15
2099 141.2
2100 141.3
2101 141.35
2102 141.35
2103 141.35
2104 141.45
2105 141.55
2106 141.55
2107 141.65
2108 141.65
2109 141.7
2110 141.75
2111 141.8
2112 141.8
2113 141.8
2114 141.85
2115 141.9
2116 141.9
2117 141.9
2118 141.9
2119 142.0
2120 142.0
2121 142.0
2122 142.0
2123 142.1
2124 142.1
2125 142.25
2126 142.25
2127 142.3
2128 142.4
2129 142.4
2130 142.5
2131 142.55
2132 142.6
2133 142.65
2134 142.65
2135 142.85
2136 142.9
2137 142.9
2138 142.9
2139 142.9
2140 142.9
2141 142.9
2142 142.9
2143 142.9
2144 142.9
2145 142.9
2146 142.95
2147 143.0
2148 143.05
2149 143.15
2150 143.15
2151 143.2
2152 143.2
2153 143.25
2154 143.25
2155 143.3
2156 143.3
2157 143.3
2158 143.35
2159 143.35
2160 143.4
2161 143.5
2162 143.5
2163 143.6
2164 143.6
2165 143.6
2166 143.65
2167 143.65
2168 143.7
2169 143.7
2170 143.7
2171 143.7
2172 143.7
2173 143.75
2174 143.8
2175 143.85
2176 143.85
2177 143.85
2178 143.95
2179 143.95
2180 144.0
2181 144.0
2182 144.05
2183 144.1
2184 144.15
2185 144.15
2186 144.2
2187 144.2
2188 144.2
2189 144.3
2190 144.35
2191 144.35
2192 144.35
2193 144.45
2194 144.5
2195 144.5
2196 144.5
2197 144.6
2198 144.6
2199 144.6
2200 144.6
2201 144.6
2202 144.65
2203 144.7
2204 144.7
2205 144.75
2206 144.8
2207 144.8
2208 144.8
2209 144.8
2210 144.8
2211 144.8
2212 144.85
2213 144.85
2214 144.85
2215 144.9
2216 144.9
2217 144.9
2218 145.0
2219 145.05
2220 145.1
2221 145.15
2222 145.15
2223 145.15
2224 145.2
2225 145.2
2226 145.25
2227 145.35
2228 145.45
2229 145.45
2230 145.55
2231 145.55
2232 145.55
2233 145.55
2234 145.55
2235 145.6
2236 145.6
2237 145.65
2238 145.8
2239 145.9
2240 145.95
2241 146.0
2242 146.0
2243 146.05
2244 146.05
2245 146.1
2246 146.15
2247 146.15
2248 146.15
2249 146.2
2250 146.2
2251 146.2
2252 146.25
2253 146.25
2254 146.25
2255 146.4
2256 146.4
2257 146.4
2258 146.4
2259 146.4
2260 146.45
2261 146.5
2262 146.5
2263 146.5
2264 146.55
2265 146.65
2266 146.7
2267 146.7
2268 146.7
2269 146.75
2270 146.75
2271 146.8
2272 146.8
2273 146.85
2274 146.85
2275 146.85
2276 146.9
2277 146.95
2278 146.95
2279 146.95
2280 147.0
2281 147.0
2282 147.0
2283 147.0
2284 147.05
2285 147.1
2286 147.15
2287 147.15
2288 147.2
2289 147.25
2290 147.25
2291 147.25
2292 147.35
2293 147.4
2294 147.45
2295 147.45
2296 147.55
2297 147.6
2298 147.6
2299 147.65
2300 147.65
2301 147.7
2302 147.75
2303 147.8
2304 147.85
2305 147.85
2306 147.9
2307 147.9
2308 147.9
2309 147.95
2310 148.0
2311 148.1
2312 148.1
2313 148.15
2314 148.15
2315 148.35
2316 148.4
2317 148.5
2318 148.5
2319 148.5
2320 148.5
2321 148.5
2322 148.5
2323 148.55
2324 148.65
2325 148.75
2326 148.75
2327 148.85
2328 148.95
2329 149.0
2330 149.0
2331 149.05
2332 149.05
2333 149.05
2334 149.1
2335 149.1
2336 149.1
2337 149.1
2338 149.15
2339 149.15
2340 149.2
2341 149.25
2342 149.3
2343 149.3
2344 149.3
2345 149.35
2346 149.35
2347 149.5
2348 149.5
2349 149.55
2350 149.55
2351 149.6
2352 149.6
2353 149.8
2354 149.8
2355 149.8
2356 149.85
2357 149.85
2358 149.9
2359 149.95
2360 149.95
2361 150.0
2362 150.1
2363 150.1
2364 150.15
2365 150.15
2366 150.15
2367 150.2
2368 150.2
2369 150.2
2370 150.2
2371 150.2
2372 150.2
2373 150.2
2374 150.3
2375 150.3
2376 150.35
2377 150.5
2378 150.5
2379 150.5
2380 150.5
2381 150.6
2382 150.6
2383 150.6
2384 150.65
2385 150.65
2386 150.75
2387 150.8
2388 150.8
2389 150.8
2390 150.8
2391 150.85
2392 150.85
2393 150.95
2394 151.0
2395 151.0
2396 151.05
2397 151.05
2398 151.1
2399 151.15
2400 151.2
2401 151.25
2402 151.25
2403 151.35
2404 151.35
2405 151.45
2406 151.5
2407 151.5
2408 151.5
2409 151.5
2410 151.5
2411 151.55
2412 151.55
2413 151.55
2414 151.55
2415 151.55
2416 151.55
2417 151.6
2418 151.6
2419 151.65
2420 151.75
2421 151.75
2422 151.8
2423 151.95
2424 152.0
2425 152.0
2426 152.05
2427 152.05
2428 152.1
2429 152.15
2430 152.3
2431 152.3
2432 152.3
2433 152.4
2434 152.4
2435 152.4
2436 152.45
2437 152.45
2438 152.45
2439 152.5
2440 152.5
2441 152.5
2442 152.5
2443 152.5
2444 152.5
2445 152.5
2446 152.6
2447 152.6
2448 152.65
2449 152.75
2450 152.8
2451 152.9
2452 152.95
2453 152.95
2454 153.0
2455 153.0
2456 153.05
2457 153.1
2458 153.15
2459 153.15
2460 153.2
2461 153.2
2462 153.25
2463 153.25
2464 153.25
2465 153.25
2466 153.3
2467 153.3
2468 153.3
2469 153.3
2470 153.35
2471 153.35
2472 153.4
2473 153.4
2474 153.45
2475 153.45
2476 153.45
2477 153.45
2478 153.45
2479 153.45
2480 153.5
2481 153.5
2482 153.5
2483 153.5
2484 153.55
2485 153.55
2486 153.55
2487 153.6
2488 153.6
2489 153.6
2490 153.65
2491 153.7
2492 153.75
2493 153.85
2494 153.9
2495 153.9
2496 153.9
2497 154.0
2498 154.1
2499 154.1
2500 154.2
2501 154.2
2502 154.25
2503 154.25
2504 154.25
2505 154.3
2506 154.3
2507 154.35
2508 154.45
2509 154.5
2510 154.5
2511 154.5
2512 154.5
2513 154.5
2514 154.55
2515 154.7
2516 154.7
2517 154.75
2518 154.75
2519 154.75
2520 154.8
2521 154.8
2522 154.8
2523 154.8
2524 154.8
2525 154.8
2526 154.8
2527 154.85
2528 154.9
2529 154.95
2530 154.95
2531 155.0
2532 155.1
2533 155.2
2534 155.2
2535 155.2
2536 155.25
2537 155.25
2538 155.25
2539 155.3
2540 155.35
2541 155.45
2542 155.45
2543 155.45
2544 155.45
2545 155.45
2546 155.5
2547 155.5
2548 155.5
2549 155.5
2550 155.5
2551 155.5
2552 155.55
2553 155.55
2554 155.65
2555 155.65
2556 155.7
2557 155.7
2558 155.75
2559 155.75
2560 155.8
2561 155.85
2562 155.85
2563 155.85
2564 155.85
2565 155.85
2566 155.85
2567 155.9
2568 155.9
2569 155.95
2570 156.0
2571 156.0
2572 156.0
2573 156.1
2574 156.1
2575 156.1
2576 156.1
2577 156.15
2578 156.15
2579 156.2
2580 156.3
2581 156.35
2582 156.35
2583 156.4
2584 156.45
2585 156.45
2586 156.45
2587 156.55
2588 156.55
2589 156.55
2590 156.55
2591 156.55
2592 156.6
2593 156.65
2594 156.65
2595 156.7
2596 156.75
2597 156.85
2598 156.85
2599 156.85
2600 156.85
2601 156.9
2602 156.9
2603 157.0
2604 157.05
2605 157.05
2606 157.05
2607 157.05
2608 157.05
2609 157.1
2610 157.1
2611 157.1
2612 157.1
2613 157.1
2614 157.1
2615 157.1
2616 157.2
2617 157.2
2618 157.2
2619 157.25
2620 157.3
2621 157.3
2622 157.3
2623 157.3
2624 157.3
2625 157.35
2626 157.35
2627 157.4
2628 157.4
2629 157.5
2630 157.5
2631 157.5
2632 157.5
2633 157.5
2634 157.5
2635 157.55
2636 157.55
2637 157.65
2638 157.7
2639 157.8
2640 157.9
2641 157.9
2642 157.9
2643 157.9
2644 157.9
2645 157.95
2646 157.95
2647 158.0
2648 158.05
2649 158.1
2650 158.15
2651 158.15
2652 158.15
2653 158.15
2654 158.15
2655 158.2
2656 158.2
2657 158.2
2658 158.3
2659 158.3
2660 158.45
2661 158.5
2662 158.5
2663 158.55
2664 158.55
2665 158.55
2666 158.55
2667 158.55
2668 158.55
2669 158.6
2670 158.65
2671 158.7
2672 158.7
2673 158.75
2674 158.75
2675 158.75
2676 158.75
2677 158.75
2678 158.8
2679 158.8
2680 158.85
2681 158.85
2682 158.85
2683 158.85
2684 158.9
2685 158.9
2686 158.95
2687 158.95
2688 158.95
2689 159.0
2690 159.0
2691 159.05
2692 159.05
2693 159.1
2694 159.1
2695 159.1
2696 159.15
2697 159.15
2698 159.15
2699 159.2
2700 159.2
2701 159.2
2702 159.25
2703 159.3
2704 159.35
2705 159.35
2706 159.45
2707 159.5
2708 159.5
2709 159.5
2710 159.5
2711 159.55
2712 159.55
2713 159.55
2714 159.55
2715 159.65
2716 159.7
2717 159.7
2718 159.75
2719 159.8
2720 159.85
2721 159.85
2722 159.9
2723 159.95
2724 160.05
2725 160.05
2726 160.05
2727 160.1
2728 160.1
2729 160.1
2730 160.15
2731 160.2
2732 160.25
2733 160.25
2734 160.25
2735 160.25
2736 160.25
2737 160.25
2738 160.3
2739 160.3
2740 160.3
2741 160.3
2742 160.35
2743 160.35
2744 160.35
2745 160.35
2746 160.35
2747 160.35
2748 160.35
2749 160.5
2750 160.5
2751 160.5
2752 160.5
2753 160.5
2754 160.5
2755 160.6
2756 160.65
2757 160.7
2758 160.7
2759 160.8
2760 160.85
2761 160.85
2762 160.85
2763 160.85
2764 160.9
2765 161.0
2766 161.05
2767 161.1
2768 161.15
2769 161.15
2770 161.15
2771 161.15
2772 161.15
2773 161.15
2774 161.2
2775 161.2
2776 161.25
2777 161.3
2778 161.4
2779 161.4
2780 161.45
2781 161.45
2782 161.5
2783 161.5
2784 161.55
2785 161.6
2786 161.6
2787 161.65
2788 161.7
2789 161.7
2790 161.7
2791 161.7
2792 161.7
2793 161.75
2794 161.8
2795 161.8
2796 161.8
2797 161.9
2798 161.95
2799 161.95
2800 161.95
2801 162.0
2802 162.05
2803 162.1
2804 162.1
2805 162.1
2806 162.1
2807 162.15
2808 162.15
2809 162.15
2810 162.15
2811 162.2
2812 162.25
2813 162.25
2814 162.25
2815 162.3
2816 162.35
2817 162.35
2818 162.35
2819 162.35
2820 162.4
2821 162.4
2822 162.4
2823 162.5
2824 162.5
2825 162.5
2826 162.5
2827 162.5
2828 162.5
2829 162.55
2830 162.55
2831 162.6
2832 162.65
2833 162.65
2834 162.75
2835 162.75
2836 162.75
2837 162.75
2838 162.75
2839 162.75
2840 162.75
2841 162.8
2842 162.85
2843 162.85
2844 162.85
2845 162.85
2846 162.85
2847 162.85
2848 162.85
2849 162.95
2850 162.95
2851 163.0
2852 163.05
2853 163.1
2854 163.1
2855 163.1
2856 163.15
2857 163.15
2858 163.2
2859 163.25
2860 163.3
2861 163.3
2862 163.35
2863 163.35
2864 163.35
2865 163.35
2866 163.35
2867 163.4
2868 163.55
2869 163.6
2870 163.6
2871 163.6
2872 163.6
2873 163.65
2874 163.7
2875 163.7
2876 163.7
2877 163.7
2878 163.75
2879 163.8
2880 163.8
2881 163.9
2882 163.95
2883 164.0
2884 164.1
2885 164.1
2886 164.15
2887 164.2
2888 164.2
2889 164.25
2890 164.3
2891 164.35
2892 164.4
2893 164.45
2894 164.5
2895 164.55
2896 164.55
2897 164.55
2898 164.55
2899 164.55
2900 164.55
2901 164.55
2902 164.55
2903 164.65
2904 164.7
2905 164.7
2906 164.75
2907 164.9
2908 164.9
2909 164.9
2910 165.0
2911 165.0
2912 165.0
2913 165.0
2914 165.15
2915 165.15
2916 165.25
2917 165.25
2918 165.25
2919 165.3
2920 165.3
2921 165.3
2922 165.35
2923 165.4
2924 165.45
2925 165.5
2926 165.6
2927 165.65
2928 165.65
2929 165.65
2930 165.65
2931 165.7
2932 165.7
2933 165.7
2934 165.75
2935 165.75
2936 165.75
2937 165.8
2938 165.85
2939 165.85
2940 165.9
2941 165.95
2942 165.95
2943 165.95
2944 166.05
2945 166.05
2946 166.05
2947 166.05
2948 166.05
2949 166.1
2950 166.1
2951 166.1
2952 166.15
2953 166.15
2954 166.15
2955 166.15
2956 166.15
2957 166.15
2958 166.2
2959 166.25
2960 166.25
2961 166.25
2962 166.3
2963 166.3
2964 166.3
2965 166.3
2966 166.35
2967 166.35
2968 166.4
2969 166.4
2970 166.5
2971 166.5
2972 166.5
2973 166.55
2974 166.6
2975 166.6
2976 166.6
2977 166.65
2978 166.65
2979 166.7
2980 166.75
2981 166.75
2982 166.85
2983 166.85
2984 166.85
2985 166.85
2986 166.85
2987 166.9
2988 166.9
2989 166.9
2990 166.95
2991 166.95
2992 166.95
2993 166.95
2994 166.95
2995 166.95
2996 166.95
2997 166.95
2998 166.95
2999 166.95
3000 166.95
3001 166.95
3002 167.0
3003 167.0
3004 167.0
3005 167.1
3006 167.1
3007 167.1
3008 167.1
3009 167.1
3010 167.15
3011 167.15
3012 167.15
3013 167.15
3014 167.15
3015 167.15
3016 167.15
3017 167.15
3018 167.15
3019 167.2
3020 167.25
3021 167.25
3022 167.25
3023 167.3
3024 167.4
3025 167.4
3026 167.45
3027 167.45
3028 167.45
3029 167.5
3030 167.5
3031 167.55
3032 167.6
3033 167.6
3034 167.6
3035 167.65
3036 167.7
3037 167.7
3038 167.7
3039 167.7
3040 167.75
3041 167.75
3042 167.75
3043 167.75
3044 167.75
3045 167.75
3046 167.75
3047 167.8
3048 167.8
3049 167.85
3050 167.85
3051 167.9
3052 167.95
3053 167.95
3054 168.0
3055 168.0
3056 168.0
3057 168.0
3058 168.0
3059 168.0
3060 168.0
3061 168.0
3062 168.05
3063 168.1
3064 168.1
3065 168.2
3066 168.2
3067 168.2
3068 168.25
3069 168.25
3070 168.25
3071 168.25
3072 168.25
3073 168.35
3074 168.35
3075 168.4
3076 168.4
3077 168.4
3078 168.45
3079 168.45
3080 168.45
3081 168.45
3082 168.45
3083 168.45
3084 168.6
3085 168.6
3086 168.6
3087 168.6
3088 168.6
3089 168.6
3090 168.6
3091 168.7
3092 168.7
3093 168.8
3094 168.8
3095 168.85
3096 168.85
3097 168.9
3098 168.9
3099 168.9
3100 168.95
3101 168.95
3102 169.0
3103 169.0
3104 169.0
3105 169.0
3106 169.0
3107 169.0
3108 169.0
3109 169.0
3110 169.0
3111 169.1
3112 169.1
3113 169.1
3114 169.1
3115 169.15
3116 169.15
3117 169.15
3118 169.2
3119 169.2
3120 169.2
3121 169.25
3122 169.25
3123 169.25
3124 169.3
3125 169.3
3126 169.3
3127 169.35
3128 169.35
3129 169.35
3130 169.4
3131 169.45
3132 169.5
3133 169.5
3134 169.5
3135 169.5
3136 169.5
3137 169.5
3138 169.55
3139 169.6
3140 169.6
3141 169.65
3142 169.65
3143 169.65
3144 169.65
3145 169.65
3146 169.65
3147 169.65
3148 169.7
3149 169.7
3150 169.7
3151 169.75
3152 169.8
3153 169.8
3154 169.8
3155 169.8
3156 169.85
3157 169.85
3158 169.85
3159 169.95
3160 169.95
3161 169.95
3162 170.05
3163 170.05
3164 170.05
3165 170.05
3166 170.05
3167 170.05
3168 170.1
3169 170.1
3170 170.15
3171 170.15
3172 170.15
3173 170.15
3174 170.15
3175 170.15
3176 170.15
3177 170.15
3178 170.15
3179 170.15
3180 170.2
3181 170.2
3182 170.25
3183 170.25
3184 170.25
3185 170.25
3186 170.25
3187 170.3
3188 170.4
3189 170.45
3190 170.5
3191 170.5
3192 170.5
3193 170.5
3194 170.5
3195 170.6
3196 170.6
3197 170.6
3198 170.6
3199 170.6
3200 170.6
3201 170.75
3202 170.8
3203 170.8
3204 170.9
3205 170.9
3206 170.95
3207 170.95
3208 170.95
3209 170.95
3210 170.95
3211 170.95
3212 171.0
3213 171.0
3214 171.0
3215 171.0
3216 171.0
3217 171.05
3218 171.2
3219 171.25
3220 171.25
3221 171.25
3222 171.3
3223 171.3
3224 171.3
3225 171.3
3226 171.3
3227 171.4
3228 171.4
3229 171.4
3230 171.5
3231 171.5
3232 171.55
3233 171.55
3234 171.6
3235 171.6
3236 171.65
3237 171.7
3238 171.7
3239 171.75
3240 171.75
3241 171.75
3242 171.75
3243 171.75
3244 171.75
3245 171.75
3246 171.8
3247 171.8
3248 171.8
3249 171.9
3250 171.9
3251 171.9
3252 171.9
3253 171.9
3254 171.9
3255 171.9
3256 171.95
3257 172.0
3258 172.0
3259 172.1
3260 172.15
3261 172.15
3262 172.15
3263 172.2
3264 172.2
3265 172.2
3266 172.2
3267 172.2
3268 172.25
3269 172.25
3270 172.25
3271 172.25
3272 172.3
3273 172.3
3274 172.35
3275 172.35
3276 172.35
3277 172.35
3278 172.35
3279 172.4
3280 172.4
3281 172.4
3282 172.4
3283 172.4
3284 172.4
3285 172.4
3286 172.4
3287 172.4
3288 172.4
3289 172.4
3290 172.4
3291 172.45
3292 172.45
3293 172.45
3294 172.45
3295 172.45
3296 172.45
3297 172.5
3298 172.5
3299 172.5
3300 172.5
3301 172.5
3302 172.5
3303 172.55
3304 172.55
3305 172.6
3306 172.6
3307 172.6
3308 172.65
3309 172.7
3310 172.7
3311 172.8
3312 172.8
3313 172.8
3314 172.8
3315 172.8
3316 172.85
3317 172.85
3318 172.9
3319 172.95
3320 173.0
3321 173.0
3322 173.05
3323 173.05
3324 173.05
3325 173.05
3326 173.15
3327 173.15
3328 173.15
3329 173.15
3330 173.15
3331 173.15
3332 173.15
3333 173.2
3334 173.3
3335 173.3
3336 173.3
3337 173.3
3338 173.3
3339 173.35
3340 173.4
3341 173.4
3342 173.4
3343 173.45
3344 173.45
3345 173.45
3346 173.45
3347 173.45
3348 173.45
3349 173.45
3350 173.5
3351 173.5
3352 173.55
3353 173.55
3354 173.55
3355 173.55
3356 173.55
3357 173.55
3358 173.65
3359 173.65
3360 173.65
3361 173.65
3362 173.7
3363 173.75
3364 173.75
3365 173.75
3366 173.8
3367 173.8
3368 173.8
3369 173.8
3370 173.8
3371 173.8
3372 173.8
3373 173.8
3374 173.8
3375 173.8
3376 173.8
3377 173.8
3378 173.85
3379 173.9
3380 173.9
3381 173.95
3382 174.0
3383 174.0
3384 174.0
3385 174.0
3386 174.0
3387 174.0
3388 174.05
3389 174.1
3390 174.1
3391 174.1
3392 174.1
3393 174.1
3394 174.15
3395 174.15
3396 174.15
3397 174.15
3398 174.15
3399 174.2
3400 174.2
3401 174.2
3402 174.2
3403 174.2
3404 174.2
3405 174.2
3406 174.2
3407 174.2
3408 174.2
3409 174.2
3410 174.3
3411 174.35
3412 174.35
3413 174.35
3414 174.35
3415 174.35
3416 174.4
3417 174.45
3418 174.45
3419 174.5
3420 174.55
3421 174.65
3422 174.65
3423 174.65
3424 174.65
3425 174.65
3426 174.65
3427 174.65
3428 174.7
3429 174.7
3430 174.75
3431 174.75
3432 174.75
3433 174.75
3434 174.8
3435 174.8
3436 174.8
3437 174.8
3438 174.85
3439 174.9
3440 174.9
3441 175.0
3442 175.05
3443 175.05
3444 175.05
3445 175.05
3446 175.05
3447 175.05
3448 175.05
3449 175.05
3450 175.05
3451 175.05
3452 175.15
3453 175.15
3454 175.2
3455 175.2
3456 175.25
3457 175.25
3458 175.3
3459 175.3
3460 175.3
3461 175.3
3462 175.3
3463 175.35
3464 175.45
3465 175.45
3466 175.45
3467 175.45
3468 175.45
3469 175.5
3470 175.55
3471 175.6
3472 175.65
3473 175.65
3474 175.7
3475 175.75
3476 175.75
3477 175.75
3478 175.75
3479 175.75
3480 175.75
3481 175.75
3482 175.75
3483 175.75
3484 175.75
3485 175.75
3486 175.75
3487 175.85
3488 175.85
3489 175.85
3490 175.85
3491 175.9
3492 175.9
3493 175.9
3494 175.9
3495 175.9
3496 175.9
3497 175.9
3498 175.9
3499 175.9
3500 175.9
3501 175.9
3502 175.95
3503 175.95
3504 175.95
3505 175.95
3506 175.95
3507 175.95
3508 175.95
3509 175.95
3510 175.95
3511 175.95
3512 175.95
3513 176.0
3514 176.0
3515 176.0
3516 176.05
3517 176.1
3518 176.1
3519 176.1
3520 176.1
3521 176.1
3522 176.1
3523 176.1
3524 176.1
3525 176.1
3526 176.1
3527 176.1
3528 176.1
3529 176.15
3530 176.3
3531 176.3
3532 176.3
3533 176.35
3534 176.4
3535 176.4
3536 176.4
3537 176.45
3538 176.45
3539 176.45
3540 176.45
3541 176.5
3542 176.5
3543 176.55
3544 176.55
3545 176.55
3546 176.55
3547 176.6
3548 176.6
3549 176.6
3550 176.6
3551 176.65
3552 176.7
3553 176.7
3554 176.7
3555 176.7
3556 176.75
3557 176.75
3558 176.75
3559 176.75
3560 176.75
3561 176.75
3562 176.75
3563 176.85
3564 176.85
3565 176.9
3566 176.95
3567 176.95
3568 177.0
3569 177.05
3570 177.05
3571 177.05
3572 177.1
3573 177.1
3574 177.1
3575 177.1
3576 177.15
3577 177.15
3578 177.2
3579 177.2
3580 177.3
3581 177.3
3582 177.4
3583 177.45
3584 177.45
3585 177.5
3586 177.5
3587 177.5
3588 177.5
3589 177.5
3590 177.5
3591 177.5
3592 177.5
3593 177.5
3594 177.5
3595 177.55
3596 177.55
3597 177.6
3598 177.6
3599 177.65
3600 177.65
3601 177.65
3602 177.65
3603 177.65
3604 177.65
3605 177.65
3606 177.65
3607 177.65
3608 177.65
3609 177.65
3610 177.65
3611 177.65
3612 177.65
3613 177.65
3614 177.75
3615 177.75
3616 177.75
3617 177.75
3618 177.75
3619 177.8
3620 177.8
3621 177.8
3622 177.8
3623 177.8
3624 177.8
3625 177.8
3626 177.85
3627 177.85
3628 177.85
3629 177.85
3630 177.85
3631 177.85
3632 177.85
3633 177.85
3634 177.85
3635 177.85
3636 177.85
3637 177.85
3638 177.9
3639 177.9
3640 177.9
3641 177.9
3642 177.9
3643 177.9
3644 177.9
3645 177.9
3646 177.9
3647 177.95
3648 177.95
3649 177.95
3650 177.95
3651 177.95
3652 177.95
3653 177.95
3654 177.95
3655 178.0
3656 178.0
3657 178.1
3658 178.15
3659 178.2
3660 178.2
3661 178.2
3662 178.25
3663 178.25
3664 178.25
3665 178.25
3666 178.35
3667 178.4
3668 178.45
3669 178.45
3670 178.5
3671 178.5
3672 178.5
3673 178.55
3674 178.55
3675 178.55
3676 178.6
3677 178.65
3678 178.65
3679 178.7
3680 178.7
3681 178.7
3682 178.7
3683 178.7
3684 178.7
3685 178.75
3686 178.75
3687 178.75
3688 178.75
3689 178.75
3690 178.75
3691 178.75
3692 178.75
3693 178.8
3694 178.8
3695 178.8
3696 178.8
3697 178.8
3698 178.8
3699 178.8
3700 178.85
3701 178.85
3702 178.85
3703 178.85
3704 178.85
3705 178.85
3706 178.85
3707 178.85
3708 178.85
3709 178.85
3710 178.85
3711 178.85
3712 178.85
3713 178.85
3714 178.85
3715 178.85
3716 178.85
3717 178.85
3718 178.85
3719 178.85
3720 178.85
3721 178.85
3722 178.85
3723 178.85
3724 178.85
3725 178.85
3726 178.85
3727 178.85
3728 178.85
3729 178.9
3730 178.9
3731 178.95
3732 178.95
3733 179.0
3734 179.0
3735 179.0
3736 179.0
3737 179.0
3738 179.0
3739 179.05
3740 179.05
3741 179.1
3742 179.1
3743 179.15
3744 179.2
3745 179.2
3746 179.2
3747 179.2
3748 179.2
3749 179.2
3750 179.2
3751 179.25
3752 179.3
3753 179.3
3754 179.3
3755 179.3
3756 179.4
3757 179.45
3758 179.45
3759 179.45
3760 179.45
3761 179.45
3762 179.45
3763 179.45
3764 179.45
3765 179.45
3766 179.5
3767 179.65
3768 179.7
3769 179.7
3770 179.75
3771 179.75
3772 179.75
3773 179.75
3774 179.75
3775 179.8
3776 179.8
3777 179.8
3778 179.8
3779 179.8
3780 179.8
3781 179.8
3782 179.8
3783 179.85
3784 179.85
3785 179.85
3786 179.85
3787 179.85
3788 179.85
3789 179.9
3790 179.9
3791 179.9
3792 179.9
3793 179.9
3794 179.95
3795 180.0
3796 180.05
3797 180.05
3798 180.05
3799 180.05
3800 180.05
3801 180.05
3802 180.05
3803 180.05
3804 180.05
3805 180.05
3806 180.1
3807 180.15
3808 180.15
3809 180.15
3810 180.2
3811 180.2
3812 180.2
3813 180.2
3814 180.2
3815 180.2
3816 180.2
3817 180.2
3818 180.2
3819 180.2
3820 180.2
3821 180.2
3822 180.25
3823 180.25
3824 180.25
3825 180.25
3826 180.25
3827 180.25
3828 180.25
3829 180.25
3830 180.25
3831 180.35
3832 180.4
3833 180.4
3834 180.4
3835 180.4
3836 180.4
3837 180.4
3838 180.4
3839 180.4
3840 180.4
3841 180.4
3842 180.4
3843 180.45
3844 180.45
3845 180.5
3846 180.5
3847 180.6
3848 180.6
3849 180.6
3850 180.6
3851 180.6
3852 180.6
3853 180.6
3854 180.6
3855 180.65
3856 180.65
3857 180.7
3858 180.7
3859 180.7
3860 180.7
3861 180.7
3862 180.75
3863 180.8
3864 180.8
3865 180.8
3866 180.85
3867 180.85
3868 180.85
3869 180.85
3870 180.9
3871 180.9
3872 180.9
3873 180.9
3874 180.95
3875 180.95
3876 181.0
3877 181.0
3878 181.0
3879 181.0
3880 181.0
3881 181.0
3882 181.0
3883 181.0
3884 181.0
3885 181.0
3886 181.05
3887 181.1
3888 181.1
3889 181.1
3890 181.1
3891 181.1
3892 181.1
3893 181.1
3894 181.1
3895 181.1
3896 181.1
3897 181.1
3898 181.1
3899 181.15
3900 181.15
3901 181.15
3902 181.15
3903 181.15
3904 181.15
3905 181.15
3906 181.25
3907 181.3
3908 181.3
3909 181.3
3910 181.3
3911 181.3
3912 181.3
3913 181.35
3914 181.35
3915 181.35
3916 181.35
3917 181.4
3918 181.45
3919 181.5
3920 181.5
3921 181.5
3922 181.55
3923 181.55
3924 181.55
3925 181.55
3926 181.55
3927 181.55
3928 181.6
3929 181.65
3930 181.65
3931 181.65
3932 181.7
3933 181.7
3934 181.75
3935 181.75
3936 181.75
3937 181.75
3938 181.75
3939 181.85
3940 181.9
3941 181.9
3942 181.9
3943 181.95
3944 181.95
3945 181.95
3946 181.95
3947 182.0
3948 182.0
3949 182.0
3950 182.0
3951 182.0
3952 182.0
3953 182.05
3954 182.05
3955 182.05
3956 182.05
3957 182.1
3958 182.1
3959 182.15
3960 182.15
3961 182.15
3962 182.2
3963 182.2
3964 182.25
3965 182.25
3966 182.25
3967 182.35
3968 182.35
3969 182.35
3970 182.35
3971 182.35
3972 182.4
3973 182.4
3974 182.4
3975 182.4
3976 182.4
3977 182.4
3978 182.45
3979 182.45
3980 182.45
3981 182.45
3982 182.45
3983 182.45
3984 182.45
3985 182.45
3986 182.55
3987 182.55
3988 182.55
3989 182.55
3990 182.55
3991 182.55
3992 182.55
3993 182.55
3994 182.55
3995 182.55
3996 182.55
3997 182.6
3998 182.6
3999 182.6
4000 182.6
4001 182.6
4002 182.65
4003 182.65
4004 182.65
4005 182.65
4006 182.65
4007 182.65
4008 182.65
4009 182.7
4010 182.7
4011 182.7
4012 182.7
4013 182.7
4014 182.7
4015 182.7
4016 182.7
4017 182.7
4018 182.7
4019 182.7
4020 182.7
4021 182.7
4022 182.7
4023 182.7
4024 182.7
4025 182.7
4026 182.7
4027 182.7
4028 182.75
4029 182.75
4030 182.75
4031 182.8
4032 182.8
4033 182.8
4034 182.8
4035 182.8
4036 182.8
4037 182.8
4038 182.8
4039 182.9
4040 182.9
4041 182.9
4042 182.9
4043 182.95
4044 182.95
4045 183.0
4046 183.0
4047 183.05
4048 183.05
4049 183.05
4050 183.05
4051 183.05
4052 183.15
4053 183.2
4054 183.2
4055 183.2
4056 183.2
4057 183.2
4058 183.2
4059 183.2
4060 183.2
4061 183.2
4062 183.2
4063 183.2
4064 183.25
4065 183.25
4066 183.25
4067 183.25
4068 183.25
4069 183.25
4070 183.25
4071 183.25
4072 183.25
4073 183.25
4074 183.25
4075 183.25
4076 183.25
4077 183.25
4078 183.25
4079 183.3
4080 183.3
4081 183.3
4082 183.35
4083 183.35
4084 183.4
4085 183.4
4086 183.4
4087 183.4
4088 183.4
4089 183.4
4090 183.45
4091 183.45
4092 183.45
4093 183.45
4094 183.45
4095 183.45
4096 183.55
4097 183.55
4098 183.55
4099 183.55
4100 183.55
4101 183.6
4102 183.65
4103 183.65
4104 183.65
4105 183.65
4106 183.7
4107 183.7
4108 183.75
4109 183.75
4110 183.85
4111 183.85
4112 183.85
4113 183.9
4114 183.9
4115 183.9
4116 183.9
4117 183.9
4118 183.9
4119 183.9
4120 183.9
4121 183.9
4122 183.9
4123 183.9
4124 183.9
4125 183.9
4126 183.95
4127 184.0
4128 184.0
4129 184.0
4130 184.0
4131 184.05
4132 184.05
4133 184.05
4134 184.15
4135 184.25
4136 184.25
4137 184.25
4138 184.3
4139 184.35
4140 184.35
4141 184.35
4142 184.35
4143 184.35
4144 184.4
4145 184.45
4146 184.45
4147 184.45
4148 184.45
4149 184.45
4150 184.45
4151 184.45
4152 184.45
4153 184.45
4154 184.45
4155 184.45
4156 184.45
4157 184.45
4158 184.45
4159 184.45
4160 184.45
4161 184.5
4162 184.55
4163 184.55
4164 184.55
4165 184.55
4166 184.55
4167 184.55
4168 184.55
4169 184.55
4170 184.55
4171 184.55
4172 184.55
4173 184.55
4174 184.6
4175 184.6
4176 184.6
4177 184.6
4178 184.6
4179 184.65
4180 184.65
4181 184.7
4182 184.7
4183 184.7
4184 184.7
4185 184.7
4186 184.7
4187 184.7
4188 184.75
4189 184.85
4190 184.85
4191 184.85
4192 184.85
4193 184.85
4194 184.85
4195 184.9
4196 184.95
4197 184.95
4198 184.95
4199 185.0
4200 185.0
4201 185.0
4202 185.0
4203 185.0
4204 185.0
4205 185.0
4206 185.0
4207 185.0
4208 185.0
4209 185.0
4210 185.0
4211 185.15
4212 185.2
4213 185.2
4214 185.2
4215 185.2
4216 185.2
4217 185.2
4218 185.2
4219 185.2
4220 185.2
4221 185.2
4222 185.2
4223 185.25
4224 185.25
4225 185.25
4226 185.25
4227 185.25
4228 185.3
4229 185.3
4230 185.3
4231 185.3
4232 185.3
4233 185.3
4234 185.3
4235 185.3
4236 185.3
4237 185.35
4238 185.4
4239 185.4
4240 185.4
4241 185.4
4242 185.4
4243 185.5
4244 185.55
4245 185.55
4246 185.55
4247 185.55
4248 185.55
4249 185.55
4250 185.55
4251 185.55
4252 185.55
4253 185.55
4254 185.55
4255 185.55
4256 185.55
4257 185.55
4258 185.55
4259 185.6
4260 185.6
4261 185.6
4262 185.65
4263 185.65
4264 185.75
4265 185.75
4266 185.8
4267 185.8
4268 185.8
4269 185.8
4270 185.85
4271 185.85
4272 185.9
4273 185.9
4274 185.9
4275 185.9
4276 185.9
4277 185.9
4278 185.9
4279 185.9
4280 185.9
4281 185.9
4282 185.9
4283 185.9
4284 185.95
4285 185.95
4286 185.95
4287 185.95
4288 185.95
4289 185.95
4290 185.95
4291 185.95
4292 185.95
4293 185.95
4294 185.95
4295 185.95
4296 185.95
4297 185.95
4298 185.95
4299 186.0
4300 186.0
4301 186.0
4302 186.0
4303 186.0
4304 186.0
4305 186.0
4306 186.0
4307 186.0
4308 186.0
4309 186.0
4310 186.0
4311 186.05
4312 186.1
4313 186.15
4314 186.15
4315 186.15
4316 186.15
4317 186.15
4318 186.15
4319 186.15
4320 186.15
4321 186.15
4322 186.15
4323 186.2
4324 186.2
4325 186.25
4326 186.25
4327 186.25
4328 186.25
4329 186.25
4330 186.25
4331 186.25
4332 186.25
4333 186.3
4334 186.3
4335 186.3
4336 186.35
4337 186.35
4338 186.35
4339 186.35
4340 186.35
4341 186.4
4342 186.45
4343 186.45
4344 186.5
4345 186.5
4346 186.5
4347 186.5
4348 186.5
4349 186.5
4350 186.5
4351 186.5
4352 186.5
4353 186.5
4354 186.5
4355 186.55
4356 186.6
4357 186.6
4358 186.6
4359 186.6
4360 186.65
4361 186.65
4362 186.65
4363 186.65
4364 186.65
4365 186.65
4366 186.65
4367 186.7
4368 186.7
4369 186.7
4370 186.7
4371 186.7
4372 186.7
4373 186.7
4374 186.7
4375 186.7
4376 186.7
4377 186.7
4378 186.75
4379 186.75
4380 186.75
4381 186.8
4382 186.8
4383 186.8
4384 186.8
4385 186.8
4386 186.85
4387 186.85
4388 186.9
4389 186.9
4390 186.9
4391 186.95
4392 186.95
4393 186.95
4394 187.0
4395 187.0
4396 187.0
4397 187.05
4398 187.05
4399 187.05
4400 187.05
4401 187.05
4402 187.05
4403 187.05
4404 187.05
4405 187.05
4406 187.05
4407 187.05
4408 187.05
4409 187.05
4410 187.05
4411 187.05
4412 187.1
4413 187.15
4414 187.15
4415 187.15
4416 187.15
4417 187.15
4418 187.15
4419 187.15
4420 187.15
4421 187.15
4422 187.15
4423 187.15
4424 187.15
4425 187.2
4426 187.2
4427 187.2
4428 187.25
4429 187.25
4430 187.25
4431 187.25
4432 187.25
4433 187.25
4434 187.3
4435 187.3
4436 187.3
4437 187.3
4438 187.3
4439 187.3
4440 187.3
4441 187.3
4442 187.3
4443 187.3
4444 187.3
4445 187.35
4446 187.4
4447 187.45
4448 187.45
4449 187.45
4450 187.45
4451 187.45
4452 187.45
4453 187.45
4454 187.45
4455 187.55
4456 187.55
4457 187.6
4458 187.6
4459 187.6
4460 187.6
4461 187.6
4462 187.6
4463 187.6
4464 187.65
4465 187.65
4466 187.65
4467 187.65
4468 187.65
4469 187.65
4470 187.65
4471 187.65
4472 187.65
4473 187.65
4474 187.65
4475 187.65
4476 187.65
4477 187.65
4478 187.65
4479 187.7
4480 187.7
4481 187.7
4482 187.7
4483 187.7
4484 187.7
4485 187.7
4486 187.7
4487 187.7
4488 187.75
4489 187.8
4490 187.8
4491 187.85
4492 187.9
4493 187.9
4494 187.9
4495 187.9
4496 187.9
4497 187.9
4498 187.9
4499 187.9
4500 187.9
4501 187.95
4502 187.95
4503 187.95
4504 187.95
4505 187.95
4506 188.0
4507 188.0
4508 188.0
4509 188.05
4510 188.05
4511 188.05
4512 188.05
4513 188.05
4514 188.05
4515 188.05
4516 188.05
4517 188.05
4518 188.05
4519 188.05
4520 188.05
4521 188.1
4522 188.1
4523 188.1
4524 188.1
4525 188.1
4526 188.1
4527 188.1
4528 188.1
4529 188.15
4530 188.15
4531 188.15
4532 188.15
4533 188.15
4534 188.15
4535 188.15
4536 188.2
4537 188.2
4538 188.25
4539 188.25
4540 188.25
4541 188.25
4542 188.25
4543 188.25
4544 188.25
4545 188.25
4546 188.25
4547 188.25
4548 188.25
4549 188.25
4550 188.25
4551 188.25
4552 188.25
4553 188.25
4554 188.25
4555 188.25
4556 188.25
4557 188.25
4558 188.25
4559 188.25
4560 188.25
4561 188.3
4562 188.3
4563 188.3
4564 188.3
4565 188.3
4566 188.3
4567 188.3
4568 188.3
4569 188.3
4570 188.3
4571 188.3
4572 188.3
4573 188.3
4574 188.3
4575 188.3
4576 188.3
4577 188.3
4578 188.3
4579 188.3
4580 188.3
4581 188.3
4582 188.3
4583 188.3
4584 188.3
4585 188.3
4586 188.3
4587 188.3
4588 188.3
4589 188.3
4590 188.3
4591 188.3
4592 188.3
4593 188.35
4594 188.35
4595 188.35
4596 188.4
4597 188.4
4598 188.4
4599 188.5
4600 188.5
4601 188.6
4602 188.6
4603 188.65
4604 188.65
4605 188.65
4606 188.65
4607 188.65
4608 188.7
4609 188.7
4610 188.7
4611 188.7
4612 188.7
4613 188.7
4614 188.7
4615 188.7
4616 188.7
4617 188.7
4618 188.7
4619 188.7
4620 188.75
4621 188.75
4622 188.75
4623 188.8
4624 188.8
4625 188.8
4626 188.8
4627 188.8
4628 188.8
4629 188.8
4630 188.8
4631 188.8
4632 188.8
4633 188.8
4634 188.9
4635 188.9
4636 188.9
4637 188.9
4638 189.0
4639 189.0
4640 189.05
4641 189.05
4642 189.05
4643 189.1
4644 189.1
4645 189.1
4646 189.15
4647 189.15
4648 189.15
4649 189.15
4650 189.15
4651 189.15
4652 189.15
4653 189.15
4654 189.15
4655 189.15
4656 189.15
4657 189.15
4658 189.15
4659 189.15
4660 189.15
4661 189.2
4662 189.2
4663 189.2
4664 189.2
4665 189.2
4666 189.2
4667 189.2
4668 189.2
4669 189.2
4670 189.2
4671 189.2
4672 189.25
4673 189.25
4674 189.3
4675 189.3
4676 189.3
4677 189.35
4678 189.35
4679 189.35
4680 189.35
4681 189.4
4682 189.4
4683 189.4
4684 189.4
4685 189.4
4686 189.4
4687 189.4
4688 189.4
4689 189.4
4690 189.4
4691 189.4
4692 189.4
4693 189.4
4694 189.4
4695 189.4
4696 189.4
4697 189.45
4698 189.45
4699 189.45
4700 189.45
4701 189.45
4702 189.45
4703 189.45
4704 189.5
4705 189.5
4706 189.55
4707 189.55
4708 189.55
4709 189.55
4710 189.6
4711 189.6
4712 189.6
4713 189.6
4714 189.6
4715 189.6
4716 189.6
4717 189.65
4718 189.65
4719 189.65
4720 189.65
4721 189.65
4722 189.65
4723 189.65
4724 189.7
4725 189.7
4726 189.7
4727 189.7
4728 189.7
4729 189.7
4730 189.7
4731 189.7
4732 189.7
4733 189.7
4734 189.7
4735 189.7
4736 189.7
4737 189.7
4738 189.7
4739 189.7
4740 189.7
4741 189.7
4742 189.7
4743 189.7
4744 189.7
4745 189.7
4746 189.7
4747 189.7
4748 189.7
4749 189.7
4750 189.7
4751 189.7
4752 189.7
4753 189.7
4754 189.75
4755 189.75
4756 189.75
4757 189.75
4758 189.75
4759 189.75
4760 189.75
4761 189.75
4762 189.75
4763 189.75
4764 189.75
4765 189.75
4766 189.75
4767 189.75
4768 189.8
4769 189.8
4770 189.8
4771 189.8
4772 189.8
4773 189.8
4774 189.8
4775 189.8
4776 189.8
4777 189.8
4778 189.8
4779 189.8
4780 189.8
4781 189.85
4782 189.85
4783 189.85
4784 189.85
4785 189.85
4786 189.85
4787 189.85
4788 189.9
4789 189.9
4790 189.9
4791 189.9
4792 189.9
4793 189.9
4794 189.9
4795 189.9
4796 189.9
4797 189.95
4798 190.0
4799 190.05
4800 190.05
4801 190.05
4802 190.05
4803 190.1
4804 190.1
4805 190.1
4806 190.1
4807 190.1
4808 190.1
4809 190.1
4810 190.1
4811 190.1
4812 190.1
4813 190.15
4814 190.2
4815 190.2
4816 190.2
4817 190.2
4818 190.2
4819 190.2
4820 190.2
4821 190.2
4822 190.2
4823 190.2
4824 190.2
4825 190.2
4826 190.2
4827 190.25
4828 190.25
4829 190.3
4830 190.35
4831 190.35
4832 190.35
4833 190.35
4834 190.35
4835 190.35
4836 190.35
4837 190.35
4838 190.35
4839 190.35
4840 190.35
4841 190.35
4842 190.35
4843 190.35
4844 190.35
4845 190.35
4846 190.35
4847 190.35
4848 190.35
4849 190.35
4850 190.35
4851 190.35
4852 190.35
4853 190.35
4854 190.35
4855 190.35
4856 190.35
4857 190.35
4858 190.35
4859 190.35
4860 190.35
4861 190.4
4862 190.45
4863 190.45
4864 190.45
4865 190.5
4866 190.5
4867 190.5
4868 190.5
4869 190.5
4870 190.5
4871 190.5
4872 190.5
4873 190.5
4874 190.5
4875 190.5
4876 190.5
4877 190.5
4878 190.5
4879 190.5
4880 190.5
4881 190.5
4882 190.5
4883 190.55
4884 190.55
4885 190.55
4886 190.6
4887 190.6
4888 190.65
4889 190.65
4890 190.65
4891 190.65
4892 190.65
4893 190.65
4894 190.65
4895 190.65
4896 190.65
4897 190.65
4898 190.65
4899 190.65
4900 190.7
4901 190.7
4902 190.75
4903 190.75
4904 190.75
4905 190.75
4906 190.75
4907 190.8
4908 190.8
4909 190.8
4910 190.8
4911 190.8
4912 190.8
4913 190.8
4914 190.8
4915 190.85
4916 190.85
4917 190.85
4918 190.9
4919 190.9
4920 190.9
4921 190.9
4922 190.9
4923 190.9
4924 190.9
4925 190.9
4926 190.95
4927 190.95
4928 190.95
4929 190.95
4930 190.95
4931 191.0
4932 191.05
4933 191.05
4934 191.05
4935 191.05
4936 191.05
4937 191.05
4938 191.05
4939 191.05
4940 191.05
4941 191.05
4942 191.05
4943 191.05
4944 191.1
4945 191.1
4946 191.1
4947 191.1
4948 191.15
4949 191.15
4950 191.15
4951 191.15
4952 191.15
4953 191.2
4954 191.2
4955 191.2
4956 191.2
4957 191.2
4958 191.2
4959 191.2
4960 191.2
4961 191.2
4962 191.2
4963 191.25
4964 191.25
4965 191.25
4966 191.25
4967 191.25
4968 191.25
4969 191.25
4970 191.25
4971 191.25
4972 191.25
4973 191.25
4974 191.25
4975 191.25
4976 191.25
4977 191.25
4978 191.25
4979 191.25
4980 191.25
4981 191.25
4982 191.25
4983 191.25
4984 191.25
4985 191.25
4986 191.25
4987 191.3
4988 191.3
4989 191.3
4990 191.3
4991 191.3
4992 191.3
4993 191.3
4994 191.3
4995 191.3
4996 191.3
4997 191.3
4998 191.3
4999 191.3
5000 191.35
5001 191.35
5002 191.35
5003 191.35
5004 191.35
5005 191.35
5006 191.45
5007 191.45
5008 191.45
5009 191.5
5010 191.5
5011 191.5
5012 191.5
5013 191.5
5014 191.5
5015 191.5
5016 191.55
5017 191.55
5018 191.55
5019 191.55
5020 191.55
5021 191.55
5022 191.55
5023 191.55
5024 191.55
5025 191.55
5026 191.55
5027 191.55
5028 191.55
5029 191.55
5030 191.55
5031 191.55
5032 191.55
5033 191.55
5034 191.55
5035 191.55
5036 191.55
5037 191.55
5038 191.55
5039 191.55
5040 191.55
5041 191.6
5042 191.6
5043 191.6
5044 191.6
5045 191.6
5046 191.6
5047 191.6
5048 191.65
5049 191.65
5050 191.65
5051 191.65
5052 191.65
5053 191.65
5054 191.65
5055 191.7
5056 191.7
5057 191.7
5058 191.7
5059 191.7
5060 191.7
5061 191.7
5062 191.75
5063 191.8
5064 191.8
5065 191.8
5066 191.8
5067 191.8
5068 191.8
5069 191.8
5070 191.8
5071 191.8
5072 191.8
5073 191.8
5074 191.8
5075 191.8
5076 191.8
5077 191.8
5078 191.8
5079 191.85
5080 191.85
5081 191.85
5082 191.85
5083 191.85
5084 191.85
5085 191.85
5086 191.85
5087 191.85
5088 191.85
5089 191.85
5090 191.85
5091 191.85
5092 191.85
5093 191.85
5094 191.9
5095 191.9
5096 191.9
5097 191.9
5098 191.9
5099 192.0
5100 192.0
5101 192.0
5102 192.0
5103 192.0
5104 192.0
5105 192.0
5106 192.0
5107 192.0
5108 192.0
5109 192.0
5110 192.0
5111 192.05
5112 192.05
5113 192.05
5114 192.05
5115 192.05
5116 192.05
5117 192.05
5118 192.05
5119 192.1
5120 192.1
5121 192.1
5122 192.1
5123 192.1
5124 192.1
5125 192.1
5126 192.1
5127 192.2
5128 192.2
5129 192.2
5130 192.2
5131 192.2
5132 192.2
5133 192.2
5134 192.2
5135 192.2
5136 192.2
5137 192.2
5138 192.2
5139 192.2
5140 192.2
5141 192.2
5142 192.2
5143 192.2
5144 192.2
5145 192.2
5146 192.2
5147 192.2
5148 192.2
5149 192.2
5150 192.2
5151 192.2
5152 192.25
5153 192.25
5154 192.25
5155 192.25
5156 192.25
5157 192.25
5158 192.25
5159 192.25
5160 192.25
5161 192.25
5162 192.25
5163 192.25
5164 192.25
5165 192.25
5166 192.25
5167 192.25
5168 192.25
5169 192.25
5170 192.25
5171 192.25
5172 192.25
5173 192.3
5174 192.3
5175 192.3
5176 192.3
5177 192.3
5178 192.3
5179 192.3
5180 192.3
5181 192.3
5182 192.3
5183 192.3
5184 192.35
5185 192.35
5186 192.35
5187 192.35
5188 192.4
5189 192.4
5190 192.45
5191 192.45
5192 192.45
5193 192.45
5194 192.45
5195 192.45
5196 192.45
5197 192.45
5198 192.45
5199 192.45
5200 192.45
5201 192.45
5202 192.45
5203 192.45
5204 192.45
5205 192.45
5206 192.45
5207 192.45
5208 192.45
5209 192.5
5210 192.5
5211 192.55
5212 192.6
5213 192.65
5214 192.65
5215 192.65
5216 192.65
5217 192.65
5218 192.65
5219 192.65
5220 192.65
5221 192.65
5222 192.65
5223 192.65
5224 192.65
5225 192.65
5226 192.65
5227 192.65
5228 192.65
5229 192.65
5230 192.65
5231 192.65
5232 192.65
5233 192.7
5234 192.7
5235 192.7
5236 192.75
5237 192.75
5238 192.75
5239 192.75
5240 192.75
5241 192.75
5242 192.8
5243 192.8
5244 192.8
5245 192.8
5246 192.8
5247 192.8
5248 192.8
5249 192.8
5250 192.8
5251 192.8
5252 192.8
5253 192.8
5254 192.85
5255 192.85
5256 192.85
5257 192.85
5258 192.85
5259 192.85
5260 192.85
5261 192.85
5262 192.85
5263 192.85
5264 192.85
5265 192.85
5266 192.85
5267 192.85
5268 192.85
5269 192.85
5270 192.85
5271 192.85
5272 192.85
5273 192.85
5274 192.85
5275 192.85
5276 192.85
5277 192.85
5278 192.85
5279 192.85
5280 192.85
5281 192.85
5282 192.85
5283 192.85
5284 192.85
5285 192.85
5286 192.85
5287 192.85
5288 192.85
5289 192.85
5290 192.85
5291 192.85
5292 192.85
5293 192.85
5294 192.85
5295 192.85
5296 192.85
5297 192.85
5298 192.85
5299 192.85
5300 192.85
5301 192.85
5302 192.85
5303 192.85
5304 192.95
5305 192.95
5306 192.95
5307 193.05
5308 193.05
5309 193.05
5310 193.05
5311 193.05
5312 193.05
5313 193.05
5314 193.05
5315 193.05
5316 193.05
5317 193.05
5318 193.05
5319 193.05
5320 193.05
5321 193.05
5322 193.1
5323 193.1
5324 193.1
5325 193.1
5326 193.15
5327 193.15
5328 193.15
5329 193.15
5330 193.15
5331 193.2
5332 193.2
5333 193.2
5334 193.2
5335 193.2
5336 193.2
5337 193.2
5338 193.2
5339 193.2
5340 193.2
5341 193.2
5342 193.2
5343 193.2
5344 193.2
5345 193.2
5346 193.2
5347 193.2
5348 193.2
5349 193.2
5350 193.2
5351 193.2
5352 193.2
5353 193.2
5354 193.25
5355 193.25
5356 193.25
5357 193.25
5358 193.25
5359 193.25
5360 193.3
5361 193.3
5362 193.3
5363 193.3
5364 193.3
5365 193.3
5366 193.3
5367 193.3
5368 193.35
5369 193.35
5370 193.35
5371 193.35
5372 193.35
5373 193.35
5374 193.35
5375 193.35
5376 193.4
5377 193.4
5378 193.4
5379 193.4
5380 193.4
5381 193.4
5382 193.4
5383 193.4
5384 193.4
5385 193.4
5386 193.45
5387 193.45
5388 193.5
5389 193.5
5390 193.5
5391 193.5
5392 193.5
5393 193.5
5394 193.5
5395 193.5
5396 193.5
5397 193.5
5398 193.5
5399 193.5
5400 193.5
5401 193.5
5402 193.5
5403 193.5
5404 193.5
5405 193.5
5406 193.5
5407 193.5
5408 193.5
5409 193.5
5410 193.5
5411 193.5
5412 193.5
5413 193.5
5414 193.5
5415 193.5
5416 193.55
5417 193.55
5418 193.55
5419 193.55
5420 193.55
5421 193.55
5422 193.55
5423 193.55
5424 193.55
5425 193.55
5426 193.55
5427 193.55
5428 193.6
5429 193.6
5430 193.6
5431 193.6
5432 193.6
5433 193.7
5434 193.7
5435 193.7
5436 193.75
5437 193.75
5438 193.75
5439 193.75
5440 193.8
5441 193.8
5442 193.8
5443 193.8
5444 193.8
5445 193.8
5446 193.8
5447 193.8
5448 193.8
5449 193.8
5450 193.8
5451 193.8
5452 193.8
5453 193.8
5454 193.8
5455 193.8
5456 193.8
5457 193.8
5458 193.8
5459 193.8
5460 193.8
5461 193.8
5462 193.8
5463 193.8
5464 193.8
5465 193.8
5466 193.8
5467 193.8
5468 193.8
5469 193.8
5470 193.85
5471 193.85
5472 193.85
5473 193.85
5474 193.85
5475 193.85
5476 193.85
5477 193.85
5478 193.85
5479 193.85
5480 193.85
5481 193.85
5482 193.85
5483 193.85
5484 193.85
5485 193.85
5486 193.85
5487 193.85
5488 193.85
5489 193.85
5490 193.85
5491 193.85
5492 193.85
5493 193.9
5494 193.9
5495 193.9
5496 193.9
5497 193.9
5498 193.9
5499 193.9
5500 193.9
5501 193.9
5502 193.95
5503 193.95
5504 193.95
5505 194.0
5506 194.0
5507 194.0
5508 194.0
5509 194.0
5510 194.0
5511 194.0
5512 194.0
5513 194.0
5514 194.0
5515 194.0
5516 194.0
5517 194.0
5518 194.0
5519 194.0
5520 194.0
5521 194.0
5522 194.0
5523 194.0
5524 194.0
5525 194.0
5526 194.0
5527 194.0
5528 194.0
5529 194.0
5530 194.0
5531 194.0
5532 194.0
5533 194.0
5534 194.0
5535 194.0
5536 194.0
5537 194.0
5538 194.0
5539 194.0
5540 194.0
5541 194.0
5542 194.0
5543 194.0
5544 194.0
5545 194.0
5546 194.0
5547 194.0
5548 194.0
5549 194.0
5550 194.0
5551 194.0
5552 194.0
5553 194.0
5554 194.0
5555 194.0
5556 194.05
5557 194.05
5558 194.05
5559 194.05
5560 194.05
5561 194.05
5562 194.05
5563 194.05
5564 194.05
5565 194.1
5566 194.1
5567 194.1
5568 194.1
5569 194.1
5570 194.1
5571 194.1
5572 194.1
5573 194.1
5574 194.1
5575 194.1
5576 194.1
5577 194.1
5578 194.15
5579 194.15
5580 194.15
5581 194.15
5582 194.15
5583 194.15
5584 194.15
5585 194.15
5586 194.15
5587 194.15
5588 194.15
5589 194.15
5590 194.15
5591 194.15
5592 194.15
5593 194.15
5594 194.15
5595 194.15
5596 194.15
5597 194.15
5598 194.15
5599 194.15
5600 194.15
5601 194.15
5602 194.2
5603 194.2
5604 194.2
5605 194.2
5606 194.2
5607 194.2
5608 194.2
5609 194.2
5610 194.2
5611 194.2
5612 194.2
5613 194.2
5614 194.2
5615 194.2
5616 194.2
5617 194.25
5618 194.25
5619 194.25
5620 194.25
5621 194.25
5622 194.25
5623 194.25
5624 194.25
5625 194.25
5626 194.3
5627 194.3
5628 194.3
5629 194.3
5630 194.3
5631 194.3
5632 194.3
5633 194.3
5634 194.35
5635 194.35
5636 194.35
5637 194.35
5638 194.35
5639 194.35
5640 194.35
5641 194.35
5642 194.4
5643 194.4
5644 194.4
5645 194.4
5646 194.4
5647 194.4
5648 194.4
5649 194.4
5650 194.4
5651 194.4
5652 194.4
5653 194.45
5654 194.5
5655 194.5
5656 194.5
5657 194.5
5658 194.55
5659 194.55
5660 194.55
5661 194.55
5662 194.55
5663 194.55
5664 194.55
5665 194.55
5666 194.55
5667 194.55
5668 194.55
5669 194.55
5670 194.55
5671 194.55
5672 194.55
5673 194.55
5674 194.55
5675 194.55
5676 194.55
5677 194.55
5678 194.55
5679 194.55
5680 194.55
5681 194.55
5682 194.55
5683 194.55
5684 194.55
5685 194.55
5686 194.55
5687 194.55
5688 194.55
5689 194.55
5690 194.55
5691 194.55
5692 194.55
5693 194.55
5694 194.55
5695 194.55
5696 194.55
5697 194.55
5698 194.55
5699 194.55
5700 194.55
5701 194.55
5702 194.55
5703 194.6
5704 194.6
5705 194.6
5706 194.6
5707 194.6
5708 194.6
5709 194.6
5710 194.65
5711 194.65
5712 194.65
5713 194.65
5714 194.65
5715 194.65
5716 194.65
5717 194.65
5718 194.65
5719 194.65
5720 194.65
5721 194.65
5722 194.65
5723 194.65
5724 194.65
5725 194.65
5726 194.65
5727 194.65
5728 194.65
5729 194.65
5730 194.65
5731 194.65
5732 194.65
5733 194.65
5734 194.65
5735 194.65
5736 194.65
5737 194.65
5738 194.7
5739 194.7
5740 194.7
5741 194.7
5742 194.7
5743 194.7
5744 194.75
5745 194.75
5746 194.75
5747 194.75
5748 194.75
5749 194.75
5750 194.75
5751 194.75
5752 194.75
5753 194.75
5754 194.75
5755 194.75
5756 194.75
5757 194.75
5758 194.75
5759 194.75
5760 194.75
5761 194.75
5762 194.75
5763 194.75
5764 194.75
5765 194.8
5766 194.8
5767 194.85
5768 194.85
5769 194.85
5770 194.85
5771 194.85
5772 194.85
5773 194.85
5774 194.85
5775 194.85
5776 194.85
5777 194.85
5778 194.85
5779 194.9
5780 194.9
5781 194.9
5782 194.9
5783 194.9
5784 194.9
5785 194.9
5786 194.9
5787 194.9
5788 194.9
5789 194.9
5790 194.9
5791 194.9
5792 194.9
5793 194.9
5794 194.9
5795 194.9
5796 194.9
5797 194.9
5798 194.9
5799 194.9
5800 194.9
5801 194.9
5802 194.9
5803 194.9
5804 194.9
5805 194.9
5806 194.9
5807 194.9
5808 194.9
5809 194.9
5810 194.9
5811 194.95
5812 194.95
5813 194.95
5814 194.95
5815 194.95
5816 194.95
5817 194.95
5818 194.95
5819 194.95
5820 194.95
5821 194.95
5822 194.95
5823 194.95
5824 194.95
5825 194.95
5826 194.95
5827 194.95
5828 194.95
5829 194.95
5830 194.95
5831 194.95
5832 195.0
5833 195.0
5834 195.0
5835 195.0
5836 195.0
5837 195.0
5838 195.0
5839 195.0
5840 195.0
5841 195.0
5842 195.0
5843 195.0
5844 195.0
5845 195.0
5846 195.0
5847 195.0
5848 195.05
5849 195.1
5850 195.1
5851 195.1
5852 195.1
5853 195.1
5854 195.1
5855 195.1
5856 195.15
5857 195.15
5858 195.15
5859 195.15
5860 195.15
5861 195.15
5862 195.15
5863 195.15
5864 195.15
5865 195.15
5866 195.15
5867 195.2
5868 195.2
5869 195.2
5870 195.25
5871 195.25
5872 195.25
5873 195.25
5874 195.25
5875 195.25
5876 195.25
5877 195.25
5878 195.25
5879 195.25
5880 195.25
5881 195.3
5882 195.3
5883 195.3
5884 195.3
5885 195.3
5886 195.3
5887 195.35
5888 195.35
5889 195.35
5890 195.35
5891 195.35
5892 195.35
5893 195.35
5894 195.35
5895 195.35
5896 195.35
5897 195.35
5898 195.35
5899 195.35
5900 195.35
5901 195.35
5902 195.35
5903 195.35
5904 195.4
5905 195.45
5906 195.45
5907 195.45
5908 195.45
5909 195.45
5910 195.45
5911 195.45
5912 195.45
5913 195.45
5914 195.45
5915 195.45
5916 195.45
5917 195.45
5918 195.45
5919 195.45
5920 195.45
5921 195.45
5922 195.45
5923 195.45
5924 195.45
5925 195.45
5926 195.45
5927 195.45
5928 195.45
5929 195.45
5930 195.45
5931 195.45
5932 195.5
5933 195.5
5934 195.5
5935 195.5
5936 195.5
5937 195.5
5938 195.5
5939 195.5
5940 195.5
5941 195.5
5942 195.5
5943 195.5
5944 195.5
5945 195.5
5946 195.5
5947 195.55
5948 195.55
5949 195.55
5950 195.55
5951 195.55
5952 195.55
5953 195.55
5954 195.55
5955 195.55
5956 195.55
5957 195.55
5958 195.55
5959 195.55
5960 195.6
5961 195.6
5962 195.6
5963 195.6
5964 195.6
5965 195.6
5966 195.6
5967 195.6
5968 195.6
5969 195.6
5970 195.6
5971 195.6
5972 195.6
5973 195.6
5974 195.6
5975 195.6
5976 195.6
5977 195.6
5978 195.6
5979 195.65
5980 195.65
5981 195.65
5982 195.65
5983 195.7
5984 195.7
5985 195.7
5986 195.7
5987 195.7
5988 195.7
5989 195.7
5990 195.7
5991 195.7
5992 195.75
5993 195.75
5994 195.75
5995 195.75
5996 195.75
5997 195.75
5998 195.75
5999 195.75
