#iterations fitness
0 0.0
1 3.0
2 3.3
3 3.6
4 4.2
5 5.15
6 5.6
7 6.2
8 6.65
9 6.85
10 7.3
11 7.8
12 8.55
13 8.85
14 8.85
15 8.9
16 9.15
17 9.95
18 10.2
19 10.55
20 10.9
21 11.6
22 12.35
23 12.6
24 12.65
25 13.1
26 13.5
27 13.6
28 13.9
29 14.5
30 14.7
31 14.95
32 14.95
33 15.2
34 15.7
35 16.0
36 16.3
37 16.8
38 17.05
39 17.25
40 17.65
41 18.05
42 18.35
43 18.4
44 18.75
45 18.8
46 19.0
47 19.25
48 19.6
49 19.8
50 20.25
51 20.75
52 20.9
53 21.4
54 21.7
55 22.05
56 22.05
57 22.1
58 22.5
59 22.75
60 23.05
61 23.5
62 23.8
63 23.95
64 24.25
65 24.55
66 25.0
67 25.3
68 25.65
69 25.95
70 26.0
71 26.15
72 26.4
73 26.65
74 26.8
75 27.05
76 27.45
77 27.8
78 28.05
79 28.15
80 28.45
81 28.6
82 29.0
83 29.15
84 29.4
85 29.65
86 30.0
87 30.15
88 30.45
89 30.45
90 30.75
91 31.35
92 31.95
93 32.15
94 32.4
95 32.8
96 32.85
97 33.1
98 33.15
99 33.35
100 33.75
101 34.1
102 34.1
103 34.15
104 34.35
105 35.0
106 35.5
107 35.85
108 35.9
109 36.05
110 36.15
111 36.4
112 36.55
113 36.8
114 36.8
115 37.2
116 37.55
117 37.65
118 37.9
119 38.05
120 38.45
121 38.65
122 38.75
123 39.15
124 39.2
125 39.5
126 39.7
127 39.95
128 40.2
129 40.45
130 40.85
131 41.1
132 41.15
133 41.55
134 41.8
135 42.0
136 42.15
137 42.35
138 42.8
139 43.2
140 43.6
141 43.8
142 43.85
143 44.1
144 44.45
145 44.5
146 44.65
147 45.15
148 45.45
149 45.65
150 45.8
151 46.05
152 46.1
153 46.4
154 46.95
155 47.25
156 47.4
157 47.55
158 47.7
159 47.75
160 48.15
161 48.3
162 48.55
163 48.6
164 48.75
165 48.75
166 48.75
167 49.05
168 49.2
169 49.2
170 49.35
171 49.45
172 49.45
173 49.5
174 50.0
175 50.25
176 50.45
177 50.65
178 50.9
179 51.15
180 51.15
181 51.5
182 51.6
183 52.05
184 52.4
185 52.8
186 53.05
187 53.1
188 53.35
189 53.65
190 53.8
191 54.0
192 54.5
193 54.55
194 54.7
195 55.1
196 55.3
197 55.4
198 55.55
199 55.8
200 56.1
201 56.1
202 56.2
203 56.55
204 57.0
205 57.1
206 57.25
207 57.45
208 57.85
209 57.9
210 58.2
211 58.45
212 58.7
213 59.3
214 59.55
215 59.75
216 59.9
217 60.05
218 60.55
219 60.65
220 60.65
221 60.8
222 60.95
223 61.15
224 61.35
225 61.65
226 61.75
227 62.4
228 62.8
229 63.35
230 63.4
231 63.55
232 63.55
233 63.55
234 63.55
235 63.55
236 63.6
237 63.7
238 63.75
239 63.95
240 63.95
241 64.3
242 64.35
243 64.6
244 64.7
245 64.75
246 65.0
247 65.0
248 65.25
249 65.55
250 65.75
251 65.95
252 66.25
253 66.35
254 66.4
255 66.45
256 66.75
257 66.95
258 67.45
259 67.55
260 67.65
261 67.75
262 67.9
263 68.15
264 68.6
265 68.65
266 68.85
267 69.1
268 69.15
269 69.25
270 69.6
271 69.65
272 69.75
273 69.95
274 70.1
275 70.4
276 70.65
277 70.75
278 71.05
279 71.1
280 71.25
281 71.25
282 71.55
283 71.6
284 71.7
285 71.85
286 72.0
287 72.2
288 72.4
289 72.55
290 72.75
291 72.8
292 73.15
293 73.5
294 73.5
295 73.8
296 73.8
297 73.95
298 74.15
299 74.2
300 74.35
301 74.35
302 74.5
303 74.6
304 74.85
305 75.0
306 75.3
307 75.65
308 75.65
309 75.75
310 75.9
311 76.05
312 76.1
313 76.4
314 76.6
315 76.85
316 77.05
317 77.05
318 77.1
319 77.3
320 77.3
321 77.35
322 77.4
323 77.55
324 77.8
325 77.85
326 78.15
327 78.15
328 78.25
329 78.25
330 78.5
331 78.9
332 79.05
333 79.2
334 79.25
335 79.35
336 79.45
337 79.6
338 79.8
339 80.0
340 80.05
341 80.2
342 80.3
343 80.45
344 80.8
345 80.95
346 81.05
347 81.1
348 81.1
349 81.2
350 81.35
351 81.5
352 81.85
353 81.9
354 82.2
355 82.25
356 82.55
357 82.7
358 82.75
359 82.75
360 82.9
361 83.1
362 83.2
363 83.35
364 83.65
365 83.8
366 83.95
367 83.95
368 84.15
369 84.25
370 84.5
371 84.6
372 84.7
373 84.7
374 84.85
375 84.95
376 85.05
377 85.3
378 85.4
379 85.55
380 85.55
381 85.55
382 85.7
383 85.7
384 85.9
385 85.95
386 86.0
387 86.15
388 86.15
389 86.3
390 86.4
391 86.55
392 86.55
393 86.6
394 86.85
395 87.05
396 87.3
397 87.35
398 87.45
399 87.5
400 87.65
401 87.9
402 87.9
403 88.25
404 88.25
405 88.4
406 88.4
407 88.55
408 88.55
409 88.75
410 88.95
411 89.1
412 89.55
413 89.6
414 89.75
415 90.0
416 90.25
417 90.6
418 90.6
419 90.6
420 90.9
421 91.0
422 91.1
423 91.2
424 91.55
425 91.65
426 91.75
427 91.75
428 91.75
429 91.85
430 92.2
431 92.45
432 92.65
433 92.8
434 92.8
435 92.95
436 92.95
437 92.95
438 93.3
439 93.4
440 93.55
441 93.6
442 93.75
443 93.9
444 93.95
445 94.05
446 94.25
447 94.25
448 94.25
449 94.3
450 94.45
451 94.45
452 94.55
453 94.55
454 94.55
455 94.75
456 94.75
457 94.8
458 94.9
459 94.95
460 95.0
461 95.2
462 95.2
463 95.35
464 95.5
465 95.55
466 95.55
467 95.55
468 95.65
469 96.0
470 96.05
471 96.25
472 96.45
473 96.45
474 96.65
475 97.05
476 97.1
477 97.1
478 97.15
479 97.35
480 97.35
481 97.4
482 97.4
483 97.5
484 97.9
485 97.95
486 97.95
487 98.2
488 98.2
489 98.2
490 98.3
491 98.35
492 98.6
493 98.7
494 98.7
495 98.75
496 98.9
497 98.9
498 98.9
499 99.05
500 99.1
501 99.15
502 99.2
503 99.25
504 99.35
505 99.45
506 99.75
507 99.9
508 100.0
509 100.0
510 100.05
511 100.05
512 100.25
513 100.55
514 100.75
515 100.9
516 101.1
517 101.2
518 101.35
519 101.7
520 101.75
521 101.8
522 102.05
523 102.05
524 102.05
525 102.2
526 102.25
527 102.45
528 102.6
529 102.85
530 103.0
531 103.0
532 103.0
533 103.2
534 103.2
535 103.3
536 103.35
537 103.35
538 103.55
539 103.6
540 103.6
541 103.75
542 104.35
543 104.45
544 104.6
545 104.65
546 104.65
547 104.7
548 104.8
549 104.9
550 105.0
551 105.25
552 105.25
553 105.25
554 105.4
555 105.4
556 105.4
557 105.6
558 105.75
559 105.95
560 105.95
561 106.0
562 106.15
563 106.35
564 106.5
565 106.55
566 106.6
567 106.7
568 106.85
569 106.85
570 107.0
571 107.05
572 107.1
573 107.1
574 107.3
575 107.4
576 107.45
577 107.65
578 107.95
579 108.15
580 108.3
581 108.35
582 108.4
583 108.4
584 108.45
585 108.65
586 108.75
587 108.75
588 108.85
589 108.85
590 108.9
591 109.05
592 109.15
593 109.35
594 109.45
595 109.5
596 109.6
597 109.65
598 109.8
599 109.9
600 110.1
601 110.1
602 110.15
603 110.25
604 110.25
605 110.5
606 110.5
607 110.6
608 110.7
609 110.75
610 110.8
611 110.8
612 110.8
613 110.8
614 110.8
615 110.95
616 110.95
617 111.1
618 111.15
619 111.2
620 111.4
621 111.4
622 111.5
623 111.65
624 111.65
625 111.65
626 111.8
627 111.8
628 111.8
629 111.9
630 112.0
631 112.2
632 112.2
633 112.2
634 112.3
635 112.3
636 112.5
637 112.5
638 112.7
639 112.8
640 112.85
641 112.95
642 113.0
643 113.15
644 113.3
645 113.5
646 113.55
647 113.6
648 113.75
649 113.9
650 113.9
651 113.95
652 114.0
653 114.05
654 114.1
655 114.25
656 114.3
657 114.3
658 114.45
659 114.65
660 114.7
661 114.75
662 114.75
663 114.8
664 114.8
665 114.8
666 114.85
667 114.95
668 115.0
669 115.05
670 115.25
671 115.3
672 115.3
673 115.3
674 115.3
675 115.3
676 115.4
677 115.45
678 115.5
679 115.55
680 115.7
681 115.7
682 115.7
683 115.75
684 115.75
685 115.8
686 115.95
687 116.1
688 116.2
689 116.5
690 116.5
691 116.5
692 116.5
693 116.55
694 116.7
695 116.75
696 116.85
697 116.95
698 117.2
699 117.35
700 117.5
701 117.5
702 117.7
703 117.7
704 117.7
705 117.7
706 117.7
707 117.95
708 118.1
709 118.35
710 118.4
711 118.45
712 118.5
713 118.5
714 118.6
715 118.7
716 118.75
717 118.8
718 118.8
719 119.0
720 119.0
721 119.0
722 119.1
723 119.1
724 119.25
725 119.4
726 119.4
727 119.4
728 119.5
729 119.65
730 119.8
731 119.8
732 119.8
733 119.95
734 119.95
735 120.05
736 120.1
737 120.1
738 120.15
739 120.3
740 120.4
741 120.45
742 120.45
743 120.45
744 120.45
745 120.55
746 120.55
747 120.65
748 120.65
749 120.85
750 120.85
751 121.1
752 121.3
753 121.4
754 121.5
755 121.55
756 121.65
757 121.75
758 121.85
759 122.05
760 122.05
761 122.2
762 122.2
763 122.2
764 122.3
765 122.4
766 122.55
767 122.55
768 122.55
769 122.6
770 122.65
771 122.65
772 122.9
773 122.95
774 123.05
775 123.15
776 123.3
777 123.35
778 123.4
779 123.45
780 123.55
781 123.55
782 123.55
783 123.6
784 123.6
785 123.6
786 123.65
787 123.65
788 123.85
789 123.85
790 123.9
791 124.05
792 124.05
793 124.05
794 124.05
795 124.05
796 124.15
797 124.2
798 124.25
799 124.3
800 124.4
801 124.45
802 124.45
803 124.6
804 124.7
805 124.9
806 124.9
807 124.95
808 125.1
809 125.3
810 125.35
811 125.35
812 125.5
813 125.5
814 125.5
815 125.55
816 125.6
817 125.6
818 125.65
819 125.65
820 125.7
821 125.7
822 125.7
823 125.85
824 125.95
825 125.95
826 125.95
827 126.2
828 126.25
829 126.3
830 126.4
831 126.4
832 126.4
833 126.45
834 126.5
835 126.65
836 126.65
837 126.65
838 126.8
839 126.95
840 126.95
841 126.95
842 126.95
843 127.1
844 127.1
845 127.15
846 127.15
847 127.2
848 127.25
849 127.25
850 127.3
851 127.3
852 127.3
853 127.4
854 127.4
855 127.55
856 127.6
857 127.65
858 127.7
859 127.8
860 127.8
861 127.8
862 127.95
863 128.05
864 128.15
865 128.2
866 128.45
867 128.45
868 128.5
869 128.5
870 128.6
871 128.65
872 128.65
873 128.65
874 128.75
875 128.8
876 128.8
877 128.85
878 128.85
879 128.95
880 128.95
881 129.1
882 129.1
883 129.15
884 129.3
885 129.3
886 129.4
887 129.5
888 129.5
889 129.55
890 129.65
891 129.65
892 129.65
893 129.65
894 129.65
895 129.7
896 129.7
897 129.85
898 129.9
899 129.95
900 129.95
901 130.1
902 130.15
903 130.2
904 130.2
905 130.25
906 130.3
907 130.45
908 130.45
909 130.55
910 130.65
911 130.7
912 130.7
913 130.7
914 130.75
915 130.75
916 130.75
917 130.85
918 130.85
919 130.9
920 130.95
921 131.0
922 131.1
923 131.2
924 131.25
925 131.35
926 131.35
927 131.55
928 131.55
929 131.75
930 131.85
931 132.0
932 132.05
933 132.05
934 132.05
935 132.05
936 132.1
937 132.15
938 132.15
939 132.2
940 132.35
941 132.35
942 132.35
943 132.35
944 132.45
945 132.5
946 132.55
947 132.6
948 132.6
949 132.8
950 132.8
951 132.8
952 132.8
953 132.8
954 132.85
955 132.85
956 132.85
957 132.9
958 132.9
959 133.05
960 133.05
961 133.05
962 133.1
963 133.2
964 133.3
965 133.4
966 133.4
967 133.4
968 133.55
969 133.65
970 133.75
971 133.8
972 133.8
973 133.8
974 133.9
975 134.0
976 134.15
977 134.2
978 134.25
979 134.25
980 134.25
981 134.3
982 134.3
983 134.45
984 134.55
985 134.55
986 134.6
987 134.7
988 134.7
989 134.7
990 134.9
991 134.9
992 135.0
993 135.0
994 135.0
995 135.1
996 135.15
997 135.15
998 135.25
999 135.25
1000 135.25
1001 135.3
1002 135.35
1003 135.45
1004 135.45
1005 135.45
1006 135.45
1007 135.45
1008 135.65
1009 135.7
1010 135.75
1011 135.75
1012 135.85
1013 135.85
1014 135.85
1015 135.85
1016 135.95
1017 136.0
1018 136.0
1019 136.0
1020 136.0
1021 136.0
1022 136.0
1023 136.0
1024 136.05
1025 136.1
1026 136.1
1027 136.2
1028 136.2
1029 136.25
1030 136.3
1031 136.35
1032 136.35
1033 136.4
1034 136.4
1035 136.45
1036 136.5
1037 136.5
1038 136.55
1039 136.55
1040 136.6
1041 136.75
1042 136.75
1043 136.9
1044 136.9
1045 136.9
1046 137.0
1047 137.0
1048 137.0
1049 137.05
1050 137.05
1051 137.05
1052 137.05
1053 137.05
1054 137.05
1055 137.05
1056 137.05
1057 137.05
1058 137.05
1059 137.05
1060 137.05
1061 137.05
1062 137.15
1063 137.3
1064 137.35
1065 137.4
1066 137.45
1067 137.45
1068 137.45
1069 137.55
1070 137.55
1071 137.55
1072 137.6
1073 137.6
1074 137.75
1075 137.75
1076 137.9
1077 137.95
1078 137.95
1079 137.95
1080 137.95
1081 138.05
1082 138.05
1083 138.25
1084 138.25
1085 138.25
1086 138.25
1087 138.4
1088 138.45
1089 138.5
1090 138.5
1091 138.5
1092 138.5
1093 138.55
1094 138.55
1095 138.7
1096 138.7
1097 138.75
1098 138.75
1099 138.8
1100 138.8
1101 138.8
1102 138.9
1103 139.05
1104 139.2
1105 139.35
1106 139.4
1107 139.45
1108 139.45
1109 139.45
1110 139.45
1111 139.45
1112 139.45
1113 139.55
1114 139.6
1115 139.6
1116 139.6
1117 139.6
1118 139.6
1119 139.7
1120 139.7
1121 139.75
1122 139.75
1123 139.75
1124 139.75
1125 139.75
1126 139.8
1127 139.95
1128 140.0
1129 140.15
1130 140.35
1131 140.35
1132 140.5
1133 140.55
1134 140.55
1135 140.6
1136 140.6
1137 140.6
1138 140.6
1139 140.65
1140 140.65
1141 140.7
1142 140.85
1143 140.9
1144 140.9
1145 140.9
1146 141.0
1147 141.0
1148 141.0
1149 141.1
1150 141.1
1151 141.25
1152 141.25
1153 141.25
1154 141.35
1155 141.4
1156 141.45
1157 141.55
1158 141.55
1159 141.55
1160 141.55
1161 141.55
1162 141.7
1163 141.7
1164 141.75
1165 141.8
1166 141.9
1167 141.9
1168 141.9
1169 141.95
1170 142.05
1171 142.15
1172 142.15
1173 142.15
1174 142.25
1175 142.3
1176 142.3
1177 142.3
1178 142.3
1179 142.3
1180 142.35
1181 142.35
1182 142.35
1183 142.4
1184 142.4
1185 142.5
1186 142.55
1187 142.7
1188 142.7
1189 142.75
1190 142.75
1191 142.75
1192 142.8
1193 142.8
1194 142.8
1195 142.8
1196 142.85
1197 142.85
1198 142.9
1199 142.9
1200 142.9
1201 142.95
1202 143.0
1203 143.0
1204 143.05
1205 143.05
1206 143.3
1207 143.4
1208 143.45
1209 143.5
1210 143.75
1211 143.75
1212 143.85
1213 143.85
1214 143.85
1215 143.85
1216 143.85
1217 143.85
1218 144.0
1219 144.05
1220 144.05
1221 144.1
1222 144.2
1223 144.25
1224 144.25
1225 144.25
1226 144.3
1227 144.3
1228 144.3
1229 144.3
1230 144.35
1231 144.5
1232 144.5
1233 144.55
1234 144.65
1235 144.65
1236 144.65
1237 144.8
1238 144.8
1239 144.8
1240 144.8
1241 144.8
1242 144.8
1243 144.8
1244 144.8
1245 144.8
1246 144.85
1247 144.85
1248 144.95
1249 145.0
1250 145.0
1251 145.0
1252 145.05
1253 145.1
1254 145.1
1255 145.1
1256 145.25
1257 145.25
1258 145.25
1259 145.25
1260 145.25
1261 145.4
1262 145.55
1263 145.6
1264 145.6
1265 145.75
1266 145.75
1267 145.8
1268 145.85
1269 145.9
1270 145.9
1271 145.9
1272 145.9
1273 145.95
1274 146.0
1275 146.05
1276 146.05
1277 146.1
1278 146.2
1279 146.2
1280 146.2
1281 146.2
1282 146.2
1283 146.2
1284 146.2
1285 146.2
1286 146.2
1287 146.35
1288 146.45
1289 146.5
1290 146.5
1291 146.55
1292 146.55
1293 146.6
1294 146.65
1295 146.7
1296 146.7
1297 146.7
1298 146.7
1299 146.75
1300 146.8
1301 146.85
1302 146.95
1303 146.95
1304 147.1
1305 147.15
1306 147.2
1307 147.2
1308 147.2
1309 147.35
1310 147.35
1311 147.35
1312 147.35
1313 147.35
1314 147.45
1315 147.45
1316 147.45
1317 147.45
1318 147.45
1319 147.5
1320 147.5
1321 147.5
1322 147.55
1323 147.55
1324 147.65
1325 147.7
1326 147.75
1327 147.75
1328 147.75
1329 147.75
1330 147.75
1331 147.75
1332 147.9
1333 148.0
1334 148.05
1335 148.05
1336 148.05
1337 148.1
1338 148.1
1339 148.1
1340 148.15
1341 148.15
1342 148.3
1343 148.4
1344 148.4
1345 148.4
1346 148.4
1347 148.4
1348 148.4
1349 148.45
1350 148.55
1351 148.65
1352 148.65
1353 148.65
1354 148.7
1355 148.7
1356 148.7
1357 148.75
1358 148.75
1359 148.75
1360 148.75
1361 148.75
1362 148.9
1363 148.9
1364 149.15
1365 149.15
1366 149.2
1367 149.35
1368 149.4
1369 149.4
1370 149.45
1371 149.45
1372 149.45
1373 149.45
1374 149.45
1375 149.45
1376 149.45
1377 149.5
1378 149.5
1379 149.5
1380 149.5
1381 149.55
1382 149.65
1383 149.7
1384 149.7
1385 149.7
1386 149.7
1387 149.75
1388 149.8
1389 149.8
1390 150.0
1391 150.0
1392 150.0
1393 150.0
1394 150.05
1395 150.1
1396 150.1
1397 150.1
1398 150.1
1399 150.15
1400 150.15
1401 150.3
1402 150.3
1403 150.35
1404 150.45
1405 150.65
1406 150.65
1407 150.65
1408 150.65
1409 150.65
1410 150.7
1411 150.75
1412 150.8
1413 150.85
1414 150.85
1415 150.9
1416 150.9
1417 150.9
1418 150.95
1419 150.95
1420 151.05
1421 151.05
1422 151.1
1423 151.2
1424 151.25
1425 151.3
1426 151.3
1427 151.3
1428 151.3
1429 151.3
1430 151.35
1431 151.35
1432 151.35
1433 151.35
1434 151.35
1435 151.35
1436 151.4
1437 151.4
1438 151.4
1439 151.4
1440 151.45
1441 151.45
1442 151.45
1443 151.45
1444 151.45
1445 151.45
1446 151.5
1447 151.5
1448 151.55
1449 151.6
1450 151.6
1451 151.6
1452 151.6
1453 151.6
1454 151.65
1455 151.65
1456 151.65
1457 151.65
1458 151.7
1459 151.8
1460 151.8
1461 151.8
1462 151.85
1463 151.85
1464 151.85
1465 151.85
1466 151.9
1467 151.95
1468 151.95
1469 151.95
1470 152.0
1471 152.1
1472 152.1
1473 152.1
1474 152.15
1475 152.15
1476 152.15
1477 152.2
1478 152.2
1479 152.2
1480 152.2
1481 152.2
1482 152.2
1483 152.2
1484 152.25
1485 152.25
1486 152.25
1487 152.25
1488 152.35
1489 152.35
1490 152.35
1491 152.35
1492 152.35
1493 152.35
1494 152.35
1495 152.45
1496 152.45
1497 152.45
1498 152.65
1499 152.65
1500 152.65
1501 152.65
1502 152.65
1503 152.65
1504 152.65
1505 152.65
1506 152.7
1507 152.7
1508 152.7
1509 152.7
1510 152.7
1511 152.85
1512 153.05
1513 153.05
1514 153.1
1515 153.1
1516 153.1
1517 153.1
1518 153.1
1519 153.1
1520 153.2
1521 153.2
1522 153.25
1523 153.25
1524 153.25
1525 153.3
1526 153.3
1527 153.3
1528 153.35
1529 153.35
1530 153.4
1531 153.4
1532 153.4
1533 153.4
1534 153.4
1535 153.5
1536 153.5
1537 153.5
1538 153.5
1539 153.5
1540 153.55
1541 153.55
1542 153.6
1543 153.6
1544 153.6
1545 153.65
1546 153.75
1547 153.8
1548 153.8
1549 153.9
1550 153.9
1551 153.95
1552 154.1
1553 154.1
1554 154.15
1555 154.15
1556 154.15
1557 154.2
1558 154.2
1559 154.2
1560 154.2
1561 154.2
1562 154.25
1563 154.35
1564 154.35
1565 154.35
1566 154.35
1567 154.5
1568 154.55
1569 154.55
1570 154.6
1571 154.6
1572 154.65
1573 154.65
1574 154.65
1575 154.65
1576 154.65
1577 154.7
1578 154.75
1579 154.75
1580 154.75
1581 154.8
1582 155.0
1583 155.0
1584 155.0
1585 155.05
1586 155.05
1587 155.05
1588 155.05
1589 155.05
1590 155.05
1591 155.1
1592 155.15
1593 155.15
1594 155.15
1595 155.15
1596 155.25
1597 155.4
1598 155.45
1599 155.45
1600 155.5
1601 155.6
1602 155.6
1603 155.6
1604 155.6
1605 155.6
1606 155.6
1607 155.65
1608 155.65
1609 155.75
1610 155.8
1611 155.8
1612 156.0
1613 156.0
1614 156.15
1615 156.15
1616 156.15
1617 156.15
1618 156.15
1619 156.15
1620 156.3
1621 156.3
1622 156.3
1623 156.35
1624 156.35
1625 156.35
1626 156.35
1627 156.45
1628 156.5
1629 156.5
1630 156.5
1631 156.5
1632 156.55
1633 156.55
1634 156.55
1635 156.55
1636 156.6
1637 156.6
1638 156.6
1639 156.6
1640 156.6
1641 156.6
1642 156.6
1643 156.6
1644 156.7
1645 156.7
1646 156.7
1647 156.7
1648 156.7
1649 156.8
1650 156.85
1651 156.85
1652 157.0
1653 157.05
1654 157.05
1655 157.1
1656 157.1
1657 157.2
1658 157.2
1659 157.2
1660 157.25
1661 157.25
1662 157.4
1663 157.4
1664 157.4
1665 157.4
1666 157.5
1667 157.55
1668 157.55
1669 157.55
1670 157.55
1671 157.55
1672 157.55
1673 157.65
1674 157.65
1675 157.65
1676 157.65
1677 157.7
1678 157.7
1679 157.7
1680 157.8
1681 157.8
1682 157.8
1683 157.8
1684 157.8
1685 157.8
1686 157.8
1687 157.8
1688 157.8
1689 157.85
1690 157.85
1691 157.85
1692 157.85
1693 157.85
1694 157.85
1695 157.9
1696 157.9
1697 157.9
1698 157.9
1699 157.9
1700 157.9
1701 157.9
1702 157.9
1703 157.9
1704 157.9
1705 157.9
1706 157.9
1707 157.9
1708 157.9
1709 157.9
1710 157.9
1711 157.9
1712 157.9
1713 157.9
1714 157.9
1715 157.9
1716 157.9
1717 157.95
1718 157.95
1719 157.95
1720 157.95
1721 158.0
1722 158.0
1723 158.0
1724 158.0
1725 158.0
1726 158.0
1727 158.0
1728 158.0
1729 158.0
1730 158.0
1731 158.0
1732 158.0
1733 158.0
1734 158.05
1735 158.05
1736 158.05
1737 158.05
1738 158.05
1739 158.05
1740 158.1
1741 158.2
1742 158.2
1743 158.25
1744 158.3
1745 158.3
1746 158.3
1747 158.3
1748 158.3
1749 158.3
1750 158.3
1751 158.35
1752 158.45
1753 158.45
1754 158.45
1755 158.45
1756 158.5
1757 158.55
1758 158.55
1759 158.6
1760 158.65
1761 158.65
1762 158.65
1763 158.65
1764 158.65
1765 158.65
1766 158.65
1767 158.65
1768 158.65
1769 158.65
1770 158.7
1771 158.7
1772 158.7
1773 158.7
1774 158.95
1775 158.95
1776 159.0
1777 159.0
1778 159.1
1779 159.1
1780 159.15
1781 159.15
1782 159.2
1783 159.2
1784 159.2
1785 159.2
1786 159.2
1787 159.3
1788 159.3
1789 159.3
1790 159.3
1791 159.35
1792 159.35
1793 159.35
1794 159.35
1795 159.35
1796 159.35
1797 159.4
1798 159.45
1799 159.45
1800 159.45
1801 159.45
1802 159.45
1803 159.45
1804 159.45
1805 159.55
1806 159.55
1807 159.55
1808 159.6
1809 159.6
1810 159.6
1811 159.7
1812 159.7
1813 159.7
1814 159.7
1815 159.7
1816 159.75
1817 159.75
1818 159.75
1819 159.75
1820 159.75
1821 159.8
1822 159.8
1823 159.8
1824 159.8
1825 159.8
1826 159.85
1827 159.85
1828 159.85
1829 159.85
1830 160.0
1831 160.0
1832 160.0
1833 160.0
1834 160.1
1835 160.3
1836 160.35
1837 160.35
1838 160.35
1839 160.35
1840 160.35
1841 160.35
1842 160.35
1843 160.35
1844 160.35
1845 160.4
1846 160.4
1847 160.4
1848 160.45
1849 160.45
1850 160.45
1851 160.45
1852 160.5
1853 160.5
1854 160.55
1855 160.55
1856 160.7
1857 160.75
1858 160.8
1859 160.8
1860 160.8
1861 160.8
1862 160.8
1863 160.8
1864 160.8
1865 160.8
1866 160.8
1867 160.8
1868 160.8
1869 160.8
1870 160.8
1871 160.8
1872 160.8
1873 160.8
1874 160.8
1875 160.85
1876 160.85
1877 160.85
1878 160.85
1879 160.85
1880 160.95
1881 160.95
1882 161.0
1883 161.05
1884 161.15
1885 161.15
1886 161.15
1887 161.15
1888 161.2
1889 161.25
1890 161.3
1891 161.3
1892 161.35
1893 161.35
1894 161.35
1895 161.35
1896 161.35
1897 161.35
1898 161.35
1899 161.4
1900 161.4
1901 161.4
1902 161.4
1903 161.45
1904 161.45
1905 161.45
1906 161.45
1907 161.55
1908 161.55
1909 161.65
1910 161.65
1911 161.65
1912 161.65
1913 161.65
1914 161.7
1915 161.75
1916 161.8
1917 161.8
1918 161.8
1919 161.8
1920 161.85
1921 161.85
1922 161.85
1923 161.85
1924 161.95
1925 162.0
1926 162.05
1927 162.05
1928 162.05
1929 162.1
1930 162.1
1931 162.15
1932 162.15
1933 162.15
1934 162.15
1935 162.15
1936 162.15
1937 162.15
1938 162.15
1939 162.15
1940 162.15
1941 162.15
1942 162.15
1943 162.2
1944 162.2
1945 162.2
1946 162.2
1947 162.2
1948 162.2
1949 162.3
1950 162.3
1951 162.35
1952 162.35
1953 162.45
1954 162.45
1955 162.45
1956 162.45
1957 162.45
1958 162.45
1959 162.45
1960 162.45
1961 162.55
1962 162.55
1963 162.6
1964 162.6
1965 162.6
1966 162.6
1967 162.6
1968 162.6
1969 162.6
1970 162.6
1971 162.6
1972 162.6
1973 162.6
1974 162.6
1975 162.6
1976 162.6
1977 162.6
1978 162.7
1979 162.75
1980 162.75
1981 162.75
1982 162.75
1983 162.75
1984 162.75
1985 162.75
1986 162.75
1987 162.85
1988 162.85
1989 162.85
1990 162.85
1991 162.85
1992 162.9
1993 162.9
1994 162.9
1995 162.9
1996 162.9
1997 162.95
1998 163.05
1999 163.1
2000 163.1
2001 163.1
2002 163.1
2003 163.2
2004 163.2
2005 163.2
2006 163.2
2007 163.2
2008 163.2
2009 163.2
2010 163.2
2011 163.25
2012 163.25
2013 163.25
2014 163.3
2015 163.3
2016 163.3
2017 163.3
2018 163.35
2019 163.35
2020 163.35
2021 163.35
2022 163.35
2023 163.35
2024 163.4
2025 163.4
2026 163.4
2027 163.5
2028 163.55
2029 163.55
2030 163.55
2031 163.55
2032 163.55
2033 163.55
2034 163.6
2035 163.6
2036 163.6
2037 163.7
2038 163.7
2039 163.7
2040 163.7
2041 163.7
2042 163.7
2043 163.7
2044 163.7
2045 163.7
2046 163.7
2047 163.7
2048 163.7
2049 163.8
2050 163.85
2051 163.85
2052 164.0
2053 164.0
2054 164.0
2055 164.0
2056 164.0
2057 164.0
2058 164.0
2059 164.0
2060 164.0
2061 164.0
2062 164.0
2063 164.0
2064 164.0
2065 164.0
2066 164.0
2067 164.0
2068 164.0
2069 164.0
2070 164.0
2071 164.0
2072 164.0
2073 164.0
2074 164.0
2075 164.0
2076 164.05
2077 164.1
2078 164.2
2079 164.2
2080 164.2
2081 164.2
2082 164.2
2083 164.2
2084 164.2
2085 164.2
2086 164.2
2087 164.2
2088 164.2
2089 164.2
2090 164.3
2091 164.3
2092 164.3
2093 164.3
2094 164.3
2095 164.3
2096 164.3
2097 164.3
2098 164.3
2099 164.3
2100 164.3
2101 164.3
2102 164.3
2103 164.3
2104 164.35
2105 164.35
2106 164.35
2107 164.35
2108 164.4
2109 164.4
2110 164.5
2111 164.5
2112 164.5
2113 164.5
2114 164.5
2115 164.5
2116 164.5
2117 164.5
2118 164.5
2119 164.5
2120 164.65
2121 164.65
2122 164.65
2123 164.65
2124 164.65
2125 164.7
2126 164.75
2127 164.75
2128 164.75
2129 164.75
2130 164.8
2131 164.8
2132 164.8
2133 164.8
2134 164.8
2135 164.8
2136 164.8
2137 164.8
2138 164.85
2139 164.85
2140 164.85
2141 164.9
2142 164.9
2143 164.9
2144 164.95
2145 164.95
2146 164.95
2147 164.95
2148 165.0
2149 165.0
2150 165.0
2151 165.0
2152 165.0
2153 165.1
2154 165.1
2155 165.1
2156 165.1
2157 165.1
2158 165.1
2159 165.15
2160 165.2
2161 165.25
2162 165.25
2163 165.25
2164 165.25
2165 165.25
2166 165.25
2167 165.25
2168 165.25
2169 165.25
2170 165.25
2171 165.25
2172 165.25
2173 165.35
2174 165.35
2175 165.35
2176 165.35
2177 165.35
2178 165.35
2179 165.45
2180 165.45
2181 165.45
2182 165.45
2183 165.55
2184 165.65
2185 165.65
2186 165.7
2187 165.7
2188 165.7
2189 165.75
2190 165.75
2191 165.8
2192 165.8
2193 165.9
2194 165.9
2195 165.9
2196 165.9
2197 165.9
2198 165.95
2199 165.95
2200 165.95
2201 165.95
2202 165.95
2203 165.95
2204 165.95
2205 165.95
2206 166.0
2207 166.0
2208 166.0
2209 166.1
2210 166.1
2211 166.1
2212 166.1
2213 166.1
2214 166.1
2215 166.1
2216 166.1
2217 166.1
2218 166.1
2219 166.1
2220 166.2
2221 166.2
2222 166.25
2223 166.25
2224 166.25
2225 166.35
2226 166.35
2227 166.35
2228 166.35
2229 166.35
2230 166.35
2231 166.4
2232 166.4
2233 166.4
2234 166.4
2235 166.4
2236 166.4
2237 166.4
2238 166.4
2239 166.4
2240 166.4
2241 166.4
2242 166.4
2243 166.4
2244 166.4
2245 166.5
2246 166.5
2247 166.5
2248 166.5
2249 166.5
2250 166.6
2251 166.65
2252 166.65
2253 166.7
2254 166.7
2255 166.75
2256 166.75
2257 166.75
2258 166.75
2259 166.75
2260 166.75
2261 166.75
2262 166.75
2263 166.75
2264 166.75
2265 166.75
2266 166.75
2267 166.75
2268 166.75
2269 166.75
2270 166.75
2271 166.75
2272 166.75
2273 166.75
2274 166.75
2275 166.85
2276 166.85
2277 166.85
2278 166.85
2279 166.9
2280 166.9
2281 166.9
2282 166.95
2283 166.95
2284 167.0
2285 167.0
2286 167.0
2287 167.0
2288 167.0
2289 167.0
2290 167.0
2291 167.0
2292 167.0
2293 167.0
2294 167.0
2295 167.05
2296 167.05
2297 167.05
2298 167.05
2299 167.1
2300 167.15
2301 167.15
2302 167.15
2303 167.15
2304 167.15
2305 167.15
2306 167.15
2307 167.15
2308 167.2
2309 167.2
2310 167.2
2311 167.3
2312 167.3
2313 167.3
2314 167.3
2315 167.3
2316 167.3
2317 167.35
2318 167.35
2319 167.35
2320 167.35
2321 167.35
2322 167.35
2323 167.35
2324 167.35
2325 167.35
2326 167.35
2327 167.35
2328 167.35
2329 167.35
2330 167.35
2331 167.35
2332 167.35
2333 167.35
2334 167.35
2335 167.4
2336 167.4
2337 167.45
2338 167.45
2339 167.5
2340 167.5
2341 167.55
2342 167.6
2343 167.6
2344 167.6
2345 167.6
2346 167.6
2347 167.6
2348 167.6
2349 167.6
2350 167.6
2351 167.6
2352 167.6
2353 167.6
2354 167.6
2355 167.6
2356 167.6
2357 167.6
2358 167.6
2359 167.6
2360 167.6
2361 167.6
2362 167.6
2363 167.65
2364 167.65
2365 167.65
2366 167.65
2367 167.65
2368 167.75
2369 167.75
2370 167.8
2371 167.85
2372 167.85
2373 167.85
2374 167.85
2375 167.85
2376 167.85
2377 167.85
2378 167.85
2379 167.95
2380 167.95
2381 167.95
2382 167.95
2383 167.95
2384 167.95
2385 167.95
2386 167.95
2387 167.95
2388 167.95
2389 167.95
2390 167.95
2391 167.95
2392 167.95
2393 167.95
2394 167.95
2395 168.05
2396 168.1
2397 168.1
2398 168.1
2399 168.1
2400 168.15
2401 168.15
2402 168.15
2403 168.15
2404 168.15
2405 168.15
2406 168.2
2407 168.2
2408 168.2
2409 168.2
2410 168.2
2411 168.2
2412 168.2
2413 168.2
2414 168.2
2415 168.25
2416 168.3
2417 168.3
2418 168.3
2419 168.3
2420 168.35
2421 168.35
2422 168.35
2423 168.35
2424 168.35
2425 168.35
2426 168.35
2427 168.35
2428 168.35
2429 168.35
2430 168.35
2431 168.35
2432 168.35
2433 168.35
2434 168.35
2435 168.35
2436 168.35
2437 168.4
2438 168.45
2439 168.45
2440 168.45
2441 168.45
2442 168.5
2443 168.5
2444 168.5
2445 168.5
2446 168.5
2447 168.5
2448 168.5
2449 168.5
2450 168.55
2451 168.55
2452 168.6
2453 168.6
2454 168.6
2455 168.6
2456 168.65
2457 168.65
2458 168.7
2459 168.7
2460 168.7
2461 168.7
2462 168.7
2463 168.7
2464 168.7
2465 168.75
2466 168.75
2467 168.75
2468 168.75
2469 168.75
2470 168.75
2471 168.75
2472 168.75
2473 168.75
2474 168.75
2475 168.8
2476 168.8
2477 168.8
2478 168.8
2479 168.8
2480 168.8
2481 168.8
2482 168.8
2483 168.8
2484 168.8
2485 168.8
2486 168.8
2487 168.8
2488 168.8
2489 168.85
2490 168.85
2491 168.85
2492 168.95
2493 168.95
2494 168.95
2495 168.95
2496 168.95
2497 169.05
2498 169.1
2499 169.1
2500 169.1
2501 169.1
2502 169.15
2503 169.15
2504 169.15
2505 169.15
2506 169.15
2507 169.15
2508 169.15
2509 169.15
2510 169.15
2511 169.15
2512 169.2
2513 169.2
2514 169.2
2515 169.25
2516 169.25
2517 169.25
2518 169.25
2519 169.3
2520 169.3
2521 169.3
2522 169.35
2523 169.4
2524 169.4
2525 169.4
2526 169.4
2527 169.4
2528 169.4
2529 169.45
2530 169.45
2531 169.45
2532 169.45
2533 169.45
2534 169.45
2535 169.45
2536 169.45
2537 169.45
2538 169.45
2539 169.5
2540 169.5
2541 169.5
2542 169.5
2543 169.5
2544 169.5
2545 169.55
2546 169.6
2547 169.6
2548 169.6
2549 169.6
2550 169.6
2551 169.65
2552 169.7
2553 169.7
2554 169.7
2555 169.75
2556 169.75
2557 169.75
2558 169.75
2559 169.75
2560 169.75
2561 169.75
2562 169.75
2563 169.75
2564 169.75
2565 169.75
2566 169.75
2567 169.75
2568 169.75
2569 169.8
2570 169.8
2571 169.8
2572 169.8
2573 169.8
2574 169.85
2575 169.85
2576 169.85
2577 169.85
2578 169.85
2579 169.85
2580 169.9
2581 169.9
2582 169.9
2583 169.9
2584 169.9
2585 169.9
2586 169.95
2587 169.95
2588 169.95
2589 169.95
2590 169.95
2591 169.95
2592 169.95
2593 169.95
2594 169.95
2595 169.95
2596 169.95
2597 169.95
2598 169.95
2599 169.95
2600 169.95
2601 169.95
2602 169.95
2603 170.05
2604 170.05
2605 170.05
2606 170.05
2607 170.05
2608 170.05
2609 170.05
2610 170.05
2611 170.05
2612 170.05
2613 170.05
2614 170.15
2615 170.15
2616 170.15
2617 170.15
2618 170.15
2619 170.15
2620 170.15
2621 170.15
2622 170.2
2623 170.2
2624 170.2
2625 170.2
2626 170.2
2627 170.2
2628 170.2
2629 170.2
2630 170.2
2631 170.2
2632 170.3
2633 170.3
2634 170.35
2635 170.35
2636 170.35
2637 170.35
2638 170.35
2639 170.35
2640 170.35
2641 170.4
2642 170.4
2643 170.4
2644 170.4
2645 170.4
2646 170.5
2647 170.5
2648 170.5
2649 170.5
2650 170.5
2651 170.5
2652 170.5
2653 170.5
2654 170.5
2655 170.5
2656 170.5
2657 170.5
2658 170.5
2659 170.5
2660 170.5
2661 170.5
2662 170.5
2663 170.6
2664 170.6
2665 170.6
2666 170.6
2667 170.6
2668 170.6
2669 170.6
2670 170.6
2671 170.6
2672 170.6
2673 170.6
2674 170.6
2675 170.6
2676 170.6
2677 170.6
2678 170.65
2679 170.65
2680 170.65
2681 170.65
2682 170.65
2683 170.65
2684 170.7
2685 170.7
2686 170.7
2687 170.7
2688 170.8
2689 170.8
2690 170.8
2691 170.8
2692 170.8
2693 170.8
2694 170.85
2695 170.85
2696 170.85
2697 170.85
2698 170.85
2699 170.85
2700 170.85
2701 170.85
2702 170.85
2703 170.85
2704 170.85
2705 170.85
2706 170.85
2707 170.9
2708 170.9
2709 170.9
2710 170.9
2711 170.9
2712 170.9
2713 170.9
2714 170.9
2715 170.9
2716 170.9
2717 170.9
2718 170.95
2719 170.95
2720 170.95
2721 171.0
2722 171.0
2723 171.0
2724 171.1
2725 171.1
2726 171.1
2727 171.15
2728 171.15
2729 171.15
2730 171.15
2731 171.15
2732 171.15
2733 171.15
2734 171.15
2735 171.15
2736 171.15
2737 171.15
2738 171.15
2739 171.15
2740 171.2
2741 171.2
2742 171.2
2743 171.2
2744 171.25
2745 171.25
2746 171.25
2747 171.25
2748 171.25
2749 171.25
2750 171.25
2751 171.25
2752 171.25
2753 171.25
2754 171.25
2755 171.25
2756 171.25
2757 171.3
2758 171.3
2759 171.3
2760 171.3
2761 171.3
2762 171.4
2763 171.4
2764 171.5
2765 171.5
2766 171.5
2767 171.5
2768 171.5
2769 171.5
2770 171.5
2771 171.5
2772 171.5
2773 171.5
2774 171.5
2775 171.5
2776 171.5
2777 171.5
2778 171.5
2779 171.5
2780 171.5
2781 171.55
2782 171.55
2783 171.55
2784 171.6
2785 171.6
2786 171.6
2787 171.6
2788 171.6
2789 171.6
2790 171.6
2791 171.65
2792 171.7
2793 171.7
2794 171.7
2795 171.7
2796 171.7
2797 171.7
2798 171.7
2799 171.7
2800 171.75
2801 171.75
2802 171.75
2803 171.75
2804 171.75
2805 171.75
2806 171.95
2807 171.95
2808 171.95
2809 171.95
2810 172.0
2811 172.0
2812 172.0
2813 172.0
2814 172.0
2815 172.0
2816 172.0
2817 172.0
2818 172.0
2819 172.0
2820 172.0
2821 172.0
2822 172.0
2823 172.0
2824 172.0
2825 172.05
2826 172.05
2827 172.05
2828 172.05
2829 172.05
2830 172.05
2831 172.05
2832 172.1
2833 172.15
2834 172.15
2835 172.2
2836 172.3
2837 172.3
2838 172.3
2839 172.35
2840 172.35
2841 172.35
2842 172.45
2843 172.5
2844 172.5
2845 172.5
2846 172.55
2847 172.55
2848 172.55
2849 172.7
2850 172.75
2851 172.75
2852 172.75
2853 172.75
2854 172.75
2855 172.75
2856 172.75
2857 172.75
2858 172.75
2859 172.75
2860 172.75
2861 172.75
2862 172.75
2863 172.75
2864 172.75
2865 172.75
2866 172.75
2867 172.75
2868 172.75
2869 172.75
2870 172.75
2871 172.75
2872 172.75
2873 172.75
2874 172.75
2875 172.75
2876 172.75
2877 172.75
2878 172.75
2879 172.75
2880 172.75
2881 172.75
2882 172.75
2883 172.75
2884 172.75
2885 172.75
2886 172.75
2887 172.85
2888 172.85
2889 172.85
2890 172.85
2891 172.85
2892 172.85
2893 172.85
2894 172.85
2895 172.95
2896 172.95
2897 172.95
2898 172.95
2899 172.95
2900 172.95
2901 172.95
2902 172.95
2903 172.95
2904 172.95
2905 173.05
2906 173.15
2907 173.15
2908 173.15
2909 173.15
2910 173.2
2911 173.2
2912 173.2
2913 173.2
2914 173.2
2915 173.2
2916 173.2
2917 173.2
2918 173.2
2919 173.2
2920 173.2
2921 173.2
2922 173.2
2923 173.2
2924 173.2
2925 173.2
2926 173.2
2927 173.2
2928 173.2
2929 173.2
2930 173.2
2931 173.2
2932 173.2
2933 173.25
2934 173.25
2935 173.25
2936 173.25
2937 173.25
2938 173.3
2939 173.35
2940 173.35
2941 173.35
2942 173.35
2943 173.35
2944 173.4
2945 173.4
2946 173.4
2947 173.4
2948 173.4
2949 173.4
2950 173.4
2951 173.4
2952 173.4
2953 173.4
2954 173.4
2955 173.4
2956 173.4
2957 173.4
2958 173.4
2959 173.4
2960 173.45
2961 173.45
2962 173.45
2963 173.45
2964 173.45
2965 173.45
2966 173.45
2967 173.45
2968 173.45
2969 173.45
2970 173.45
2971 173.45
2972 173.5
2973 173.5
2974 173.5
2975 173.5
2976 173.5
2977 173.5
2978 173.5
2979 173.5
2980 173.5
2981 173.5
2982 173.5
2983 173.6
2984 173.6
2985 173.6
2986 173.6
2987 173.6
2988 173.6
2989 173.65
2990 173.65
2991 173.65
2992 173.65
2993 173.65
2994 173.65
2995 173.65
2996 173.65
2997 173.65
2998 173.65
2999 173.65
3000 173.65
3001 173.65
3002 173.8
3003 173.8
3004 173.8
3005 173.8
3006 173.8
3007 173.8
3008 173.8
3009 173.8
3010 173.8
3011 173.8
3012 173.8
3013 173.8
3014 173.8
3015 173.8
3016 173.8
3017 173.8
3018 173.85
3019 173.85
3020 173.85
3021 173.85
3022 173.85
3023 173.85
3024 173.85
3025 173.85
3026 173.85
3027 173.85
3028 173.85
3029 173.85
3030 173.85
3031 173.85
3032 173.85
3033 173.95
3034 173.95
3035 173.95
3036 173.95
3037 173.95
3038 173.95
3039 173.95
3040 174.05
3041 174.05
3042 174.05
3043 174.05
3044 174.05
3045 174.05
3046 174.1
3047 174.1
3048 174.1
3049 174.1
3050 174.1
3051 174.1
3052 174.15
3053 174.15
3054 174.15
3055 174.15
3056 174.15
3057 174.15
3058 174.15
3059 174.15
3060 174.15
3061 174.15
3062 174.15
3063 174.15
3064 174.15
3065 174.15
3066 174.2
3067 174.2
3068 174.2
3069 174.2
3070 174.2
3071 174.2
3072 174.2
3073 174.2
3074 174.2
3075 174.2
3076 174.2
3077 174.2
3078 174.2
3079 174.2
3080 174.2
3081 174.2
3082 174.2
3083 174.25
3084 174.25
3085 174.25
3086 174.25
3087 174.25
3088 174.25
3089 174.25
3090 174.3
3091 174.35
3092 174.35
3093 174.35
3094 174.35
3095 174.35
3096 174.35
3097 174.35
3098 174.4
3099 174.4
3100 174.5
3101 174.55
3102 174.55
3103 174.55
3104 174.55
3105 174.55
3106 174.6
3107 174.6
3108 174.65
3109 174.65
3110 174.65
3111 174.65
3112 174.65
3113 174.65
3114 174.65
3115 174.65
3116 174.65
3117 174.65
3118 174.65
3119 174.65
3120 174.7
3121 174.8
3122 174.8
3123 174.8
3124 174.8
3125 174.8
3126 174.8
3127 174.8
3128 174.8
3129 174.8
3130 174.8
3131 174.8
3132 174.8
3133 174.8
3134 174.8
3135 174.8
3136 174.8
3137 174.8
3138 174.8
3139 174.8
3140 174.8
3141 174.8
3142 174.8
3143 174.8
3144 174.8
3145 174.8
3146 174.8
3147 174.8
3148 174.8
3149 174.8
3150 174.8
3151 174.8
3152 174.8
3153 174.8
3154 174.8
3155 174.8
3156 174.8
3157 174.85
3158 174.85
3159 174.9
3160 174.9
3161 174.9
3162 174.9
3163 174.9
3164 174.9
3165 174.9
3166 174.9
3167 174.9
3168 174.95
3169 174.95
3170 174.95
3171 174.95
3172 174.95
3173 175.05
3174 175.05
3175 175.05
3176 175.1
3177 175.1
3178 175.1
3179 175.1
3180 175.1
3181 175.1
3182 175.1
3183 175.1
3184 175.1
3185 175.1
3186 175.1
3187 175.15
3188 175.3
3189 175.3
3190 175.3
3191 175.3
3192 175.3
3193 175.3
3194 175.3
3195 175.3
3196 175.3
3197 175.3
3198 175.3
3199 175.3
3200 175.3
3201 175.3
3202 175.35
3203 175.4
3204 175.4
3205 175.4
3206 175.4
3207 175.4
3208 175.4
3209 175.4
3210 175.4
3211 175.4
3212 175.4
3213 175.4
3214 175.4
3215 175.4
3216 175.4
3217 175.4
3218 175.4
3219 175.4
3220 175.4
3221 175.4
3222 175.4
3223 175.4
3224 175.4
3225 175.4
3226 175.4
3227 175.45
3228 175.45
3229 175.45
3230 175.45
3231 175.5
3232 175.5
3233 175.55
3234 175.55
3235 175.55
3236 175.55
3237 175.55
3238 175.55
3239 175.55
3240 175.55
3241 175.55
3242 175.55
3243 175.55
3244 175.55
3245 175.55
3246 175.55
3247 175.55
3248 175.55
3249 175.55
3250 175.6
3251 175.6
3252 175.6
3253 175.6
3254 175.6
3255 175.65
3256 175.65
3257 175.65
3258 175.65
3259 175.65
3260 175.65
3261 175.65
3262 175.65
3263 175.65
3264 175.65
3265 175.65
3266 175.65
3267 175.65
3268 175.65
3269 175.65
3270 175.65
3271 175.65
3272 175.8
3273 175.8
3274 175.8
3275 175.8
3276 175.8
3277 175.8
3278 175.8
3279 175.8
3280 175.8
3281 175.8
3282 175.8
3283 175.8
3284 175.85
3285 175.85
3286 175.85
3287 175.85
3288 175.85
3289 175.85
3290 175.85
3291 175.85
3292 175.85
3293 175.85
3294 175.85
3295 175.85
3296 175.85
3297 175.85
3298 175.9
3299 175.9
3300 175.9
3301 175.9
3302 175.9
3303 175.9
3304 175.9
3305 175.9
3306 175.9
3307 175.9
3308 175.9
3309 175.9
3310 175.9
3311 175.9
3312 176.0
3313 176.0
3314 176.0
3315 176.0
3316 176.0
3317 176.0
3318 176.0
3319 176.0
3320 176.0
3321 176.0
3322 176.0
3323 176.0
3324 176.0
3325 176.0
3326 176.0
3327 176.0
3328 176.0
3329 176.0
3330 176.0
3331 176.05
3332 176.05
3333 176.1
3334 176.1
3335 176.1
3336 176.1
3337 176.1
3338 176.1
3339 176.1
3340 176.1
3341 176.1
3342 176.1
3343 176.1
3344 176.1
3345 176.1
3346 176.1
3347 176.1
3348 176.1
3349 176.1
3350 176.1
3351 176.1
3352 176.1
3353 176.1
3354 176.1
3355 176.1
3356 176.1
3357 176.1
3358 176.1
3359 176.1
3360 176.1
3361 176.1
3362 176.1
3363 176.1
3364 176.1
3365 176.1
3366 176.1
3367 176.1
3368 176.1
3369 176.15
3370 176.15
3371 176.15
3372 176.15
3373 176.2
3374 176.2
3375 176.2
3376 176.2
3377 176.2
3378 176.2
3379 176.2
3380 176.2
3381 176.2
3382 176.2
3383 176.25
3384 176.25
3385 176.25
3386 176.25
3387 176.25
3388 176.25
3389 176.25
3390 176.25
3391 176.35
3392 176.35
3393 176.35
3394 176.35
3395 176.35
3396 176.35
3397 176.35
3398 176.35
3399 176.35
3400 176.35
3401 176.35
3402 176.35
3403 176.35
3404 176.35
3405 176.35
3406 176.35
3407 176.35
3408 176.4
3409 176.4
3410 176.4
3411 176.4
3412 176.4
3413 176.4
3414 176.45
3415 176.45
3416 176.45
3417 176.45
3418 176.5
3419 176.5
3420 176.5
3421 176.5
3422 176.5
3423 176.5
3424 176.5
3425 176.5
3426 176.5
3427 176.5
3428 176.5
3429 176.5
3430 176.5
3431 176.5
3432 176.5
3433 176.5
3434 176.5
3435 176.5
3436 176.5
3437 176.5
3438 176.5
3439 176.55
3440 176.55
3441 176.55
3442 176.55
3443 176.55
3444 176.55
3445 176.55
3446 176.55
3447 176.55
3448 176.55
3449 176.55
3450 176.55
3451 176.55
3452 176.55
3453 176.6
3454 176.6
3455 176.6
3456 176.6
3457 176.6
3458 176.6
3459 176.6
3460 176.6
3461 176.6
3462 176.65
3463 176.65
3464 176.65
3465 176.65
3466 176.65
3467 176.65
3468 176.65
3469 176.65
3470 176.65
3471 176.65
3472 176.65
3473 176.65
3474 176.65
3475 176.65
3476 176.65
3477 176.65
3478 176.65
3479 176.65
3480 176.65
3481 176.65
3482 176.65
3483 176.65
3484 176.65
3485 176.65
3486 176.65
3487 176.65
3488 176.65
3489 176.7
3490 176.7
3491 176.7
3492 176.7
3493 176.7
3494 176.7
3495 176.7
3496 176.7
3497 176.7
3498 176.75
3499 176.75
3500 176.75
3501 176.75
3502 176.75
3503 176.75
3504 176.75
3505 176.75
3506 176.75
3507 176.75
3508 176.75
3509 176.8
3510 176.8
3511 176.8
3512 176.8
3513 176.8
3514 176.8
3515 176.8
3516 176.8
3517 176.8
3518 176.8
3519 176.8
3520 176.8
3521 176.8
3522 176.8
3523 176.8
3524 176.8
3525 176.85
3526 176.85
3527 176.9
3528 176.9
3529 176.9
3530 176.95
3531 176.95
3532 176.95
3533 176.95
3534 177.0
3535 177.0
3536 177.05
3537 177.05
3538 177.05
3539 177.1
3540 177.1
3541 177.1
3542 177.1
3543 177.15
3544 177.15
3545 177.2
3546 177.2
3547 177.2
3548 177.2
3549 177.2
3550 177.25
3551 177.25
3552 177.25
3553 177.25
3554 177.3
3555 177.3
3556 177.3
3557 177.3
3558 177.3
3559 177.3
3560 177.3
3561 177.35
3562 177.35
3563 177.35
3564 177.35
3565 177.35
3566 177.35
3567 177.35
3568 177.35
3569 177.35
3570 177.35
3571 177.35
3572 177.35
3573 177.35
3574 177.35
3575 177.35
3576 177.35
3577 177.45
3578 177.45
3579 177.45
3580 177.45
3581 177.5
3582 177.5
3583 177.5
3584 177.5
3585 177.65
3586 177.65
3587 177.65
3588 177.65
3589 177.65
3590 177.65
3591 177.65
3592 177.7
3593 177.75
3594 177.75
3595 177.75
3596 177.75
3597 177.75
3598 177.75
3599 177.75
3600 177.75
3601 177.75
3602 177.75
3603 177.75
3604 177.75
3605 177.75
3606 177.75
3607 177.75
3608 177.75
3609 177.75
3610 177.75
3611 177.75
3612 177.75
3613 177.75
3614 177.75
3615 177.75
3616 177.75
3617 177.75
3618 177.75
3619 177.75
3620 177.75
3621 177.75
3622 177.75
3623 177.75
3624 177.75
3625 177.75
3626 177.75
3627 177.75
3628 177.75
3629 177.75
3630 177.75
3631 177.75
3632 177.75
3633 177.75
3634 177.75
3635 177.75
3636 177.75
3637 177.75
3638 177.75
3639 177.75
3640 177.75
3641 177.75
3642 177.75
3643 177.75
3644 177.75
3645 177.75
3646 177.75
3647 177.75
3648 177.75
3649 177.75
3650 177.75
3651 177.75
3652 177.75
3653 177.75
3654 177.75
3655 177.75
3656 177.75
3657 177.8
3658 177.8
3659 177.8
3660 177.8
3661 177.95
3662 177.95
3663 177.95
3664 177.95
3665 177.95
3666 177.95
3667 177.95
3668 177.95
3669 177.95
3670 177.95
3671 177.95
3672 177.95
3673 177.95
3674 177.95
3675 177.95
3676 177.95
3677 177.95
3678 177.95
3679 177.95
3680 178.0
3681 178.0
3682 178.0
3683 178.05
3684 178.05
3685 178.05
3686 178.05
3687 178.05
3688 178.05
3689 178.05
3690 178.05
3691 178.05
3692 178.05
3693 178.05
3694 178.05
3695 178.05
3696 178.05
3697 178.05
3698 178.05
3699 178.05
3700 178.05
3701 178.05
3702 178.05
3703 178.05
3704 178.05
3705 178.05
3706 178.05
3707 178.05
3708 178.05
3709 178.05
3710 178.05
3711 178.05
3712 178.05
3713 178.05
3714 178.05
3715 178.05
3716 178.05
3717 178.05
3718 178.1
3719 178.1
3720 178.1
3721 178.1
3722 178.1
3723 178.15
3724 178.15
3725 178.15
3726 178.15
3727 178.15
3728 178.15
3729 178.15
3730 178.15
3731 178.15
3732 178.2
3733 178.2
3734 178.2
3735 178.2
3736 178.2
3737 178.2
3738 178.2
3739 178.2
3740 178.2
3741 178.2
3742 178.2
3743 178.2
3744 178.2
3745 178.25
3746 178.25
3747 178.25
3748 178.3
3749 178.3
3750 178.3
3751 178.3
3752 178.3
3753 178.3
3754 178.3
3755 178.3
3756 178.3
3757 178.3
3758 178.3
3759 178.3
3760 178.3
3761 178.3
3762 178.3
3763 178.3
3764 178.3
3765 178.3
3766 178.3
3767 178.3
3768 178.3
3769 178.3
3770 178.3
3771 178.3
3772 178.3
3773 178.3
3774 178.3
3775 178.3
3776 178.3
3777 178.3
3778 178.3
3779 178.3
3780 178.35
3781 178.35
3782 178.35
3783 178.35
3784 178.35
3785 178.35
3786 178.35
3787 178.35
3788 178.35
3789 178.35
3790 178.35
3791 178.35
3792 178.35
3793 178.35
3794 178.35
3795 178.4
3796 178.4
3797 178.4
3798 178.4
3799 178.4
3800 178.4
3801 178.4
3802 178.4
3803 178.4
3804 178.4
3805 178.4
3806 178.4
3807 178.4
3808 178.4
3809 178.4
3810 178.4
3811 178.4
3812 178.4
3813 178.4
3814 178.4
3815 178.4
3816 178.4
3817 178.4
3818 178.4
3819 178.4
3820 178.4
3821 178.4
3822 178.4
3823 178.45
3824 178.45
3825 178.45
3826 178.45
3827 178.45
3828 178.45
3829 178.45
3830 178.45
3831 178.45
3832 178.45
3833 178.45
3834 178.45
3835 178.45
3836 178.45
3837 178.45
3838 178.45
3839 178.45
3840 178.45
3841 178.45
3842 178.45
3843 178.45
3844 178.45
3845 178.45
3846 178.5
3847 178.6
3848 178.6
3849 178.6
3850 178.65
3851 178.65
3852 178.65
3853 178.65
3854 178.65
3855 178.65
3856 178.65
3857 178.65
3858 178.65
3859 178.65
3860 178.65
3861 178.65
3862 178.65
3863 178.65
3864 178.65
3865 178.65
3866 178.65
3867 178.7
3868 178.7
3869 178.7
3870 178.7
3871 178.7
3872 178.7
3873 178.7
3874 178.7
3875 178.7
3876 178.75
3877 178.75
3878 178.75
3879 178.75
3880 178.75
3881 178.75
3882 178.75
3883 178.75
3884 178.75
3885 178.75
3886 178.75
3887 178.75
3888 178.75
3889 178.8
3890 178.8
3891 178.8
3892 178.8
3893 178.8
3894 178.8
3895 178.8
3896 178.8
3897 178.8
3898 178.8
3899 178.8
3900 178.8
3901 178.8
3902 178.8
3903 178.8
3904 178.8
3905 178.8
3906 178.8
3907 178.8
3908 178.8
3909 178.8
3910 178.8
3911 178.8
3912 178.8
3913 178.8
3914 178.8
3915 178.8
3916 178.9
3917 178.9
3918 178.9
3919 178.9
3920 178.9
3921 178.95
3922 178.95
3923 178.95
3924 178.95
3925 178.95
3926 178.95
3927 178.95
3928 178.95
3929 178.95
3930 178.95
3931 178.95
3932 178.95
3933 179.0
3934 179.0
3935 179.0
3936 179.0
3937 179.0
3938 179.0
3939 179.0
3940 179.0
3941 179.0
3942 179.0
3943 179.0
3944 179.0
3945 179.0
3946 179.1
3947 179.1
3948 179.1
3949 179.1
3950 179.1
3951 179.1
3952 179.1
3953 179.1
3954 179.1
3955 179.1
3956 179.1
3957 179.1
3958 179.1
3959 179.1
3960 179.1
3961 179.1
3962 179.1
3963 179.1
3964 179.1
3965 179.1
3966 179.1
3967 179.1
3968 179.1
3969 179.1
3970 179.1
3971 179.2
3972 179.2
3973 179.2
3974 179.2
3975 179.2
3976 179.2
3977 179.2
3978 179.25
3979 179.25
3980 179.25
3981 179.25
3982 179.25
3983 179.3
3984 179.3
3985 179.3
3986 179.3
3987 179.3
3988 179.3
3989 179.3
3990 179.3
3991 179.3
3992 179.3
3993 179.3
3994 179.3
3995 179.3
3996 179.3
3997 179.3
3998 179.3
3999 179.3
4000 179.3
4001 179.3
4002 179.3
4003 179.3
4004 179.3
4005 179.3
4006 179.3
4007 179.3
4008 179.3
4009 179.3
4010 179.3
4011 179.3
4012 179.3
4013 179.3
4014 179.3
4015 179.3
4016 179.3
4017 179.3
4018 179.3
4019 179.3
4020 179.3
4021 179.3
4022 179.3
4023 179.3
4024 179.3
4025 179.3
4026 179.3
4027 179.3
4028 179.3
4029 179.3
4030 179.3
4031 179.3
4032 179.3
4033 179.4
4034 179.4
4035 179.4
4036 179.4
4037 179.4
4038 179.4
4039 179.4
4040 179.4
4041 179.4
4042 179.45
4043 179.45
4044 179.45
4045 179.45
4046 179.45
4047 179.45
4048 179.5
4049 179.5
4050 179.5
4051 179.55
4052 179.55
4053 179.55
4054 179.55
4055 179.55
4056 179.55
4057 179.55
4058 179.55
4059 179.6
4060 179.6
4061 179.6
4062 179.6
4063 179.6
4064 179.6
4065 179.6
4066 179.6
4067 179.6
4068 179.6
4069 179.6
4070 179.6
4071 179.6
4072 179.6
4073 179.7
4074 179.7
4075 179.7
4076 179.7
4077 179.7
4078 179.7
4079 179.7
4080 179.75
4081 179.75
4082 179.75
4083 179.75
4084 179.75
4085 179.75
4086 179.75
4087 179.75
4088 179.75
4089 179.75
4090 179.75
4091 179.75
4092 179.75
4093 179.75
4094 179.75
4095 179.75
4096 179.75
4097 179.75
4098 179.75
4099 179.75
4100 179.75
4101 179.75
4102 179.75
4103 179.75
4104 179.75
4105 179.75
4106 179.75
4107 179.75
4108 179.75
4109 179.75
4110 179.75
4111 179.75
4112 179.75
4113 179.75
4114 179.75
4115 179.75
4116 179.75
4117 179.75
4118 179.75
4119 179.75
4120 179.75
4121 179.8
4122 179.85
4123 179.85
4124 179.85
4125 179.9
4126 179.9
4127 179.9
4128 179.9
4129 179.9
4130 179.9
4131 179.9
4132 179.9
4133 179.9
4134 179.9
4135 179.9
4136 179.9
4137 179.9
4138 179.9
4139 179.9
4140 179.9
4141 179.9
4142 179.9
4143 179.9
4144 179.9
4145 179.9
4146 179.9
4147 179.9
4148 179.9
4149 179.9
4150 179.9
4151 179.9
4152 179.9
4153 179.95
4154 179.95
4155 179.95
4156 179.95
4157 179.95
4158 179.95
4159 179.95
4160 179.95
4161 179.95
4162 179.95
4163 179.95
4164 179.95
4165 180.0
4166 180.0
4167 180.0
4168 180.0
4169 180.0
4170 180.0
4171 180.0
4172 180.0
4173 180.0
4174 180.05
4175 180.05
4176 180.05
4177 180.05
4178 180.05
4179 180.05
4180 180.05
4181 180.05
4182 180.05
4183 180.05
4184 180.05
4185 180.05
4186 180.05
4187 180.05
4188 180.05
4189 180.05
4190 180.05
4191 180.05
4192 180.1
4193 180.1
4194 180.1
4195 180.1
4196 180.1
4197 180.1
4198 180.1
4199 180.1
4200 180.1
4201 180.1
4202 180.1
4203 180.1
4204 180.1
4205 180.1
4206 180.1
4207 180.1
4208 180.1
4209 180.1
4210 180.1
4211 180.1
4212 180.1
4213 180.1
4214 180.1
4215 180.1
4216 180.1
4217 180.1
4218 180.1
4219 180.1
4220 180.1
4221 180.1
4222 180.1
4223 180.1
4224 180.1
4225 180.1
4226 180.1
4227 180.1
4228 180.1
4229 180.1
4230 180.1
4231 180.1
4232 180.1
4233 180.15
4234 180.15
4235 180.15
4236 180.15
4237 180.15
4238 180.15
4239 180.15
4240 180.15
4241 180.3
4242 180.3
4243 180.3
4244 180.3
4245 180.3
4246 180.35
4247 180.35
4248 180.35
4249 180.35
4250 180.35
4251 180.35
4252 180.35
4253 180.4
4254 180.4
4255 180.4
4256 180.4
4257 180.4
4258 180.4
4259 180.4
4260 180.4
4261 180.4
4262 180.45
4263 180.45
4264 180.45
4265 180.45
4266 180.45
4267 180.45
4268 180.45
4269 180.45
4270 180.45
4271 180.55
4272 180.55
4273 180.55
4274 180.55
4275 180.55
4276 180.55
4277 180.55
4278 180.55
4279 180.55
4280 180.55
4281 180.55
4282 180.55
4283 180.55
4284 180.55
4285 180.55
4286 180.55
4287 180.55
4288 180.55
4289 180.55
4290 180.55
4291 180.55
4292 180.55
4293 180.55
4294 180.55
4295 180.55
4296 180.55
4297 180.55
4298 180.55
4299 180.55
4300 180.6
4301 180.6
4302 180.6
4303 180.6
4304 180.75
4305 180.75
4306 180.75
4307 180.75
4308 180.75
4309 180.75
4310 180.85
4311 180.85
4312 180.85
4313 180.85
4314 180.85
4315 180.85
4316 180.85
4317 180.85
4318 180.85
4319 180.85
4320 180.85
4321 180.85
4322 180.85
4323 180.85
4324 180.9
4325 180.9
4326 180.9
4327 180.9
4328 180.9
4329 180.9
4330 180.9
4331 180.9
4332 180.9
4333 180.95
4334 180.95
4335 180.95
4336 180.95
4337 180.95
4338 180.95
4339 181.0
4340 181.0
4341 181.0
4342 181.0
4343 181.0
4344 181.0
4345 181.0
4346 181.0
4347 181.0
4348 181.0
4349 181.0
4350 181.0
4351 181.0
4352 181.05
4353 181.05
4354 181.05
4355 181.05
4356 181.05
4357 181.05
4358 181.05
4359 181.05
4360 181.05
4361 181.2
4362 181.2
4363 181.2
4364 181.2
4365 181.2
4366 181.2
4367 181.2
4368 181.2
4369 181.2
4370 181.2
4371 181.2
4372 181.2
4373 181.2
4374 181.2
4375 181.2
4376 181.2
4377 181.2
4378 181.2
4379 181.2
4380 181.2
4381 181.2
4382 181.2
4383 181.25
4384 181.25
4385 181.25
4386 181.25
4387 181.25
4388 181.25
4389 181.25
4390 181.3
4391 181.3
4392 181.3
4393 181.3
4394 181.3
4395 181.3
4396 181.3
4397 181.45
4398 181.45
4399 181.45
4400 181.45
4401 181.45
4402 181.45
4403 181.45
4404 181.45
4405 181.45
4406 181.5
4407 181.5
4408 181.5
4409 181.5
4410 181.5
4411 181.5
4412 181.5
4413 181.5
4414 181.5
4415 181.5
4416 181.5
4417 181.5
4418 181.5
4419 181.5
4420 181.5
4421 181.5
4422 181.5
4423 181.5
4424 181.5
4425 181.5
4426 181.5
4427 181.55
4428 181.55
4429 181.55
4430 181.55
4431 181.55
4432 181.55
4433 181.55
4434 181.55
4435 181.55
4436 181.55
4437 181.55
4438 181.55
4439 181.55
4440 181.55
4441 181.55
4442 181.55
4443 181.55
4444 181.55
4445 181.55
4446 181.55
4447 181.55
4448 181.55
4449 181.55
4450 181.55
4451 181.55
4452 181.55
4453 181.55
4454 181.55
4455 181.6
4456 181.6
4457 181.6
4458 181.6
4459 181.6
4460 181.6
4461 181.6
4462 181.6
4463 181.6
4464 181.6
4465 181.6
4466 181.6
4467 181.6
4468 181.6
4469 181.6
4470 181.6
4471 181.6
4472 181.6
4473 181.6
4474 181.6
4475 181.6
4476 181.6
4477 181.6
4478 181.6
4479 181.6
4480 181.6
4481 181.6
4482 181.6
4483 181.65
4484 181.65
4485 181.7
4486 181.7
4487 181.7
4488 181.7
4489 181.7
4490 181.7
4491 181.7
4492 181.7
4493 181.75
4494 181.75
4495 181.8
4496 181.8
4497 181.8
4498 181.8
4499 181.8
4500 181.8
4501 181.8
4502 181.8
4503 181.8
4504 181.8
4505 181.85
4506 181.85
4507 181.85
4508 181.85
4509 181.85
4510 181.85
4511 181.85
4512 181.85
4513 181.85
4514 181.85
4515 181.85
4516 181.85
4517 181.85
4518 181.85
4519 181.9
4520 181.9
4521 181.9
4522 181.9
4523 181.9
4524 181.9
4525 181.9
4526 181.9
4527 181.9
4528 181.9
4529 181.9
4530 181.9
4531 181.9
4532 181.9
4533 181.9
4534 181.9
4535 181.9
4536 181.9
4537 181.9
4538 181.9
4539 181.9
4540 181.9
4541 181.9
4542 181.9
4543 181.95
4544 181.95
4545 181.95
4546 181.95
4547 181.95
4548 181.95
4549 181.95
4550 181.95
4551 181.95
4552 181.95
4553 181.95
4554 181.95
4555 181.95
4556 181.95
4557 181.95
4558 181.95
4559 181.95
4560 181.95
4561 181.95
4562 181.95
4563 181.95
4564 181.95
4565 181.95
4566 182.0
4567 182.0
4568 182.0
4569 182.0
4570 182.0
4571 182.0
4572 182.0
4573 182.05
4574 182.05
4575 182.05
4576 182.05
4577 182.05
4578 182.05
4579 182.05
4580 182.05
4581 182.05
4582 182.05
4583 182.05
4584 182.05
4585 182.05
4586 182.05
4587 182.05
4588 182.05
4589 182.05
4590 182.05
4591 182.1
4592 182.1
4593 182.1
4594 182.1
4595 182.1
4596 182.1
4597 182.1
4598 182.1
4599 182.1
4600 182.1
4601 182.1
4602 182.1
4603 182.1
4604 182.1
4605 182.1
4606 182.1
4607 182.1
4608 182.1
4609 182.1
4610 182.1
4611 182.1
4612 182.1
4613 182.1
4614 182.1
4615 182.1
4616 182.1
4617 182.1
4618 182.1
4619 182.1
4620 182.1
4621 182.1
4622 182.1
4623 182.1
4624 182.1
4625 182.1
4626 182.1
4627 182.1
4628 182.1
4629 182.15
4630 182.15
4631 182.15
4632 182.15
4633 182.15
4634 182.15
4635 182.15
4636 182.15
4637 182.15
4638 182.15
4639 182.15
4640 182.15
4641 182.15
4642 182.15
4643 182.15
4644 182.15
4645 182.15
4646 182.15
4647 182.2
4648 182.25
4649 182.25
4650 182.25
4651 182.3
4652 182.3
4653 182.3
4654 182.3
4655 182.3
4656 182.3
4657 182.3
4658 182.3
4659 182.3
4660 182.3
4661 182.3
4662 182.3
4663 182.35
4664 182.35
4665 182.35
4666 182.35
4667 182.35
4668 182.35
4669 182.35
4670 182.35
4671 182.35
4672 182.35
4673 182.35
4674 182.35
4675 182.35
4676 182.35
4677 182.35
4678 182.35
4679 182.35
4680 182.35
4681 182.35
4682 182.35
4683 182.35
4684 182.35
4685 182.35
4686 182.35
4687 182.35
4688 182.4
4689 182.4
4690 182.4
4691 182.4
4692 182.4
4693 182.4
4694 182.4
4695 182.4
4696 182.4
4697 182.4
4698 182.4
4699 182.4
4700 182.4
4701 182.4
4702 182.4
4703 182.4
4704 182.4
4705 182.4
4706 182.4
4707 182.4
4708 182.4
4709 182.4
4710 182.4
4711 182.4
4712 182.4
4713 182.4
4714 182.4
4715 182.4
4716 182.4
4717 182.4
4718 182.4
4719 182.4
4720 182.4
4721 182.4
4722 182.4
4723 182.4
4724 182.4
4725 182.4
4726 182.4
4727 182.4
4728 182.4
4729 182.4
4730 182.4
4731 182.4
4732 182.4
4733 182.4
4734 182.4
4735 182.4
4736 182.4
4737 182.4
4738 182.4
4739 182.4
4740 182.4
4741 182.4
4742 182.4
4743 182.4
4744 182.4
4745 182.4
4746 182.4
4747 182.4
4748 182.4
4749 182.4
4750 182.4
4751 182.4
4752 182.4
4753 182.4
4754 182.4
4755 182.4
4756 182.4
4757 182.4
4758 182.4
4759 182.45
4760 182.45
4761 182.45
4762 182.45
4763 182.45
4764 182.5
4765 182.55
4766 182.55
4767 182.55
4768 182.55
4769 182.55
4770 182.55
4771 182.6
4772 182.65
4773 182.65
4774 182.65
4775 182.65
4776 182.65
4777 182.65
4778 182.65
4779 182.7
4780 182.7
4781 182.7
4782 182.7
4783 182.7
4784 182.7
4785 182.7
4786 182.7
4787 182.7
4788 182.7
4789 182.7
4790 182.7
4791 182.7
4792 182.7
4793 182.7
4794 182.7
4795 182.7
4796 182.7
4797 182.7
4798 182.7
4799 182.7
4800 182.7
4801 182.7
4802 182.7
4803 182.7
4804 182.7
4805 182.7
4806 182.7
4807 182.7
4808 182.7
4809 182.75
4810 182.75
4811 182.75
4812 182.75
4813 182.85
4814 182.85
4815 182.85
4816 182.85
4817 182.85
4818 182.85
4819 182.85
4820 182.9
4821 182.9
4822 182.9
4823 182.95
4824 182.95
4825 182.95
4826 182.95
4827 182.95
4828 182.95
4829 182.95
4830 182.95
4831 182.95
4832 182.95
4833 182.95
4834 182.95
4835 182.95
4836 182.95
4837 182.95
4838 182.95
4839 182.95
4840 183.0
4841 183.0
4842 183.0
4843 183.0
4844 183.0
4845 183.0
4846 183.0
4847 183.0
4848 183.0
4849 183.0
4850 183.0
4851 183.0
4852 183.0
4853 183.0
4854 183.0
4855 183.0
4856 183.0
4857 183.0
4858 183.0
4859 183.0
4860 183.0
4861 183.0
4862 183.0
4863 183.0
4864 183.0
4865 183.0
4866 183.0
4867 183.0
4868 183.0
4869 183.05
4870 183.05
4871 183.05
4872 183.05
4873 183.05
4874 183.05
4875 183.05
4876 183.05
4877 183.05
4878 183.05
4879 183.05
4880 183.05
4881 183.05
4882 183.05
4883 183.05
4884 183.05
4885 183.05
4886 183.05
4887 183.05
4888 183.05
4889 183.05
4890 183.05
4891 183.05
4892 183.05
4893 183.05
4894 183.05
4895 183.05
4896 183.05
4897 183.05
4898 183.05
4899 183.05
4900 183.05
4901 183.05
4902 183.05
4903 183.05
4904 183.05
4905 183.15
4906 183.15
4907 183.15
4908 183.15
4909 183.15
4910 183.15
4911 183.2
4912 183.2
4913 183.2
4914 183.2
4915 183.2
4916 183.2
4917 183.2
4918 183.2
4919 183.2
4920 183.2
4921 183.2
4922 183.2
4923 183.2
4924 183.2
4925 183.2
4926 183.2
4927 183.2
4928 183.2
4929 183.2
4930 183.2
4931 183.2
4932 183.2
4933 183.2
4934 183.2
4935 183.2
4936 183.2
4937 183.2
4938 183.2
4939 183.2
4940 183.2
4941 183.2
4942 183.2
4943 183.2
4944 183.2
4945 183.2
4946 183.2
4947 183.2
4948 183.2
4949 183.2
4950 183.2
4951 183.2
4952 183.2
4953 183.2
4954 183.2
4955 183.2
4956 183.2
4957 183.2
4958 183.25
4959 183.25
4960 183.25
4961 183.25
4962 183.25
4963 183.25
4964 183.25
4965 183.25
4966 183.25
4967 183.25
4968 183.25
4969 183.25
4970 183.25
4971 183.3
4972 183.3
4973 183.3
4974 183.3
4975 183.3
4976 183.3
4977 183.3
4978 183.3
4979 183.3
4980 183.35
4981 183.4
4982 183.4
4983 183.4
4984 183.4
4985 183.4
4986 183.4
4987 183.5
4988 183.5
4989 183.5
4990 183.5
4991 183.5
4992 183.5
4993 183.5
4994 183.5
4995 183.5
4996 183.5
4997 183.5
4998 183.5
4999 183.5
5000 183.5
5001 183.5
5002 183.5
5003 183.5
5004 183.5
5005 183.55
5006 183.55
5007 183.55
5008 183.55
5009 183.55
5010 183.55
5011 183.55
5012 183.55
5013 183.55
5014 183.55
5015 183.55
5016 183.55
5017 183.55
5018 183.55
5019 183.55
5020 183.55
5021 183.55
5022 183.55
5023 183.55
5024 183.55
5025 183.55
5026 183.55
5027 183.55
5028 183.55
5029 183.55
5030 183.55
5031 183.55
5032 183.6
5033 183.6
5034 183.6
5035 183.6
5036 183.6
5037 183.6
5038 183.6
5039 183.6
5040 183.6
5041 183.6
5042 183.6
5043 183.6
5044 183.65
5045 183.65
5046 183.65
5047 183.65
5048 183.65
5049 183.65
5050 183.65
5051 183.65
5052 183.65
5053 183.65
5054 183.65
5055 183.65
5056 183.65
5057 183.65
5058 183.65
5059 183.65
5060 183.65
5061 183.65
5062 183.65
5063 183.65
5064 183.65
5065 183.65
5066 183.65
5067 183.65
5068 183.65
5069 183.65
5070 183.65
5071 183.65
5072 183.65
5073 183.65
5074 183.65
5075 183.65
5076 183.65
5077 183.65
5078 183.65
5079 183.65
5080 183.65
5081 183.65
5082 183.65
5083 183.65
5084 183.65
5085 183.65
5086 183.65
5087 183.65
5088 183.65
5089 183.65
5090 183.65
5091 183.65
5092 183.65
5093 183.65
5094 183.65
5095 183.65
5096 183.65
5097 183.65
5098 183.65
5099 183.65
5100 183.65
5101 183.65
5102 183.65
5103 183.65
5104 183.65
5105 183.65
5106 183.7
5107 183.7
5108 183.7
5109 183.7
5110 183.7
5111 183.7
5112 183.7
5113 183.7
5114 183.7
5115 183.7
5116 183.7
5117 183.7
5118 183.7
5119 183.7
5120 183.75
5121 183.75
5122 183.75
5123 183.75
5124 183.75
5125 183.75
5126 183.75
5127 183.75
5128 183.75
5129 183.75
5130 183.75
5131 183.75
5132 183.75
5133 183.75
5134 183.75
5135 183.75
5136 183.75
5137 183.75
5138 183.75
5139 183.75
5140 183.75
5141 183.75
5142 183.75
5143 183.75
5144 183.75
5145 183.75
5146 183.75
5147 183.75
5148 183.75
5149 183.75
5150 183.75
5151 183.75
5152 183.75
5153 183.75
5154 183.75
5155 183.75
5156 183.75
5157 183.75
5158 183.75
5159 183.75
5160 183.75
5161 183.75
5162 183.75
5163 183.75
5164 183.75
5165 183.75
5166 183.75
5167 183.75
5168 183.75
5169 183.75
5170 183.75
5171 183.8
5172 183.8
5173 183.8
5174 183.85
5175 183.85
5176 183.85
5177 183.85
5178 183.85
5179 183.85
5180 183.85
5181 183.85
5182 183.9
5183 183.9
5184 183.9
5185 183.9
5186 183.9
5187 183.9
5188 183.9
5189 183.9
5190 183.9
5191 183.9
5192 183.9
5193 183.9
5194 183.9
5195 183.9
5196 183.9
5197 183.9
5198 183.9
5199 183.9
5200 183.9
5201 183.9
5202 183.9
5203 183.9
5204 183.9
5205 183.9
5206 183.9
5207 183.9
5208 183.9
5209 183.9
5210 183.9
5211 183.9
5212 183.9
5213 183.9
5214 183.9
5215 183.9
5216 183.9
5217 183.9
5218 183.9
5219 183.9
5220 183.9
5221 183.9
5222 183.9
5223 183.9
5224 183.9
5225 183.9
5226 183.9
5227 183.9
5228 183.9
5229 183.9
5230 183.9
5231 183.9
5232 183.9
5233 183.9
5234 183.95
5235 183.95
5236 183.95
5237 183.95
5238 183.95
5239 183.95
5240 183.95
5241 183.95
5242 183.95
5243 183.95
5244 183.95
5245 183.95
5246 183.95
5247 183.95
5248 183.95
5249 183.95
5250 183.95
5251 183.95
5252 183.95
5253 184.05
5254 184.05
5255 184.05
5256 184.05
5257 184.05
5258 184.05
5259 184.05
5260 184.05
5261 184.05
5262 184.05
5263 184.05
5264 184.05
5265 184.05
5266 184.05
5267 184.05
5268 184.05
5269 184.15
5270 184.2
5271 184.2
5272 184.2
5273 184.2
5274 184.2
5275 184.2
5276 184.2
5277 184.2
5278 184.2
5279 184.2
5280 184.2
5281 184.2
5282 184.2
5283 184.2
5284 184.2
5285 184.2
5286 184.25
5287 184.25
5288 184.25
5289 184.25
5290 184.25
5291 184.25
5292 184.25
5293 184.25
5294 184.25
5295 184.25
5296 184.25
5297 184.25
5298 184.25
5299 184.25
5300 184.25
5301 184.25
5302 184.25
5303 184.25
5304 184.25
5305 184.25
5306 184.25
5307 184.25
5308 184.25
5309 184.25
5310 184.25
5311 184.3
5312 184.3
5313 184.3
5314 184.3
5315 184.3
5316 184.3
5317 184.3
5318 184.3
5319 184.3
5320 184.3
5321 184.3
5322 184.3
5323 184.3
5324 184.3
5325 184.3
5326 184.3
5327 184.4
5328 184.4
5329 184.4
5330 184.4
5331 184.4
5332 184.4
5333 184.4
5334 184.4
5335 184.4
5336 184.4
5337 184.4
5338 184.4
5339 184.4
5340 184.4
5341 184.4
5342 184.45
5343 184.45
5344 184.45
5345 184.45
5346 184.45
5347 184.45
5348 184.45
5349 184.45
5350 184.45
5351 184.45
5352 184.45
5353 184.5
5354 184.5
5355 184.5
5356 184.5
5357 184.5
5358 184.5
5359 184.5
5360 184.5
5361 184.5
5362 184.5
5363 184.5
5364 184.5
5365 184.5
5366 184.5
5367 184.5
5368 184.5
5369 184.5
5370 184.5
5371 184.5
5372 184.5
5373 184.5
5374 184.5
5375 184.5
5376 184.5
5377 184.5
5378 184.5
5379 184.5
5380 184.5
5381 184.5
5382 184.5
5383 184.5
5384 184.5
5385 184.5
5386 184.5
5387 184.5
5388 184.5
5389 184.5
5390 184.5
5391 184.5
5392 184.5
5393 184.5
5394 184.55
5395 184.55
5396 184.55
5397 184.55
5398 184.55
5399 184.55
5400 184.55
5401 184.55
5402 184.55
5403 184.55
5404 184.55
5405 184.55
5406 184.55
5407 184.55
5408 184.55
5409 184.55
5410 184.55
5411 184.55
5412 184.55
5413 184.55
5414 184.55
5415 184.55
5416 184.55
5417 184.55
5418 184.55
5419 184.55
5420 184.55
5421 184.55
5422 184.55
5423 184.55
5424 184.55
5425 184.55
5426 184.55
5427 184.55
5428 184.55
5429 184.55
5430 184.55
5431 184.55
5432 184.55
5433 184.55
5434 184.55
5435 184.55
5436 184.55
5437 184.6
5438 184.6
5439 184.65
5440 184.65
5441 184.65
5442 184.65
5443 184.65
5444 184.65
5445 184.65
5446 184.65
5447 184.65
5448 184.65
5449 184.65
5450 184.7
5451 184.7
5452 184.7
5453 184.7
5454 184.7
5455 184.7
5456 184.7
5457 184.7
5458 184.7
5459 184.7
5460 184.7
5461 184.7
5462 184.7
5463 184.7
5464 184.7
5465 184.7
5466 184.7
5467 184.7
5468 184.7
5469 184.7
5470 184.7
5471 184.7
5472 184.7
5473 184.7
5474 184.7
5475 184.7
5476 184.7
5477 184.7
5478 184.7
5479 184.75
5480 184.75
5481 184.75
5482 184.75
5483 184.75
5484 184.75
5485 184.75
5486 184.75
5487 184.75
5488 184.75
5489 184.75
5490 184.75
5491 184.75
5492 184.75
5493 184.75
5494 184.75
5495 184.75
5496 184.75
5497 184.75
5498 184.75
5499 184.75
5500 184.75
5501 184.75
5502 184.75
5503 184.75
5504 184.75
5505 184.75
5506 184.75
5507 184.75
5508 184.75
5509 184.8
5510 184.8
5511 184.8
5512 184.8
5513 184.8
5514 184.85
5515 184.85
5516 184.85
5517 184.85
5518 184.85
5519 184.85
5520 184.85
5521 184.85
5522 184.85
5523 184.85
5524 184.85
5525 184.9
5526 184.9
5527 184.9
5528 184.9
5529 184.9
5530 184.9
5531 184.9
5532 184.9
5533 184.9
5534 184.9
5535 184.9
5536 184.9
5537 185.0
5538 185.0
5539 185.0
5540 185.0
5541 185.0
5542 185.0
5543 185.0
5544 185.05
5545 185.05
5546 185.05
5547 185.05
5548 185.05
5549 185.05
5550 185.1
5551 185.1
5552 185.1
5553 185.1
5554 185.1
5555 185.1
5556 185.1
5557 185.1
5558 185.1
5559 185.1
5560 185.1
5561 185.1
5562 185.1
5563 185.1
5564 185.1
5565 185.1
5566 185.1
5567 185.1
5568 185.1
5569 185.1
5570 185.1
5571 185.1
5572 185.1
5573 185.1
5574 185.1
5575 185.1
5576 185.1
5577 185.1
5578 185.1
5579 185.1
5580 185.1
5581 185.1
5582 185.15
5583 185.15
5584 185.15
5585 185.15
5586 185.15
5587 185.15
5588 185.15
5589 185.15
5590 185.2
5591 185.2
5592 185.2
5593 185.2
5594 185.2
5595 185.2
5596 185.25
5597 185.3
5598 185.3
5599 185.3
5600 185.3
5601 185.3
5602 185.3
5603 185.3
5604 185.3
5605 185.3
5606 185.3
5607 185.35
5608 185.35
5609 185.35
5610 185.35
5611 185.35
5612 185.35
5613 185.35
5614 185.35
5615 185.35
5616 185.35
5617 185.35
5618 185.35
5619 185.35
5620 185.35
5621 185.35
5622 185.35
5623 185.35
5624 185.35
5625 185.35
5626 185.35
5627 185.35
5628 185.35
5629 185.35
5630 185.35
5631 185.35
5632 185.35
5633 185.35
5634 185.35
5635 185.35
5636 185.35
5637 185.35
5638 185.35
5639 185.35
5640 185.35
5641 185.35
5642 185.35
5643 185.35
5644 185.35
5645 185.35
5646 185.35
5647 185.35
5648 185.35
5649 185.35
5650 185.35
5651 185.35
5652 185.4
5653 185.4
5654 185.4
5655 185.4
5656 185.4
5657 185.4
5658 185.4
5659 185.4
5660 185.4
5661 185.4
5662 185.4
5663 185.4
5664 185.4
5665 185.4
5666 185.4
5667 185.4
5668 185.4
5669 185.4
5670 185.4
5671 185.4
5672 185.4
5673 185.4
5674 185.4
5675 185.4
5676 185.4
5677 185.4
5678 185.4
5679 185.4
5680 185.4
5681 185.4
5682 185.4
5683 185.4
5684 185.4
5685 185.4
5686 185.4
5687 185.4
5688 185.4
5689 185.4
5690 185.4
5691 185.4
5692 185.45
5693 185.45
5694 185.45
5695 185.45
5696 185.45
5697 185.45
5698 185.45
5699 185.45
5700 185.45
5701 185.45
5702 185.45
5703 185.45
5704 185.45
5705 185.45
5706 185.45
5707 185.45
5708 185.45
5709 185.45
5710 185.45
5711 185.45
5712 185.45
5713 185.45
5714 185.45
5715 185.45
5716 185.45
5717 185.45
5718 185.45
5719 185.45
5720 185.45
5721 185.45
5722 185.45
5723 185.45
5724 185.45
5725 185.45
5726 185.45
5727 185.45
5728 185.45
5729 185.45
5730 185.45
5731 185.45
5732 185.45
5733 185.45
5734 185.45
5735 185.45
5736 185.45
5737 185.45
5738 185.45
5739 185.45
5740 185.45
5741 185.45
5742 185.45
5743 185.45
5744 185.45
5745 185.45
5746 185.45
5747 185.45
5748 185.45
5749 185.45
5750 185.45
5751 185.45
5752 185.45
5753 185.45
5754 185.45
5755 185.45
5756 185.45
5757 185.45
5758 185.5
5759 185.5
5760 185.5
5761 185.5
5762 185.5
5763 185.5
5764 185.5
5765 185.55
5766 185.55
5767 185.55
5768 185.55
5769 185.55
5770 185.55
5771 185.6
5772 185.6
5773 185.6
5774 185.6
5775 185.65
5776 185.65
5777 185.65
5778 185.65
5779 185.65
5780 185.65
5781 185.65
5782 185.65
5783 185.65
5784 185.65
5785 185.65
5786 185.65
5787 185.65
5788 185.65
5789 185.65
5790 185.65
5791 185.65
5792 185.65
5793 185.65
5794 185.7
5795 185.7
5796 185.7
5797 185.7
5798 185.7
5799 185.7
5800 185.7
5801 185.7
5802 185.7
5803 185.7
5804 185.7
5805 185.7
5806 185.7
5807 185.7
5808 185.7
5809 185.7
5810 185.7
5811 185.7
5812 185.7
5813 185.7
5814 185.7
5815 185.7
5816 185.7
5817 185.7
5818 185.7
5819 185.7
5820 185.7
5821 185.7
5822 185.7
5823 185.7
5824 185.7
5825 185.75
5826 185.75
5827 185.75
5828 185.75
5829 185.75
5830 185.75
5831 185.75
5832 185.75
5833 185.75
5834 185.75
5835 185.75
5836 185.75
5837 185.75
5838 185.75
5839 185.75
5840 185.75
5841 185.75
5842 185.75
5843 185.75
5844 185.75
5845 185.75
5846 185.75
5847 185.75
5848 185.75
5849 185.75
5850 185.75
5851 185.75
5852 185.75
5853 185.75
5854 185.8
5855 185.8
5856 185.8
5857 185.8
5858 185.8
5859 185.8
5860 185.8
5861 185.8
5862 185.8
5863 185.8
5864 185.8
5865 185.8
5866 185.8
5867 185.8
5868 185.8
5869 185.8
5870 185.8
5871 185.8
5872 185.8
5873 185.8
5874 185.85
5875 185.85
5876 185.85
5877 185.85
5878 185.85
5879 185.85
5880 185.85
5881 185.85
5882 185.85
5883 185.85
5884 185.85
5885 185.85
5886 185.85
5887 185.9
5888 185.9
5889 185.9
5890 185.9
5891 185.9
5892 185.95
5893 185.95
5894 185.95
5895 185.95
5896 185.95
5897 185.95
5898 185.95
5899 185.95
5900 185.95
5901 185.95
5902 185.95
5903 185.95
5904 185.95
5905 185.95
5906 185.95
5907 185.95
5908 185.95
5909 185.95
5910 185.95
5911 185.95
5912 185.95
5913 185.95
5914 185.95
5915 185.95
5916 185.95
5917 185.95
5918 185.95
5919 185.95
5920 185.95
5921 185.95
5922 185.95
5923 185.95
5924 185.95
5925 185.95
5926 185.95
5927 185.95
5928 185.95
5929 185.95
5930 185.95
5931 185.95
5932 185.95
5933 185.95
5934 185.95
5935 185.95
5936 185.95
5937 185.95
5938 185.95
5939 185.95
5940 185.95
5941 185.95
5942 185.95
5943 185.95
5944 185.95
5945 185.95
5946 185.95
5947 185.95
5948 185.95
5949 185.95
5950 185.95
5951 185.95
5952 185.95
5953 185.95
5954 185.95
5955 185.95
5956 185.95
5957 185.95
5958 185.95
5959 185.95
5960 185.95
5961 185.95
5962 185.95
5963 185.95
5964 185.95
5965 185.95
5966 185.95
5967 185.95
5968 185.95
5969 186.0
5970 186.0
5971 186.0
5972 186.0
5973 186.0
5974 186.0
5975 186.0
5976 186.0
5977 186.0
5978 186.05
5979 186.05
5980 186.05
5981 186.05
5982 186.05
5983 186.05
5984 186.05
5985 186.05
5986 186.05
5987 186.05
5988 186.05
5989 186.05
5990 186.05
5991 186.05
5992 186.05
5993 186.1
5994 186.1
5995 186.1
5996 186.1
5997 186.1
5998 186.1
5999 186.1
