#iterations fitness
0 0.0
1 5.0
2 5.75
3 6.75
4 7.75
5 8.4
6 9.65
7 9.9
8 10.65
9 10.9
10 11.75
11 12.25
12 12.25
13 12.9
14 13.7
15 14.55
16 14.8
17 15.5
18 15.85
19 16.15
20 16.7
21 17.45
22 18.15
23 19.15
24 19.65
25 20.8
26 21.1
27 21.55
28 22.45
29 22.6
30 22.9
31 22.95
32 23.05
33 23.2
34 23.5
35 25.1
36 25.85
37 26.1
38 26.45
39 27.1
40 27.55
41 28.0
42 28.35
43 29.05
44 29.25
45 29.85
46 30.55
47 31.05
48 31.45
49 32.1
50 32.65
51 33.05
52 33.1
53 33.3
54 33.45
55 34.05
56 34.85
57 35.3
58 35.55
59 36.1
60 36.2
61 36.45
62 36.7
63 36.95
64 37.4
65 37.6
66 38.2
67 38.75
68 39.1
69 39.85
70 39.95
71 40.4
72 41.1
73 41.4
74 41.8
75 42.25
76 42.55
77 43.05
78 43.15
79 43.65
80 44.25
81 44.75
82 45.25
83 45.5
84 45.8
85 46.1
86 46.35
87 46.6
88 46.8
89 46.9
90 47.25
91 47.65
92 47.9
93 48.05
94 48.6
95 48.7
96 49.3
97 49.6
98 50.1
99 50.1
100 50.4
101 50.7
102 50.9
103 51.2
104 51.5
105 51.9
106 52.1
107 52.15
108 52.2
109 52.45
110 52.85
111 53.05
112 53.3
113 53.7
114 54.2
115 54.45
116 55.05
117 55.2
118 55.35
119 55.5
120 55.9
121 55.95
122 55.95
123 56.25
124 56.7
125 57.05
126 57.3
127 57.85
128 58.15
129 58.25
130 58.4
131 58.6
132 58.7
133 59.0
134 59.55
135 60.0
136 60.2
137 60.45
138 60.8
139 61.15
140 61.7
141 61.95
142 61.95
143 62.3
144 62.3
145 62.9
146 63.35
147 63.6
148 63.9
149 64.1
150 64.5
151 64.75
152 65.15
153 65.2
154 66.05
155 66.4
156 66.5
157 66.85
158 66.85
159 66.95
160 67.15
161 67.15
162 67.35
163 67.95
164 68.45
165 68.7
166 68.9
167 69.1
168 69.4
169 69.45
170 69.5
171 69.5
172 69.8
173 70.25
174 70.95
175 71.3
176 71.4
177 71.4
178 71.4
179 71.5
180 71.65
181 71.75
182 72.15
183 72.5
184 72.75
185 73.05
186 73.65
187 73.95
188 74.05
189 74.15
190 74.35
191 74.6
192 74.8
193 75.0
194 75.15
195 75.25
196 75.4
197 75.5
198 75.75
199 76.6
200 76.9
201 76.95
202 77.2
203 77.3
204 77.75
205 78.05
206 78.2
207 78.3
208 78.3
209 78.7
210 79.05
211 79.25
212 79.45
213 79.9
214 80.05
215 80.35
216 80.6
217 80.75
218 80.95
219 81.4
220 81.95
221 82.35
222 82.7
223 82.75
224 82.8
225 82.95
226 83.3
227 83.4
228 83.4
229 83.7
230 83.75
231 83.9
232 83.9
233 83.95
234 84.55
235 84.65
236 84.8
237 85.0
238 85.25
239 85.5
240 85.55
241 85.85
242 86.05
243 86.25
244 86.35
245 86.95
246 86.95
247 87.05
248 87.15
249 87.3
250 87.3
251 87.45
252 87.5
253 87.55
254 87.8
255 88.15
256 88.3
257 88.45
258 88.8
259 89.0
260 89.05
261 89.1
262 89.2
263 89.25
264 89.45
265 89.8
266 89.9
267 90.35
268 90.4
269 90.85
270 90.9
271 90.95
272 91.1
273 91.1
274 91.4
275 91.5
276 91.7
277 92.15
278 92.25
279 92.55
280 92.65
281 93.25
282 93.55
283 93.7
284 93.85
285 94.05
286 94.05
287 94.25
288 94.25
289 94.6
290 94.65
291 94.9
292 95.3
293 95.3
294 95.35
295 95.35
296 95.55
297 95.85
298 95.85
299 96.15
300 96.2
301 96.35
302 96.35
303 96.35
304 96.7
305 96.85
306 97.0
307 97.4
308 97.6
309 97.75
310 97.95
311 97.95
312 98.1
313 98.2
314 98.3
315 98.3
316 98.55
317 98.65
318 99.0
319 99.0
320 99.3
321 99.35
322 99.5
323 99.6
324 99.65
325 99.85
326 100.1
327 100.3
328 100.3
329 100.5
330 100.55
331 100.75
332 101.0
333 101.05
334 101.25
335 101.3
336 101.35
337 101.5
338 101.75
339 102.05
340 102.2
341 102.25
342 102.35
343 102.55
344 102.6
345 102.95
346 102.95
347 103.0
348 103.0
349 103.25
350 103.6
351 103.65
352 103.75
353 103.75
354 103.9
355 104.05
356 104.05
357 104.25
358 104.55
359 104.55
360 104.8
361 104.9
362 105.0
363 105.15
364 105.3
365 105.45
366 105.5
367 105.7
368 105.7
369 105.75
370 105.75
371 105.75
372 105.9
373 105.95
374 106.05
375 106.1
376 106.25
377 106.35
378 106.35
379 106.5
380 106.6
381 106.85
382 106.9
383 106.95
384 107.0
385 107.1
386 107.15
387 107.2
388 107.45
389 107.45
390 107.55
391 107.55
392 107.55
393 107.8
394 107.8
395 107.9
396 108.15
397 108.3
398 108.55
399 108.55
400 108.7
401 108.7
402 108.75
403 108.9
404 108.9
405 109.2
406 109.65
407 109.85
408 110.0
409 110.05
410 110.05
411 110.05
412 110.15
413 110.3
414 110.35
415 110.4
416 110.55
417 110.7
418 110.75
419 110.95
420 111.25
421 111.35
422 111.4
423 111.6
424 111.65
425 111.7
426 111.7
427 111.85
428 112.15
429 112.2
430 112.3
431 112.35
432 112.4
433 112.4
434 112.55
435 112.8
436 113.0
437 113.0
438 113.15
439 113.2
440 113.3
441 113.5
442 113.5
443 113.55
444 113.7
445 113.75
446 113.85
447 114.1
448 114.15
449 114.2
450 114.25
451 114.4
452 114.5
453 114.55
454 114.6
455 114.7
456 114.8
457 114.9
458 114.95
459 115.05
460 115.05
461 115.1
462 115.15
463 115.35
464 115.4
465 115.4
466 115.55
467 115.55
468 115.6
469 115.75
470 115.75
471 115.9
472 116.0
473 116.0
474 116.15
475 116.2
476 116.3
477 116.5
478 116.55
479 116.65
480 116.65
481 116.75
482 117.0
483 117.0
484 117.05
485 117.4
486 117.4
487 117.4
488 117.4
489 117.45
490 117.5
491 117.5
492 117.65
493 117.7
494 117.7
495 117.8
496 117.95
497 118.2
498 118.2
499 118.45
500 118.6
501 118.8
502 118.9
503 119.15
504 119.15
505 119.3
506 119.3
507 119.3
508 119.35
509 119.35
510 119.45
511 119.55
512 119.55
513 119.7
514 119.9
515 119.9
516 119.9
517 119.9
518 119.95
519 120.05
520 120.1
521 120.15
522 120.15
523 120.2
524 120.3
525 120.55
526 120.65
527 120.65
528 120.75
529 120.75
530 120.95
531 120.95
532 121.0
533 121.1
534 121.25
535 121.5
536 121.5
537 121.6
538 121.75
539 121.75
540 121.75
541 121.85
542 121.85
543 122.05
544 122.25
545 122.3
546 122.3
547 122.3
548 122.3
549 122.3
550 122.45
551 122.45
552 122.65
553 122.75
554 122.9
555 122.95
556 123.0
557 123.05
558 123.2
559 123.2
560 123.2
561 123.2
562 123.25
563 123.25
564 123.3
565 123.7
566 123.8
567 123.85
568 123.85
569 123.9
570 123.95
571 124.1
572 124.15
573 124.3
574 124.4
575 124.6
576 124.6
577 124.6
578 124.6
579 124.6
580 124.6
581 124.6
582 124.6
583 124.65
584 124.8
585 124.85
586 125.0
587 125.1
588 125.2
589 125.5
590 125.55
591 125.55
592 125.75
593 125.75
594 125.75
595 125.85
596 125.9
597 125.95
598 126.05
599 126.05
600 126.05
601 126.05
602 126.05
603 126.05
604 126.05
605 126.1
606 126.1
607 126.1
608 126.1
609 126.1
610 126.1
611 126.1
612 126.25
613 126.25
614 126.25
615 126.5
616 126.5
617 126.65
618 126.75
619 126.8
620 126.95
621 126.95
622 126.95
623 127.0
624 127.15
625 127.2
626 127.2
627 127.2
628 127.2
629 127.45
630 127.55
631 127.75
632 127.8
633 127.95
634 127.95
635 128.1
636 128.1
637 128.2
638 128.3
639 128.3
640 128.3
641 128.35
642 128.4
643 128.6
644 128.6
645 128.75
646 128.95
647 129.0
648 129.0
649 129.0
650 129.05
651 129.05
652 129.05
653 129.25
654 129.3
655 129.3
656 129.3
657 129.35
658 129.5
659 129.6
660 129.65
661 129.65
662 129.65
663 129.65
664 129.75
665 129.85
666 129.85
667 130.0
668 130.0
669 130.0
670 130.05
671 130.1
672 130.1
673 130.1
674 130.2
675 130.3
676 130.3
677 130.35
678 130.4
679 130.45
680 130.55
681 130.55
682 130.6
683 130.75
684 130.75
685 130.8
686 130.8
687 130.8
688 130.8
689 130.8
690 130.8
691 130.8
692 131.05
693 131.1
694 131.3
695 131.3
696 131.3
697 131.3
698 131.35
699 131.55
700 131.55
701 131.55
702 131.55
703 131.6
704 131.6
705 131.6
706 131.65
707 131.8
708 131.8
709 131.85
710 131.85
711 131.9
712 132.0
713 132.1
714 132.1
715 132.1
716 132.1
717 132.3
718 132.3
719 132.3
720 132.3
721 132.35
722 132.35
723 132.55
724 132.7
725 132.8
726 132.9
727 132.9
728 132.9
729 132.95
730 133.0
731 133.15
732 133.3
733 133.5
734 133.5
735 133.65
736 133.8
737 133.8
738 133.9
739 133.9
740 133.9
741 133.95
742 134.0
743 134.0
744 134.0
745 134.0
746 134.0
747 134.0
748 134.0
749 134.1
750 134.1
751 134.2
752 134.2
753 134.25
754 134.35
755 134.35
756 134.4
757 134.45
758 134.5
759 134.55
760 134.6
761 134.65
762 134.65
763 134.95
764 134.95
765 135.05
766 135.05
767 135.2
768 135.2
769 135.2
770 135.3
771 135.3
772 135.3
773 135.35
774 135.35
775 135.55
776 135.65
777 135.7
778 135.7
779 135.7
780 135.85
781 135.85
782 135.95
783 136.0
784 136.05
785 136.2
786 136.2
787 136.2
788 136.2
789 136.25
790 136.35
791 136.35
792 136.35
793 136.35
794 136.35
795 136.4
796 136.4
797 136.4
798 136.4
799 136.4
800 136.4
801 136.45
802 136.45
803 136.45
804 136.5
805 136.55
806 136.7
807 136.7
808 136.7
809 136.8
810 136.8
811 136.8
812 136.85
813 136.85
814 136.95
815 136.95
816 136.95
817 136.95
818 136.95
819 137.0
820 137.05
821 137.1
822 137.1
823 137.15
824 137.2
825 137.5
826 137.5
827 137.5
828 137.5
829 137.5
830 137.6
831 137.65
832 137.7
833 137.75
834 137.75
835 137.75
836 137.8
837 137.8
838 137.8
839 137.8
840 137.85
841 137.95
842 137.95
843 137.95
844 137.95
845 137.95
846 138.15
847 138.15
848 138.15
849 138.15
850 138.15
851 138.15
852 138.15
853 138.2
854 138.2
855 138.2
856 138.25
857 138.35
858 138.35
859 138.35
860 138.35
861 138.6
862 138.6
863 138.7
864 138.95
865 139.0
866 139.0
867 139.0
868 139.05
869 139.1
870 139.1
871 139.3
872 139.3
873 139.3
874 139.3
875 139.35
876 139.35
877 139.5
878 139.6
879 139.6
880 139.65
881 139.65
882 139.8
883 139.8
884 139.8
885 139.85
886 139.85
887 140.0
888 140.1
889 140.2
890 140.35
891 140.5
892 140.5
893 140.5
894 140.5
895 140.5
896 140.5
897 140.6
898 140.6
899 140.75
900 140.85
901 140.85
902 140.85
903 140.9
904 140.9
905 140.9
906 141.05
907 141.05
908 141.1
909 141.15
910 141.2
911 141.2
912 141.2
913 141.2
914 141.2
915 141.2
916 141.2
917 141.2
918 141.25
919 141.3
920 141.3
921 141.3
922 141.3
923 141.35
924 141.4
925 141.4
926 141.45
927 141.45
928 141.55
929 141.55
930 141.6
931 141.6
932 141.6
933 141.6
934 141.6
935 141.95
936 142.2
937 142.2
938 142.2
939 142.2
940 142.2
941 142.2
942 142.25
943 142.25
944 142.25
945 142.25
946 142.3
947 142.4
948 142.4
949 142.5
950 142.85
951 142.85
952 142.9
953 142.9
954 142.95
955 142.95
956 142.95
957 142.95
958 142.95
959 143.05
960 143.05
961 143.2
962 143.2
963 143.25
964 143.55
965 143.55
966 143.55
967 143.55
968 143.55
969 143.6
970 143.6
971 143.6
972 143.6
973 143.6
974 143.6
975 143.6
976 143.65
977 143.65
978 143.65
979 143.65
980 143.65
981 143.75
982 143.8
983 143.8
984 143.8
985 143.8
986 143.85
987 143.85
988 143.95
989 143.95
990 144.0
991 144.1
992 144.1
993 144.15
994 144.15
995 144.15
996 144.25
997 144.25
998 144.25
999 144.35
1000 144.35
1001 144.5
1002 144.5
1003 144.5
1004 144.5
1005 144.6
1006 144.6
1007 144.6
1008 144.75
1009 144.75
1010 144.75
1011 144.75
1012 144.75
1013 144.8
1014 144.8
1015 144.8
1016 144.9
1017 144.95
1018 144.95
1019 145.0
1020 145.05
1021 145.05
1022 145.3
1023 145.3
1024 145.3
1025 145.3
1026 145.3
1027 145.3
1028 145.3
1029 145.3
1030 145.3
1031 145.4
1032 145.45
1033 145.45
1034 145.6
1035 145.6
1036 145.7
1037 145.7
1038 145.7
1039 145.7
1040 145.7
1041 145.85
1042 145.9
1043 145.9
1044 145.95
1045 146.05
1046 146.05
1047 146.1
1048 146.1
1049 146.1
1050 146.25
1051 146.25
1052 146.25
1053 146.4
1054 146.45
1055 146.45
1056 146.55
1057 146.75
1058 146.75
1059 146.75
1060 146.8
1061 146.8
1062 146.85
1063 146.95
1064 147.0
1065 147.0
1066 147.0
1067 147.0
1068 147.0
1069 147.05
1070 147.15
1071 147.15
1072 147.2
1073 147.25
1074 147.25
1075 147.3
1076 147.35
1077 147.35
1078 147.4
1079 147.5
1080 147.5
1081 147.5
1082 147.5
1083 147.5
1084 147.5
1085 147.5
1086 147.5
1087 147.5
1088 147.5
1089 147.5
1090 147.55
1091 147.6
1092 147.6
1093 147.6
1094 147.6
1095 147.6
1096 147.6
1097 147.6
1098 147.6
1099 147.65
1100 147.65
1101 147.65
1102 147.65
1103 147.65
1104 147.65
1105 147.65
1106 147.65
1107 147.65
1108 147.65
1109 147.65
1110 147.65
1111 147.7
1112 147.95
1113 147.95
1114 147.95
1115 147.95
1116 147.95
1117 147.95
1118 148.0
1119 148.0
1120 148.05
1121 148.05
1122 148.05
1123 148.05
1124 148.15
1125 148.15
1126 148.2
1127 148.35
1128 148.35
1129 148.4
1130 148.45
1131 148.45
1132 148.45
1133 148.45
1134 148.45
1135 148.45
1136 148.45
1137 148.45
1138 148.45
1139 148.45
1140 148.45
1141 148.45
1142 148.45
1143 148.45
1144 148.45
1145 148.45
1146 148.5
1147 148.5
1148 148.5
1149 148.5
1150 148.5
1151 148.5
1152 148.5
1153 148.55
1154 148.55
1155 148.55
1156 148.55
1157 148.6
1158 148.7
1159 148.7
1160 148.75
1161 148.75
1162 148.85
1163 148.9
1164 149.0
1165 149.0
1166 149.0
1167 149.05
1168 149.05
1169 149.1
1170 149.1
1171 149.1
1172 149.1
1173 149.15
1174 149.15
1175 149.15
1176 149.15
1177 149.15
1178 149.15
1179 149.15
1180 149.3
1181 149.3
1182 149.3
1183 149.35
1184 149.4
1185 149.4
1186 149.4
1187 149.4
1188 149.4
1189 149.5
1190 149.5
1191 149.5
1192 149.5
1193 149.5
1194 149.6
1195 149.6
1196 149.65
1197 149.75
1198 149.75
1199 149.75
1200 149.85
1201 149.9
1202 149.95
1203 149.95
1204 149.95
1205 149.95
1206 149.95
1207 149.95
1208 150.0
1209 150.0
1210 150.05
1211 150.05
1212 150.05
1213 150.05
1214 150.05
1215 150.1
1216 150.1
1217 150.1
1218 150.1
1219 150.1
1220 150.15
1221 150.15
1222 150.15
1223 150.15
1224 150.15
1225 150.15
1226 150.35
1227 150.35
1228 150.35
1229 150.35
1230 150.35
1231 150.35
1232 150.35
1233 150.4
1234 150.4
1235 150.4
1236 150.4
1237 150.4
1238 150.45
1239 150.45
1240 150.45
1241 150.45
1242 150.5
1243 150.5
1244 150.5
1245 150.5
1246 150.5
1247 150.5
1248 150.5
1249 150.5
1250 150.5
1251 150.5
1252 150.5
1253 150.5
1254 150.5
1255 150.6
1256 150.6
1257 150.6
1258 150.65
1259 150.65
1260 150.65
1261 150.75
1262 150.75
1263 150.85
1264 150.85
1265 150.85
1266 150.85
1267 150.85
1268 150.85
1269 150.9
1270 150.9
1271 150.9
1272 150.95
1273 150.95
1274 150.95
1275 150.95
1276 150.95
1277 151.05
1278 151.05
1279 151.05
1280 151.05
1281 151.05
1282 151.05
1283 151.05
1284 151.05
1285 151.05
1286 151.05
1287 151.05
1288 151.05
1289 151.1
1290 151.1
1291 151.1
1292 151.1
1293 151.1
1294 151.1
1295 151.1
1296 151.1
1297 151.1
1298 151.15
1299 151.15
1300 151.15
1301 151.15
1302 151.2
1303 151.2
1304 151.2
1305 151.2
1306 151.2
1307 151.2
1308 151.25
1309 151.35
1310 151.35
1311 151.35
1312 151.4
1313 151.4
1314 151.4
1315 151.4
1316 151.6
1317 151.6
1318 151.6
1319 151.6
1320 151.6
1321 151.7
1322 151.75
1323 151.8
1324 151.8
1325 151.85
1326 151.85
1327 151.85
1328 151.85
1329 151.85
1330 151.85
1331 151.85
1332 151.85
1333 151.9
1334 151.9
1335 151.9
1336 151.95
1337 152.05
1338 152.2
1339 152.25
1340 152.25
1341 152.25
1342 152.25
1343 152.35
1344 152.35
1345 152.35
1346 152.35
1347 152.35
1348 152.35
1349 152.35
1350 152.35
1351 152.35
1352 152.35
1353 152.35
1354 152.35
1355 152.35
1356 152.35
1357 152.4
1358 152.4
1359 152.4
1360 152.45
1361 152.45
1362 152.45
1363 152.45
1364 152.45
1365 152.45
1366 152.45
1367 152.45
1368 152.45
1369 152.45
1370 152.45
1371 152.45
1372 152.45
1373 152.65
1374 152.7
1375 152.7
1376 152.7
1377 152.75
1378 152.75
1379 152.75
1380 152.75
1381 152.75
1382 152.85
1383 152.85
1384 152.85
1385 152.85
1386 152.85
1387 152.85
1388 152.85
1389 152.85
1390 152.9
1391 152.9
1392 152.9
1393 152.95
1394 152.95
1395 152.95
1396 152.95
1397 153.0
1398 153.0
1399 153.05
1400 153.05
1401 153.05
1402 153.05
1403 153.05
1404 153.05
1405 153.05
1406 153.05
1407 153.05
1408 153.05
1409 153.1
1410 153.1
1411 153.1
1412 153.1
1413 153.1
1414 153.25
1415 153.35
1416 153.4
1417 153.4
1418 153.45
1419 153.45
1420 153.45
1421 153.5
1422 153.5
1423 153.5
1424 153.65
1425 153.65
1426 153.65
1427 153.65
1428 153.7
1429 153.7
1430 153.7
1431 153.8
1432 153.8
1433 153.8
1434 153.85
1435 153.9
1436 153.9
1437 153.9
1438 153.9
1439 154.05
1440 154.05
1441 154.05
1442 154.05
1443 154.05
1444 154.05
1445 154.05
1446 154.05
1447 154.1
1448 154.1
1449 154.1
1450 154.1
1451 154.2
1452 154.2
1453 154.2
1454 154.2
1455 154.35
1456 154.35
1457 154.35
1458 154.35
1459 154.4
1460 154.4
1461 154.45
1462 154.45
1463 154.5
1464 154.55
1465 154.55
1466 154.6
1467 154.65
1468 154.65
1469 154.65
1470 154.65
1471 154.65
1472 154.7
1473 154.7
1474 154.7
1475 154.8
1476 154.8
1477 154.8
1478 154.85
1479 154.85
1480 154.85
1481 154.85
1482 154.9
1483 154.95
1484 154.95
1485 155.1
1486 155.15
1487 155.15
1488 155.15
1489 155.15
1490 155.15
1491 155.15
1492 155.15
1493 155.15
1494 155.15
1495 155.15
1496 155.15
1497 155.2
1498 155.25
1499 155.3
1500 155.35
1501 155.35
1502 155.4
1503 155.4
1504 155.4
1505 155.4
1506 155.4
1507 155.4
1508 155.4
1509 155.45
1510 155.45
1511 155.45
1512 155.45
1513 155.45
1514 155.45
1515 155.45
1516 155.6
1517 155.6
1518 155.6
1519 155.65
1520 155.65
1521 155.65
1522 155.75
1523 155.75
1524 155.75
1525 155.75
1526 155.75
1527 155.85
1528 155.85
1529 155.85
1530 155.85
1531 155.85
1532 155.85
1533 155.85
1534 155.85
1535 155.85
1536 155.85
1537 155.85
1538 155.85
1539 155.85
1540 155.85
1541 155.9
1542 155.9
1543 155.9
1544 155.9
1545 156.05
1546 156.05
1547 156.05
1548 156.05
1549 156.05
1550 156.05
1551 156.05
1552 156.05
1553 156.1
1554 156.1
1555 156.1
1556 156.1
1557 156.1
1558 156.1
1559 156.1
1560 156.1
1561 156.2
1562 156.2
1563 156.2
1564 156.3
1565 156.3
1566 156.3
1567 156.3
1568 156.3
1569 156.3
1570 156.3
1571 156.3
1572 156.3
1573 156.3
1574 156.55
1575 156.6
1576 156.6
1577 156.6
1578 156.6
1579 156.7
1580 156.7
1581 156.75
1582 156.85
1583 156.85
1584 156.85
1585 156.85
1586 156.85
1587 156.85
1588 156.85
1589 156.9
1590 156.9
1591 156.9
1592 156.9
1593 156.9
1594 156.95
1595 156.95
1596 156.95
1597 156.95
1598 156.95
1599 156.95
1600 156.95
1601 156.95
1602 157.0
1603 157.0
1604 157.0
1605 157.0
1606 157.0
1607 157.0
1608 157.0
1609 157.2
1610 157.25
1611 157.25
1612 157.25
1613 157.25
1614 157.25
1615 157.25
1616 157.25
1617 157.25
1618 157.25
1619 157.25
1620 157.25
1621 157.25
1622 157.25
1623 157.25
1624 157.25
1625 157.25
1626 157.25
1627 157.3
1628 157.3
1629 157.6
1630 157.6
1631 157.6
1632 157.6
1633 157.6
1634 157.6
1635 157.6
1636 157.6
1637 157.6
1638 157.6
1639 157.6
1640 157.6
1641 157.6
1642 157.6
1643 157.6
1644 157.6
1645 157.6
1646 157.6
1647 157.6
1648 157.6
1649 157.6
1650 157.7
1651 157.7
1652 157.7
1653 157.7
1654 157.7
1655 157.7
1656 157.7
1657 157.7
1658 157.7
1659 157.7
1660 157.7
1661 157.7
1662 157.7
1663 157.75
1664 157.75
1665 157.75
1666 157.75
1667 157.75
1668 157.8
1669 157.8
1670 157.8
1671 157.8
1672 157.85
1673 157.85
1674 157.85
1675 157.85
1676 157.85
1677 157.85
1678 157.85
1679 158.0
1680 158.0
1681 158.0
1682 158.0
1683 158.0
1684 158.0
1685 158.0
1686 158.0
1687 158.0
1688 158.0
1689 158.0
1690 158.0
1691 158.0
1692 158.0
1693 158.0
1694 158.05
1695 158.2
1696 158.2
1697 158.2
1698 158.2
1699 158.2
1700 158.2
1701 158.2
1702 158.2
1703 158.2
1704 158.2
1705 158.2
1706 158.25
1707 158.25
1708 158.25
1709 158.25
1710 158.25
1711 158.25
1712 158.25
1713 158.25
1714 158.25
1715 158.25
1716 158.25
1717 158.25
1718 158.25
1719 158.35
1720 158.45
1721 158.45
1722 158.45
1723 158.45
1724 158.45
1725 158.5
1726 158.5
1727 158.5
1728 158.5
1729 158.5
1730 158.5
1731 158.5
1732 158.5
1733 158.5
1734 158.5
1735 158.5
1736 158.5
1737 158.5
1738 158.5
1739 158.5
1740 158.5
1741 158.5
1742 158.5
1743 158.5
1744 158.6
1745 158.6
1746 158.6
1747 158.6
1748 158.6
1749 158.6
1750 158.6
1751 158.75
1752 158.75
1753 158.75
1754 158.75
1755 158.75
1756 158.75
1757 158.75
1758 158.75
1759 158.75
1760 158.75
1761 158.75
1762 158.75
1763 158.75
1764 158.75
1765 158.75
1766 158.75
1767 158.75
1768 158.75
1769 158.75
1770 158.95
1771 158.95
1772 158.95
1773 158.95
1774 158.95
1775 158.95
1776 158.95
1777 158.95
1778 158.95
1779 159.0
1780 159.0
1781 159.0
1782 159.05
1783 159.05
1784 159.1
1785 159.1
1786 159.1
1787 159.1
1788 159.1
1789 159.1
1790 159.1
1791 159.1
1792 159.1
1793 159.1
1794 159.1
1795 159.1
1796 159.15
1797 159.15
1798 159.15
1799 159.15
1800 159.2
1801 159.2
1802 159.2
1803 159.2
1804 159.2
1805 159.2
1806 159.2
1807 159.25
1808 159.3
1809 159.3
1810 159.3
1811 159.35
1812 159.35
1813 159.35
1814 159.35
1815 159.4
1816 159.4
1817 159.4
1818 159.4
1819 159.4
1820 159.4
1821 159.4
1822 159.4
1823 159.4
1824 159.4
1825 159.45
1826 159.5
1827 159.55
1828 159.55
1829 159.55
1830 159.55
1831 159.55
1832 159.55
1833 159.55
1834 159.55
1835 159.55
1836 159.55
1837 159.6
1838 159.6
1839 159.6
1840 159.6
1841 159.6
1842 159.65
1843 159.65
1844 159.65
1845 159.7
1846 159.7
1847 159.7
1848 159.7
1849 159.85
1850 159.9
1851 159.9
1852 159.9
1853 159.9
1854 159.95
1855 159.95
1856 159.95
1857 159.95
1858 159.95
1859 160.05
1860 160.05
1861 160.05
1862 160.05
1863 160.1
1864 160.1
1865 160.1
1866 160.1
1867 160.1
1868 160.1
1869 160.1
1870 160.1
1871 160.1
1872 160.1
1873 160.1
1874 160.1
1875 160.1
1876 160.1
1877 160.1
1878 160.1
1879 160.1
1880 160.1
1881 160.1
1882 160.1
1883 160.1
1884 160.1
1885 160.1
1886 160.1
1887 160.1
1888 160.1
1889 160.1
1890 160.1
1891 160.1
1892 160.15
1893 160.15
1894 160.15
1895 160.2
1896 160.2
1897 160.2
1898 160.2
1899 160.2
1900 160.2
1901 160.25
1902 160.25
1903 160.25
1904 160.25
1905 160.25
1906 160.25
1907 160.25
1908 160.25
1909 160.25
1910 160.25
1911 160.25
1912 160.25
1913 160.3
1914 160.35
1915 160.35
1916 160.35
1917 160.35
1918 160.4
1919 160.4
1920 160.4
1921 160.4
1922 160.4
1923 160.4
1924 160.5
1925 160.55
1926 160.55
1927 160.55
1928 160.55
1929 160.55
1930 160.55
1931 160.55
1932 160.55
1933 160.55
1934 160.55
1935 160.55
1936 160.55
1937 160.55
1938 160.55
1939 160.55
1940 160.55
1941 160.55
1942 160.55
1943 160.55
1944 160.55
1945 160.6
1946 160.6
1947 160.65
1948 160.75
1949 160.75
1950 160.75
1951 160.75
1952 160.75
1953 160.75
1954 160.75
1955 160.75
1956 160.75
1957 160.75
1958 160.75
1959 160.8
1960 160.8
1961 160.8
1962 160.8
1963 160.8
1964 160.8
1965 160.85
1966 160.85
1967 160.85
1968 160.9
1969 160.9
1970 160.9
1971 160.9
1972 160.9
1973 160.9
1974 161.05
1975 161.05
1976 161.05
1977 161.05
1978 161.1
1979 161.1
1980 161.1
1981 161.1
1982 161.1
1983 161.1
1984 161.2
1985 161.2
1986 161.25
1987 161.25
1988 161.25
1989 161.25
1990 161.25
1991 161.25
1992 161.25
1993 161.25
1994 161.25
1995 161.25
1996 161.25
1997 161.25
1998 161.25
1999 161.25
2000 161.25
2001 161.25
2002 161.25
2003 161.25
2004 161.3
2005 161.3
2006 161.3
2007 161.3
2008 161.3
2009 161.3
2010 161.3
2011 161.35
2012 161.35
2013 161.35
2014 161.35
2015 161.35
2016 161.35
2017 161.4
2018 161.4
2019 161.4
2020 161.4
2021 161.4
2022 161.4
2023 161.4
2024 161.4
2025 161.4
2026 161.4
2027 161.4
2028 161.4
2029 161.4
2030 161.4
2031 161.4
2032 161.45
2033 161.45
2034 161.55
2035 161.65
2036 161.65
2037 161.65
2038 161.65
2039 161.65
2040 161.65
2041 161.65
2042 161.65
2043 161.65
2044 161.65
2045 161.65
2046 161.65
2047 161.65
2048 161.65
2049 161.65
2050 161.65
2051 161.65
2052 161.7
2053 161.7
2054 161.75
2055 161.75
2056 161.8
2057 161.8
2058 161.8
2059 161.8
2060 161.8
2061 161.8
2062 161.8
2063 161.8
2064 161.8
2065 161.9
2066 161.9
2067 161.9
2068 161.9
2069 161.9
2070 161.9
2071 161.9
2072 161.9
2073 161.9
2074 161.9
2075 161.9
2076 161.95
2077 161.95
2078 161.95
2079 161.95
2080 162.05
2081 162.05
2082 162.1
2083 162.1
2084 162.1
2085 162.1
2086 162.1
2087 162.1
2088 162.1
2089 162.1
2090 162.1
2091 162.1
2092 162.1
2093 162.1
2094 162.1
2095 162.2
2096 162.25
2097 162.3
2098 162.3
2099 162.3
2100 162.3
2101 162.3
2102 162.3
2103 162.3
2104 162.3
2105 162.3
2106 162.3
2107 162.3
2108 162.3
2109 162.3
2110 162.3
2111 162.3
2112 162.35
2113 162.35
2114 162.35
2115 162.35
2116 162.35
2117 162.35
2118 162.35
2119 162.35
2120 162.5
2121 162.55
2122 162.55
2123 162.55
2124 162.55
2125 162.55
2126 162.6
2127 162.6
2128 162.6
2129 162.6
2130 162.6
2131 162.6
2132 162.7
2133 162.7
2134 162.7
2135 162.7
2136 162.75
2137 162.75
2138 162.75
2139 162.75
2140 162.8
2141 162.8
2142 162.9
2143 162.9
2144 162.9
2145 162.9
2146 162.9
2147 162.9
2148 162.9
2149 162.9
2150 162.9
2151 162.9
2152 162.9
2153 162.9
2154 162.9
2155 162.9
2156 162.9
2157 162.9
2158 162.9
2159 162.95
2160 162.95
2161 162.95
2162 162.95
2163 162.95
2164 162.95
2165 162.95
2166 162.95
2167 162.95
2168 162.95
2169 162.95
2170 162.95
2171 162.95
2172 162.95
2173 162.95
2174 162.95
2175 162.95
2176 162.95
2177 163.0
2178 163.0
2179 163.05
2180 163.05
2181 163.05
2182 163.05
2183 163.05
2184 163.05
2185 163.05
2186 163.1
2187 163.1
2188 163.1
2189 163.1
2190 163.1
2191 163.1
2192 163.1
2193 163.1
2194 163.1
2195 163.1
2196 163.1
2197 163.1
2198 163.1
2199 163.1
2200 163.15
2201 163.15
2202 163.15
2203 163.15
2204 163.15
2205 163.15
2206 163.15
2207 163.15
2208 163.15
2209 163.15
2210 163.15
2211 163.15
2212 163.2
2213 163.25
2214 163.25
2215 163.25
2216 163.25
2217 163.4
2218 163.45
2219 163.45
2220 163.45
2221 163.45
2222 163.45
2223 163.45
2224 163.45
2225 163.45
2226 163.5
2227 163.5
2228 163.5
2229 163.5
2230 163.5
2231 163.5
2232 163.55
2233 163.55
2234 163.55
2235 163.55
2236 163.55
2237 163.55
2238 163.55
2239 163.55
2240 163.55
2241 163.6
2242 163.6
2243 163.75
2244 163.8
2245 163.8
2246 163.8
2247 163.85
2248 163.85
2249 163.85
2250 163.85
2251 163.85
2252 163.85
2253 163.85
2254 163.9
2255 163.9
2256 163.9
2257 163.9
2258 163.9
2259 163.95
2260 164.1
2261 164.1
2262 164.1
2263 164.1
2264 164.1
2265 164.1
2266 164.1
2267 164.1
2268 164.1
2269 164.1
2270 164.1
2271 164.1
2272 164.1
2273 164.1
2274 164.1
2275 164.1
2276 164.1
2277 164.1
2278 164.1
2279 164.1
2280 164.1
2281 164.1
2282 164.15
2283 164.2
2284 164.2
2285 164.2
2286 164.2
2287 164.2
2288 164.2
2289 164.2
2290 164.2
2291 164.2
2292 164.25
2293 164.25
2294 164.25
2295 164.25
2296 164.25
2297 164.25
2298 164.25
2299 164.3
2300 164.45
2301 164.45
2302 164.45
2303 164.45
2304 164.45
2305 164.45
2306 164.45
2307 164.45
2308 164.45
2309 164.45
2310 164.45
2311 164.45
2312 164.6
2313 164.6
2314 164.6
2315 164.6
2316 164.65
2317 164.65
2318 164.65
2319 164.65
2320 164.65
2321 164.7
2322 164.75
2323 164.8
2324 164.8
2325 164.85
2326 164.85
2327 164.85
2328 164.85
2329 164.85
2330 164.85
2331 164.85
2332 164.85
2333 164.85
2334 164.9
2335 164.9
2336 164.9
2337 164.9
2338 164.95
2339 164.95
2340 164.95
2341 164.95
2342 164.95
2343 164.95
2344 164.95
2345 164.95
2346 164.95
2347 165.1
2348 165.1
2349 165.1
2350 165.1
2351 165.1
2352 165.1
2353 165.1
2354 165.15
2355 165.15
2356 165.15
2357 165.15
2358 165.15
2359 165.2
2360 165.2
2361 165.2
2362 165.2
2363 165.2
2364 165.2
2365 165.2
2366 165.2
2367 165.2
2368 165.2
2369 165.2
2370 165.2
2371 165.2
2372 165.2
2373 165.2
2374 165.2
2375 165.2
2376 165.2
2377 165.2
2378 165.25
2379 165.25
2380 165.25
2381 165.3
2382 165.3
2383 165.3
2384 165.3
2385 165.3
2386 165.3
2387 165.3
2388 165.3
2389 165.3
2390 165.3
2391 165.3
2392 165.3
2393 165.4
2394 165.4
2395 165.4
2396 165.4
2397 165.4
2398 165.4
2399 165.4
2400 165.4
2401 165.4
2402 165.4
2403 165.45
2404 165.45
2405 165.45
2406 165.45
2407 165.45
2408 165.45
2409 165.45
2410 165.45
2411 165.45
2412 165.45
2413 165.45
2414 165.45
2415 165.45
2416 165.45
2417 165.45
2418 165.45
2419 165.45
2420 165.45
2421 165.45
2422 165.45
2423 165.45
2424 165.5
2425 165.5
2426 165.5
2427 165.5
2428 165.5
2429 165.5
2430 165.5
2431 165.5
2432 165.5
2433 165.5
2434 165.5
2435 165.5
2436 165.5
2437 165.5
2438 165.5
2439 165.5
2440 165.5
2441 165.5
2442 165.5
2443 165.5
2444 165.5
2445 165.5
2446 165.5
2447 165.5
2448 165.5
2449 165.5
2450 165.5
2451 165.5
2452 165.5
2453 165.5
2454 165.5
2455 165.5
2456 165.5
2457 165.5
2458 165.5
2459 165.5
2460 165.5
2461 165.5
2462 165.5
2463 165.5
2464 165.5
2465 165.5
2466 165.5
2467 165.6
2468 165.6
2469 165.6
2470 165.6
2471 165.6
2472 165.6
2473 165.6
2474 165.6
2475 165.6
2476 165.6
2477 165.7
2478 165.7
2479 165.7
2480 165.7
2481 165.7
2482 165.7
2483 165.7
2484 165.7
2485 165.7
2486 165.7
2487 165.7
2488 165.7
2489 165.7
2490 165.75
2491 165.75
2492 165.75
2493 165.75
2494 165.75
2495 165.75
2496 165.75
2497 165.75
2498 165.75
2499 165.75
2500 165.75
2501 165.75
2502 165.75
2503 165.75
2504 165.75
2505 165.75
2506 165.75
2507 165.75
2508 165.75
2509 165.75
2510 165.75
2511 165.75
2512 165.75
2513 165.75
2514 165.75
2515 165.75
2516 165.75
2517 165.8
2518 165.8
2519 165.8
2520 165.8
2521 165.8
2522 165.8
2523 165.8
2524 165.8
2525 165.8
2526 165.8
2527 165.8
2528 165.8
2529 165.8
2530 165.85
2531 165.85
2532 165.85
2533 165.85
2534 165.85
2535 165.85
2536 165.85
2537 165.85
2538 165.85
2539 165.85
2540 165.85
2541 165.85
2542 165.85
2543 165.85
2544 165.85
2545 165.85
2546 165.95
2547 165.95
2548 166.05
2549 166.05
2550 166.05
2551 166.05
2552 166.05
2553 166.05
2554 166.05
2555 166.05
2556 166.05
2557 166.05
2558 166.05
2559 166.05
2560 166.1
2561 166.15
2562 166.15
2563 166.15
2564 166.15
2565 166.15
2566 166.15
2567 166.15
2568 166.15
2569 166.15
2570 166.15
2571 166.15
2572 166.15
2573 166.15
2574 166.15
2575 166.25
2576 166.25
2577 166.25
2578 166.25
2579 166.25
2580 166.25
2581 166.25
2582 166.25
2583 166.25
2584 166.25
2585 166.25
2586 166.25
2587 166.35
2588 166.35
2589 166.45
2590 166.45
2591 166.45
2592 166.45
2593 166.5
2594 166.5
2595 166.5
2596 166.5
2597 166.5
2598 166.5
2599 166.5
2600 166.5
2601 166.5
2602 166.5
2603 166.6
2604 166.6
2605 166.6
2606 166.65
2607 166.65
2608 166.65
2609 166.65
2610 166.65
2611 166.65
2612 166.65
2613 166.65
2614 166.65
2615 166.65
2616 166.65
2617 166.65
2618 166.65
2619 166.65
2620 166.65
2621 166.7
2622 166.7
2623 166.7
2624 166.8
2625 166.8
2626 166.8
2627 166.8
2628 166.8
2629 166.8
2630 166.8
2631 166.8
2632 166.8
2633 166.8
2634 166.8
2635 166.8
2636 166.8
2637 166.8
2638 166.8
2639 166.8
2640 166.8
2641 166.8
2642 166.8
2643 166.8
2644 166.85
2645 166.85
2646 166.85
2647 166.85
2648 166.85
2649 166.85
2650 166.85
2651 166.85
2652 166.85
2653 166.85
2654 166.85
2655 166.85
2656 166.85
2657 166.85
2658 166.85
2659 166.85
2660 166.95
2661 167.05
2662 167.1
2663 167.1
2664 167.1
2665 167.1
2666 167.1
2667 167.1
2668 167.1
2669 167.1
2670 167.1
2671 167.1
2672 167.1
2673 167.1
2674 167.1
2675 167.1
2676 167.1
2677 167.1
2678 167.1
2679 167.1
2680 167.1
2681 167.1
2682 167.1
2683 167.1
2684 167.1
2685 167.1
2686 167.1
2687 167.1
2688 167.1
2689 167.15
2690 167.15
2691 167.15
2692 167.15
2693 167.15
2694 167.15
2695 167.15
2696 167.15
2697 167.15
2698 167.15
2699 167.15
2700 167.15
2701 167.15
2702 167.15
2703 167.15
2704 167.15
2705 167.15
2706 167.15
2707 167.15
2708 167.15
2709 167.15
2710 167.15
2711 167.15
2712 167.15
2713 167.15
2714 167.15
2715 167.15
2716 167.15
2717 167.15
2718 167.15
2719 167.15
2720 167.15
2721 167.15
2722 167.15
2723 167.15
2724 167.15
2725 167.15
2726 167.15
2727 167.15
2728 167.15
2729 167.15
2730 167.15
2731 167.15
2732 167.15
2733 167.15
2734 167.15
2735 167.15
2736 167.15
2737 167.15
2738 167.15
2739 167.15
2740 167.15
2741 167.15
2742 167.15
2743 167.2
2744 167.2
2745 167.2
2746 167.2
2747 167.2
2748 167.2
2749 167.2
2750 167.2
2751 167.2
2752 167.2
2753 167.2
2754 167.2
2755 167.2
2756 167.2
2757 167.2
2758 167.2
2759 167.2
2760 167.2
2761 167.2
2762 167.2
2763 167.2
2764 167.2
2765 167.2
2766 167.2
2767 167.2
2768 167.25
2769 167.25
2770 167.25
2771 167.25
2772 167.25
2773 167.25
2774 167.25
2775 167.25
2776 167.25
2777 167.35
2778 167.35
2779 167.35
2780 167.35
2781 167.35
2782 167.35
2783 167.35
2784 167.35
2785 167.4
2786 167.4
2787 167.4
2788 167.4
2789 167.4
2790 167.45
2791 167.45
2792 167.45
2793 167.45
2794 167.55
2795 167.55
2796 167.55
2797 167.6
2798 167.6
2799 167.6
2800 167.6
2801 167.6
2802 167.6
2803 167.6
2804 167.6
2805 167.6
2806 167.6
2807 167.6
2808 167.65
2809 167.65
2810 167.65
2811 167.65
2812 167.65
2813 167.65
2814 167.65
2815 167.65
2816 167.75
2817 167.75
2818 167.75
2819 167.75
2820 167.75
2821 167.8
2822 167.8
2823 167.85
2824 167.85
2825 167.85
2826 167.85
2827 167.85
2828 167.85
2829 167.85
2830 167.85
2831 167.85
2832 167.85
2833 167.85
2834 167.85
2835 167.85
2836 167.85
2837 167.85
2838 167.85
2839 167.9
2840 167.9
2841 167.9
2842 167.9
2843 167.9
2844 167.9
2845 167.9
2846 167.9
2847 167.9
2848 167.9
2849 167.9
2850 167.9
2851 167.9
2852 167.9
2853 167.9
2854 167.9
2855 167.9
2856 167.9
2857 167.9
2858 167.9
2859 167.9
2860 167.9
2861 167.9
2862 167.9
2863 167.9
2864 167.9
2865 167.9
2866 167.9
2867 168.0
2868 168.0
2869 168.0
2870 168.0
2871 168.0
2872 168.0
2873 168.0
2874 168.0
2875 168.0
2876 168.0
2877 168.0
2878 168.0
2879 168.0
2880 168.0
2881 168.0
2882 168.0
2883 168.0
2884 168.0
2885 168.0
2886 168.0
2887 168.0
2888 168.0
2889 168.0
2890 168.05
2891 168.05
2892 168.1
2893 168.1
2894 168.1
2895 168.1
2896 168.1
2897 168.1
2898 168.1
2899 168.1
2900 168.1
2901 168.1
2902 168.1
2903 168.1
2904 168.1
2905 168.15
2906 168.15
2907 168.15
2908 168.15
2909 168.15
2910 168.15
2911 168.15
2912 168.15
2913 168.15
2914 168.15
2915 168.15
2916 168.15
2917 168.15
2918 168.15
2919 168.15
2920 168.2
2921 168.3
2922 168.45
2923 168.45
2924 168.45
2925 168.45
2926 168.45
2927 168.45
2928 168.45
2929 168.45
2930 168.45
2931 168.45
2932 168.45
2933 168.45
2934 168.45
2935 168.45
2936 168.45
2937 168.45
2938 168.45
2939 168.45
2940 168.45
2941 168.45
2942 168.45
2943 168.45
2944 168.45
2945 168.45
2946 168.45
2947 168.45
2948 168.45
2949 168.45
2950 168.45
2951 168.5
2952 168.5
2953 168.5
2954 168.5
2955 168.5
2956 168.5
2957 168.5
2958 168.5
2959 168.55
2960 168.55
2961 168.55
2962 168.55
2963 168.55
2964 168.55
2965 168.55
2966 168.55
2967 168.55
2968 168.55
2969 168.55
2970 168.55
2971 168.55
2972 168.6
2973 168.6
2974 168.6
2975 168.6
2976 168.65
2977 168.65
2978 168.65
2979 168.65
2980 168.65
2981 168.65
2982 168.65
2983 168.65
2984 168.65
2985 168.7
2986 168.7
2987 168.7
2988 168.7
2989 168.7
2990 168.7
2991 168.7
2992 168.7
2993 168.7
2994 168.7
2995 168.7
2996 168.7
2997 168.75
2998 168.75
2999 168.75
3000 168.75
3001 168.9
3002 169.0
3003 169.0
3004 169.0
3005 169.0
3006 169.0
3007 169.0
3008 169.0
3009 169.0
3010 169.0
3011 169.0
3012 169.0
3013 169.0
3014 169.0
3015 169.05
3016 169.05
3017 169.1
3018 169.1
3019 169.1
3020 169.1
3021 169.1
3022 169.1
3023 169.1
3024 169.1
3025 169.1
3026 169.1
3027 169.1
3028 169.2
3029 169.2
3030 169.2
3031 169.2
3032 169.2
3033 169.2
3034 169.2
3035 169.2
3036 169.3
3037 169.3
3038 169.3
3039 169.3
3040 169.3
3041 169.3
3042 169.3
3043 169.3
3044 169.3
3045 169.3
3046 169.3
3047 169.3
3048 169.3
3049 169.3
3050 169.3
3051 169.3
3052 169.3
3053 169.3
3054 169.3
3055 169.35
3056 169.35
3057 169.35
3058 169.35
3059 169.35
3060 169.35
3061 169.35
3062 169.35
3063 169.35
3064 169.35
3065 169.35
3066 169.35
3067 169.35
3068 169.35
3069 169.35
3070 169.35
3071 169.35
3072 169.35
3073 169.35
3074 169.45
3075 169.45
3076 169.45
3077 169.45
3078 169.45
3079 169.45
3080 169.45
3081 169.45
3082 169.5
3083 169.5
3084 169.5
3085 169.5
3086 169.5
3087 169.5
3088 169.5
3089 169.5
3090 169.5
3091 169.5
3092 169.5
3093 169.5
3094 169.5
3095 169.55
3096 169.55
3097 169.55
3098 169.55
3099 169.55
3100 169.55
3101 169.6
3102 169.6
3103 169.6
3104 169.6
3105 169.6
3106 169.6
3107 169.6
3108 169.6
3109 169.6
3110 169.6
3111 169.6
3112 169.6
3113 169.6
3114 169.6
3115 169.6
3116 169.6
3117 169.6
3118 169.6
3119 169.6
3120 169.6
3121 169.6
3122 169.6
3123 169.6
3124 169.65
3125 169.65
3126 169.65
3127 169.65
3128 169.75
3129 169.75
3130 169.75
3131 169.75
3132 169.75
3133 169.75
3134 169.75
3135 169.75
3136 169.75
3137 169.75
3138 169.75
3139 169.75
3140 169.75
3141 169.75
3142 169.75
3143 169.75
3144 169.75
3145 169.75
3146 169.75
3147 169.75
3148 169.75
3149 169.75
3150 169.75
3151 169.75
3152 169.75
3153 169.75
3154 169.75
3155 169.75
3156 169.75
3157 169.75
3158 169.75
3159 169.75
3160 169.75
3161 169.75
3162 169.8
3163 169.8
3164 169.8
3165 169.8
3166 169.8
3167 169.8
3168 169.8
3169 169.8
3170 169.8
3171 169.8
3172 169.8
3173 169.8
3174 169.8
3175 169.8
3176 169.8
3177 169.8
3178 169.8
3179 169.8
3180 169.8
3181 169.8
3182 169.8
3183 169.8
3184 169.8
3185 169.8
3186 169.8
3187 169.8
3188 169.8
3189 169.8
3190 169.8
3191 169.85
3192 169.85
3193 169.85
3194 169.85
3195 169.85
3196 169.85
3197 169.85
3198 169.85
3199 169.85
3200 169.85
3201 169.85
3202 169.85
3203 169.85
3204 169.85
3205 169.85
3206 169.85
3207 169.85
3208 169.85
3209 169.85
3210 169.85
3211 169.85
3212 169.85
3213 169.85
3214 169.85
3215 169.85
3216 169.85
3217 169.85
3218 169.85
3219 169.85
3220 169.85
3221 170.0
3222 170.0
3223 170.0
3224 170.0
3225 170.0
3226 170.0
3227 170.0
3228 170.0
3229 170.05
3230 170.05
3231 170.05
3232 170.05
3233 170.05
3234 170.05
3235 170.05
3236 170.05
3237 170.05
3238 170.05
3239 170.05
3240 170.05
3241 170.05
3242 170.05
3243 170.1
3244 170.1
3245 170.1
3246 170.1
3247 170.1
3248 170.1
3249 170.1
3250 170.1
3251 170.1
3252 170.1
3253 170.1
3254 170.1
3255 170.1
3256 170.1
3257 170.1
3258 170.1
3259 170.1
3260 170.1
3261 170.1
3262 170.1
3263 170.1
3264 170.1
3265 170.1
3266 170.1
3267 170.1
3268 170.1
3269 170.1
3270 170.1
3271 170.1
3272 170.1
3273 170.1
3274 170.1
3275 170.1
3276 170.1
3277 170.1
3278 170.1
3279 170.1
3280 170.1
3281 170.1
3282 170.1
3283 170.1
3284 170.1
3285 170.1
3286 170.1
3287 170.1
3288 170.1
3289 170.1
3290 170.1
3291 170.1
3292 170.1
3293 170.1
3294 170.1
3295 170.15
3296 170.15
3297 170.15
3298 170.15
3299 170.15
3300 170.15
3301 170.15
3302 170.15
3303 170.15
3304 170.15
3305 170.15
3306 170.15
3307 170.15
3308 170.15
3309 170.15
3310 170.15
3311 170.15
3312 170.15
3313 170.25
3314 170.25
3315 170.25
3316 170.25
3317 170.25
3318 170.25
3319 170.25
3320 170.25
3321 170.25
3322 170.25
3323 170.25
3324 170.25
3325 170.25
3326 170.25
3327 170.25
3328 170.25
3329 170.25
3330 170.25
3331 170.25
3332 170.25
3333 170.25
3334 170.25
3335 170.25
3336 170.25
3337 170.25
3338 170.25
3339 170.35
3340 170.35
3341 170.35
3342 170.35
3343 170.35
3344 170.35
3345 170.35
3346 170.35
3347 170.35
3348 170.35
3349 170.35
3350 170.4
3351 170.4
3352 170.4
3353 170.4
3354 170.4
3355 170.4
3356 170.4
3357 170.4
3358 170.4
3359 170.4
3360 170.4
3361 170.4
3362 170.4
3363 170.4
3364 170.4
3365 170.4
3366 170.4
3367 170.4
3368 170.4
3369 170.4
3370 170.4
3371 170.4
3372 170.4
3373 170.4
3374 170.4
3375 170.4
3376 170.4
3377 170.4
3378 170.4
3379 170.4
3380 170.4
3381 170.4
3382 170.4
3383 170.4
3384 170.4
3385 170.4
3386 170.4
3387 170.4
3388 170.45
3389 170.45
3390 170.45
3391 170.45
3392 170.45
3393 170.45
3394 170.45
3395 170.45
3396 170.45
3397 170.45
3398 170.45
3399 170.45
3400 170.45
3401 170.45
3402 170.45
3403 170.5
3404 170.5
3405 170.5
3406 170.5
3407 170.5
3408 170.5
3409 170.5
3410 170.5
3411 170.5
3412 170.5
3413 170.5
3414 170.5
3415 170.5
3416 170.5
3417 170.5
3418 170.5
3419 170.5
3420 170.5
3421 170.5
3422 170.5
3423 170.5
3424 170.5
3425 170.5
3426 170.5
3427 170.5
3428 170.5
3429 170.5
3430 170.5
3431 170.5
3432 170.5
3433 170.5
3434 170.5
3435 170.5
3436 170.5
3437 170.5
3438 170.5
3439 170.5
3440 170.5
3441 170.5
3442 170.5
3443 170.5
3444 170.5
3445 170.5
3446 170.5
3447 170.5
3448 170.5
3449 170.6
3450 170.6
3451 170.6
3452 170.6
3453 170.6
3454 170.6
3455 170.6
3456 170.6
3457 170.6
3458 170.6
3459 170.6
3460 170.6
3461 170.6
3462 170.6
3463 170.6
3464 170.6
3465 170.6
3466 170.6
3467 170.6
3468 170.6
3469 170.65
3470 170.65
3471 170.65
3472 170.65
3473 170.65
3474 170.65
3475 170.65
3476 170.65
3477 170.65
3478 170.65
3479 170.65
3480 170.7
3481 170.7
3482 170.7
3483 170.7
3484 170.7
3485 170.7
3486 170.7
3487 170.7
3488 170.75
3489 170.75
3490 170.75
3491 170.75
3492 170.75
3493 170.75
3494 170.75
3495 170.8
3496 170.8
3497 170.8
3498 170.8
3499 170.8
3500 170.8
3501 170.8
3502 170.8
3503 170.8
3504 170.85
3505 170.85
3506 170.85
3507 170.85
3508 170.85
3509 170.9
3510 170.9
3511 170.95
3512 170.95
3513 170.95
3514 170.95
3515 170.95
3516 170.95
3517 170.95
3518 170.95
3519 170.95
3520 170.95
3521 170.95
3522 170.95
3523 170.95
3524 170.95
3525 170.95
3526 170.95
3527 170.95
3528 170.95
3529 170.95
3530 170.95
3531 170.95
3532 170.95
3533 170.95
3534 171.0
3535 171.0
3536 171.0
3537 171.0
3538 171.0
3539 171.0
3540 171.0
3541 171.0
3542 171.0
3543 171.0
3544 171.0
3545 171.0
3546 171.0
3547 171.0
3548 171.0
3549 171.0
3550 171.0
3551 171.0
3552 171.0
3553 171.0
3554 171.05
3555 171.1
3556 171.1
3557 171.1
3558 171.1
3559 171.1
3560 171.1
3561 171.1
3562 171.1
3563 171.1
3564 171.1
3565 171.1
3566 171.1
3567 171.1
3568 171.1
3569 171.1
3570 171.1
3571 171.1
3572 171.1
3573 171.1
3574 171.1
3575 171.1
3576 171.1
3577 171.1
3578 171.15
3579 171.15
3580 171.15
3581 171.15
3582 171.15
3583 171.15
3584 171.15
3585 171.15
3586 171.15
3587 171.15
3588 171.15
3589 171.15
3590 171.15
3591 171.15
3592 171.15
3593 171.2
3594 171.2
3595 171.2
3596 171.2
3597 171.2
3598 171.2
3599 171.2
3600 171.2
3601 171.2
3602 171.2
3603 171.2
3604 171.2
3605 171.2
3606 171.2
3607 171.2
3608 171.2
3609 171.2
3610 171.2
3611 171.2
3612 171.2
3613 171.2
3614 171.2
3615 171.25
3616 171.25
3617 171.25
3618 171.3
3619 171.3
3620 171.3
3621 171.3
3622 171.3
3623 171.3
3624 171.35
3625 171.35
3626 171.35
3627 171.35
3628 171.35
3629 171.35
3630 171.35
3631 171.35
3632 171.35
3633 171.35
3634 171.35
3635 171.35
3636 171.35
3637 171.35
3638 171.35
3639 171.35
3640 171.35
3641 171.35
3642 171.35
3643 171.4
3644 171.4
3645 171.4
3646 171.4
3647 171.45
3648 171.45
3649 171.45
3650 171.45
3651 171.45
3652 171.45
3653 171.45
3654 171.45
3655 171.45
3656 171.45
3657 171.45
3658 171.45
3659 171.45
3660 171.45
3661 171.45
3662 171.45
3663 171.45
3664 171.45
3665 171.45
3666 171.5
3667 171.5
3668 171.5
3669 171.5
3670 171.5
3671 171.5
3672 171.5
3673 171.5
3674 171.5
3675 171.5
3676 171.5
3677 171.5
3678 171.5
3679 171.5
3680 171.5
3681 171.5
3682 171.5
3683 171.5
3684 171.5
3685 171.5
3686 171.5
3687 171.5
3688 171.5
3689 171.5
3690 171.65
3691 171.65
3692 171.65
3693 171.65
3694 171.65
3695 171.7
3696 171.7
3697 171.7
3698 171.7
3699 171.7
3700 171.7
3701 171.7
3702 171.7
3703 171.7
3704 171.7
3705 171.75
3706 171.75
3707 171.75
3708 171.75
3709 171.75
3710 171.75
3711 171.75
3712 171.75
3713 171.75
3714 171.75
3715 171.75
3716 171.75
3717 171.75
3718 171.75
3719 171.8
3720 171.8
3721 171.8
3722 171.8
3723 171.8
3724 171.8
3725 171.8
3726 171.8
3727 171.8
3728 171.8
3729 171.8
3730 171.8
3731 171.8
3732 171.8
3733 171.8
3734 171.8
3735 171.8
3736 171.8
3737 171.8
3738 171.8
3739 171.8
3740 171.8
3741 171.8
3742 171.8
3743 171.8
3744 171.8
3745 171.8
3746 171.8
3747 171.8
3748 171.8
3749 171.8
3750 171.8
3751 171.8
3752 171.8
3753 171.8
3754 171.8
3755 171.8
3756 171.8
3757 171.8
3758 171.8
3759 171.8
3760 171.8
3761 171.8
3762 171.8
3763 171.8
3764 171.8
3765 171.8
3766 171.8
3767 171.8
3768 171.8
3769 171.8
3770 171.8
3771 171.8
3772 171.8
3773 171.8
3774 171.8
3775 171.8
3776 171.8
3777 171.85
3778 171.85
3779 171.85
3780 171.85
3781 171.85
3782 171.85
3783 171.85
3784 171.85
3785 171.85
3786 171.85
3787 171.85
3788 171.85
3789 171.85
3790 171.85
3791 171.85
3792 171.85
3793 171.85
3794 171.85
3795 171.9
3796 171.9
3797 171.9
3798 171.9
3799 171.9
3800 171.9
3801 171.9
3802 171.9
3803 171.9
3804 171.9
3805 171.9
3806 171.9
3807 171.9
3808 171.9
3809 171.9
3810 171.9
3811 171.9
3812 171.9
3813 171.9
3814 171.9
3815 171.9
3816 171.9
3817 171.9
3818 171.9
3819 171.9
3820 171.9
3821 171.9
3822 171.9
3823 171.9
3824 171.9
3825 171.9
3826 171.9
3827 171.9
3828 171.9
3829 171.9
3830 171.9
3831 171.95
3832 171.95
3833 171.95
3834 171.95
3835 171.95
3836 171.95
3837 171.95
3838 171.95
3839 171.95
3840 171.95
3841 171.95
3842 171.95
3843 171.95
3844 171.95
3845 171.95
3846 171.95
3847 171.95
3848 171.95
3849 171.95
3850 171.95
3851 171.95
3852 171.95
3853 171.95
3854 171.95
3855 171.95
3856 171.95
3857 171.95
3858 171.95
3859 171.95
3860 171.95
3861 171.95
3862 171.95
3863 171.95
3864 171.95
3865 171.95
3866 171.95
3867 171.95
3868 171.95
3869 171.95
3870 171.95
3871 171.95
3872 171.95
3873 171.95
3874 171.95
3875 171.95
3876 172.0
3877 172.0
3878 172.0
3879 172.0
3880 172.0
3881 172.0
3882 172.0
3883 172.1
3884 172.1
3885 172.1
3886 172.1
3887 172.1
3888 172.1
3889 172.1
3890 172.1
3891 172.1
3892 172.1
3893 172.1
3894 172.1
3895 172.1
3896 172.1
3897 172.1
3898 172.1
3899 172.1
3900 172.1
3901 172.1
3902 172.15
3903 172.15
3904 172.15
3905 172.15
3906 172.15
3907 172.15
3908 172.15
3909 172.15
3910 172.15
3911 172.15
3912 172.15
3913 172.2
3914 172.2
3915 172.2
3916 172.2
3917 172.2
3918 172.25
3919 172.25
3920 172.25
3921 172.25
3922 172.25
3923 172.25
3924 172.25
3925 172.25
3926 172.25
3927 172.25
3928 172.3
3929 172.3
3930 172.3
3931 172.3
3932 172.3
3933 172.3
3934 172.3
3935 172.3
3936 172.3
3937 172.3
3938 172.3
3939 172.3
3940 172.3
3941 172.3
3942 172.3
3943 172.3
3944 172.3
3945 172.3
3946 172.3
3947 172.3
3948 172.3
3949 172.3
3950 172.3
3951 172.3
3952 172.3
3953 172.3
3954 172.35
3955 172.35
3956 172.35
3957 172.35
3958 172.35
3959 172.35
3960 172.35
3961 172.35
3962 172.35
3963 172.35
3964 172.35
3965 172.35
3966 172.35
3967 172.35
3968 172.35
3969 172.35
3970 172.35
3971 172.35
3972 172.35
3973 172.35
3974 172.35
3975 172.35
3976 172.35
3977 172.35
3978 172.35
3979 172.35
3980 172.35
3981 172.35
3982 172.35
3983 172.35
3984 172.35
3985 172.35
3986 172.35
3987 172.35
3988 172.35
3989 172.35
3990 172.35
3991 172.65
3992 172.65
3993 172.65
3994 172.65
3995 172.65
3996 172.65
3997 172.65
3998 172.65
3999 172.65
4000 172.65
4001 172.65
4002 172.65
4003 172.65
4004 172.65
4005 172.65
4006 172.65
4007 172.65
4008 172.65
4009 172.65
4010 172.65
4011 172.65
4012 172.65
4013 172.65
4014 172.65
4015 172.65
4016 172.65
4017 172.65
4018 172.65
4019 172.65
4020 172.65
4021 172.65
4022 172.65
4023 172.65
4024 172.65
4025 172.65
4026 172.65
4027 172.65
4028 172.65
4029 172.85
4030 172.85
4031 172.95
4032 172.95
4033 172.95
4034 172.95
4035 172.95
4036 172.95
4037 172.95
4038 172.95
4039 172.95
4040 172.95
4041 172.95
4042 172.95
4043 172.95
4044 172.95
4045 172.95
4046 172.95
4047 172.95
4048 172.95
4049 172.95
4050 172.95
4051 172.95
4052 172.95
4053 172.95
4054 173.0
4055 173.0
4056 173.0
4057 173.0
4058 173.0
4059 173.0
4060 173.0
4061 173.0
4062 173.0
4063 173.0
4064 173.0
4065 173.0
4066 173.0
4067 173.05
4068 173.05
4069 173.05
4070 173.05
4071 173.05
4072 173.05
4073 173.05
4074 173.05
4075 173.05
4076 173.15
4077 173.15
4078 173.15
4079 173.15
4080 173.15
4081 173.15
4082 173.15
4083 173.2
4084 173.2
4085 173.2
4086 173.2
4087 173.2
4088 173.2
4089 173.25
4090 173.25
4091 173.25
4092 173.25
4093 173.25
4094 173.25
4095 173.3
4096 173.3
4097 173.3
4098 173.3
4099 173.3
4100 173.3
4101 173.3
4102 173.3
4103 173.3
4104 173.3
4105 173.3
4106 173.3
4107 173.3
4108 173.3
4109 173.3
4110 173.3
4111 173.3
4112 173.3
4113 173.3
4114 173.3
4115 173.3
4116 173.3
4117 173.35
4118 173.35
4119 173.35
4120 173.35
4121 173.35
4122 173.35
4123 173.35
4124 173.35
4125 173.35
4126 173.35
4127 173.35
4128 173.35
4129 173.35
4130 173.35
4131 173.35
4132 173.35
4133 173.35
4134 173.35
4135 173.35
4136 173.35
4137 173.35
4138 173.35
4139 173.35
4140 173.35
4141 173.35
4142 173.35
4143 173.4
4144 173.4
4145 173.4
4146 173.4
4147 173.4
4148 173.4
4149 173.4
4150 173.4
4151 173.4
4152 173.4
4153 173.4
4154 173.4
4155 173.4
4156 173.4
4157 173.4
4158 173.4
4159 173.4
4160 173.4
4161 173.4
4162 173.4
4163 173.4
4164 173.4
4165 173.4
4166 173.4
4167 173.4
4168 173.4
4169 173.4
4170 173.4
4171 173.4
4172 173.4
4173 173.45
4174 173.45
4175 173.45
4176 173.45
4177 173.45
4178 173.5
4179 173.5
4180 173.65
4181 173.65
4182 173.65
4183 173.65
4184 173.65
4185 173.65
4186 173.65
4187 173.65
4188 173.65
4189 173.65
4190 173.65
4191 173.65
4192 173.65
4193 173.65
4194 173.65
4195 173.65
4196 173.65
4197 173.65
4198 173.65
4199 173.75
4200 173.75
4201 173.75
4202 173.75
4203 173.75
4204 173.75
4205 173.75
4206 173.75
4207 173.75
4208 173.75
4209 173.75
4210 173.75
4211 173.75
4212 173.75
4213 173.75
4214 173.75
4215 173.75
4216 173.75
4217 173.75
4218 173.75
4219 173.75
4220 173.75
4221 173.75
4222 173.75
4223 173.75
4224 173.75
4225 173.75
4226 173.75
4227 173.75
4228 173.75
4229 173.75
4230 173.75
4231 173.75
4232 173.75
4233 173.75
4234 173.8
4235 173.8
4236 173.8
4237 173.8
4238 173.8
4239 173.8
4240 173.8
4241 173.8
4242 173.8
4243 173.8
4244 173.8
4245 173.8
4246 173.8
4247 173.8
4248 173.8
4249 173.8
4250 173.8
4251 173.8
4252 173.8
4253 173.8
4254 173.8
4255 173.8
4256 173.8
4257 173.8
4258 173.8
4259 173.8
4260 173.8
4261 173.8
4262 173.8
4263 173.8
4264 173.8
4265 173.8
4266 173.85
4267 173.85
4268 173.85
4269 173.85
4270 173.85
4271 173.85
4272 173.85
4273 173.85
4274 173.85
4275 173.85
4276 173.85
4277 173.85
4278 173.85
4279 173.85
4280 173.85
4281 173.85
4282 173.85
4283 173.85
4284 173.85
4285 173.85
4286 173.85
4287 173.85
4288 173.85
4289 173.85
4290 173.85
4291 173.85
4292 173.85
4293 173.85
4294 173.85
4295 173.85
4296 173.85
4297 173.85
4298 173.85
4299 173.85
4300 173.85
4301 173.85
4302 173.85
4303 173.85
4304 173.85
4305 173.85
4306 173.85
4307 173.85
4308 173.85
4309 173.85
4310 173.9
4311 173.9
4312 173.9
4313 173.9
4314 173.9
4315 173.9
4316 173.9
4317 173.9
4318 173.9
4319 173.9
4320 173.9
4321 173.9
4322 173.9
4323 173.9
4324 173.9
4325 173.9
4326 173.9
4327 173.9
4328 173.9
4329 173.9
4330 173.9
4331 173.9
4332 173.9
4333 173.9
4334 173.9
4335 173.9
4336 173.9
4337 173.9
4338 173.9
4339 173.9
4340 173.9
4341 173.9
4342 173.9
4343 173.9
4344 173.9
4345 173.95
4346 173.95
4347 173.95
4348 173.95
4349 173.95
4350 173.95
4351 173.95
4352 173.95
4353 173.95
4354 173.95
4355 173.95
4356 173.95
4357 173.95
4358 173.95
4359 174.0
4360 174.0
4361 174.0
4362 174.0
4363 174.0
4364 174.0
4365 174.0
4366 174.0
4367 174.0
4368 174.0
4369 174.0
4370 174.0
4371 174.0
4372 174.0
4373 174.0
4374 174.0
4375 174.0
4376 174.0
4377 174.0
4378 174.0
4379 174.0
4380 174.0
4381 174.0
4382 174.0
4383 174.0
4384 174.0
4385 174.0
4386 174.0
4387 174.0
4388 174.0
4389 174.0
4390 174.0
4391 174.0
4392 174.0
4393 174.0
4394 174.0
4395 174.0
4396 174.0
4397 174.0
4398 174.0
4399 174.0
4400 174.0
4401 174.0
4402 174.0
4403 174.0
4404 174.0
4405 174.0
4406 174.0
4407 174.0
4408 174.0
4409 174.0
4410 174.0
4411 174.0
4412 174.0
4413 174.0
4414 174.0
4415 174.0
4416 174.0
4417 174.0
4418 174.0
4419 174.0
4420 174.0
4421 174.0
4422 174.0
4423 174.0
4424 174.0
4425 174.0
4426 174.0
4427 174.0
4428 174.05
4429 174.1
4430 174.1
4431 174.15
4432 174.15
4433 174.15
4434 174.15
4435 174.15
4436 174.15
4437 174.15
4438 174.2
4439 174.2
4440 174.2
4441 174.2
4442 174.2
4443 174.2
4444 174.2
4445 174.2
4446 174.2
4447 174.2
4448 174.2
4449 174.2
4450 174.2
4451 174.2
4452 174.2
4453 174.2
4454 174.2
4455 174.2
4456 174.2
4457 174.2
4458 174.2
4459 174.2
4460 174.2
4461 174.2
4462 174.2
4463 174.2
4464 174.2
4465 174.2
4466 174.2
4467 174.2
4468 174.25
4469 174.25
4470 174.25
4471 174.25
4472 174.25
4473 174.25
4474 174.25
4475 174.25
4476 174.25
4477 174.25
4478 174.25
4479 174.25
4480 174.25
4481 174.25
4482 174.25
4483 174.25
4484 174.25
4485 174.25
4486 174.25
4487 174.25
4488 174.25
4489 174.25
4490 174.25
4491 174.25
4492 174.25
4493 174.25
4494 174.25
4495 174.25
4496 174.25
4497 174.25
4498 174.25
4499 174.25
4500 174.25
4501 174.25
4502 174.25
4503 174.25
4504 174.25
4505 174.25
4506 174.25
4507 174.25
4508 174.25
4509 174.25
4510 174.25
4511 174.25
4512 174.25
4513 174.25
4514 174.25
4515 174.3
4516 174.3
4517 174.3
4518 174.3
4519 174.3
4520 174.35
4521 174.35
4522 174.35
4523 174.4
4524 174.45
4525 174.45
4526 174.45
4527 174.45
4528 174.45
4529 174.45
4530 174.45
4531 174.45
4532 174.45
4533 174.45
4534 174.45
4535 174.45
4536 174.45
4537 174.45
4538 174.45
4539 174.45
4540 174.45
4541 174.45
4542 174.55
4543 174.55
4544 174.55
4545 174.55
4546 174.55
4547 174.55
4548 174.55
4549 174.55
4550 174.55
4551 174.55
4552 174.55
4553 174.55
4554 174.55
4555 174.55
4556 174.55
4557 174.55
4558 174.55
4559 174.55
4560 174.6
4561 174.6
4562 174.6
4563 174.6
4564 174.6
4565 174.6
4566 174.6
4567 174.6
4568 174.6
4569 174.6
4570 174.6
4571 174.6
4572 174.6
4573 174.6
4574 174.6
4575 174.6
4576 174.6
4577 174.6
4578 174.6
4579 174.6
4580 174.6
4581 174.6
4582 174.6
4583 174.65
4584 174.65
4585 174.65
4586 174.65
4587 174.65
4588 174.65
4589 174.65
4590 174.65
4591 174.65
4592 174.65
4593 174.65
4594 174.65
4595 174.65
4596 174.65
4597 174.65
4598 174.65
4599 174.65
4600 174.65
4601 174.65
4602 174.65
4603 174.65
4604 174.65
4605 174.65
4606 174.65
4607 174.65
4608 174.65
4609 174.65
4610 174.65
4611 174.65
4612 174.65
4613 174.65
4614 174.65
4615 174.65
4616 174.65
4617 174.65
4618 174.65
4619 174.65
4620 174.65
4621 174.65
4622 174.65
4623 174.65
4624 174.65
4625 174.65
4626 174.65
4627 174.65
4628 174.65
4629 174.65
4630 174.65
4631 174.65
4632 174.65
4633 174.65
4634 174.65
4635 174.65
4636 174.65
4637 174.65
4638 174.65
4639 174.65
4640 174.65
4641 174.65
4642 174.65
4643 174.65
4644 174.65
4645 174.65
4646 174.65
4647 174.65
4648 174.65
4649 174.65
4650 174.65
4651 174.65
4652 174.65
4653 174.65
4654 174.65
4655 174.65
4656 174.65
4657 174.65
4658 174.65
4659 174.65
4660 174.65
4661 174.65
4662 174.65
4663 174.65
4664 174.65
4665 174.65
4666 174.65
4667 174.65
4668 174.65
4669 174.65
4670 174.65
4671 174.65
4672 174.65
4673 174.65
4674 174.7
4675 174.7
4676 174.7
4677 174.7
4678 174.7
4679 174.7
4680 174.7
4681 174.7
4682 174.7
4683 174.7
4684 174.7
4685 174.7
4686 174.7
4687 174.7
4688 174.7
4689 174.7
4690 174.7
4691 174.7
4692 174.7
4693 174.7
4694 174.7
4695 174.7
4696 174.7
4697 174.7
4698 174.7
4699 174.7
4700 174.7
4701 174.7
4702 174.75
4703 174.75
4704 174.75
4705 174.75
4706 174.75
4707 174.75
4708 174.75
4709 174.75
4710 174.75
4711 174.75
4712 174.75
4713 174.75
4714 174.75
4715 174.75
4716 174.75
4717 174.75
4718 174.75
4719 174.75
4720 174.75
4721 174.75
4722 174.75
4723 174.75
4724 174.75
4725 174.8
4726 174.8
4727 174.8
4728 174.8
4729 174.8
4730 174.85
4731 174.85
4732 174.85
4733 174.85
4734 174.85
4735 174.85
4736 174.85
4737 174.85
4738 174.85
4739 174.85
4740 174.85
4741 174.85
4742 174.85
4743 174.85
4744 174.85
4745 174.85
4746 174.85
4747 174.85
4748 174.85
4749 174.85
4750 174.85
4751 174.85
4752 174.85
4753 174.85
4754 174.9
4755 174.9
4756 174.9
4757 174.9
4758 174.9
4759 174.9
4760 174.9
4761 174.9
4762 174.9
4763 174.9
4764 174.9
4765 174.9
4766 174.9
4767 174.9
4768 174.9
4769 174.9
4770 174.9
4771 174.9
4772 174.9
4773 174.9
4774 174.9
4775 174.9
4776 174.9
4777 174.9
4778 174.9
4779 174.9
4780 174.9
4781 174.9
4782 174.9
4783 174.9
4784 174.9
4785 174.9
4786 174.9
4787 174.9
4788 174.9
4789 174.9
4790 174.9
4791 174.9
4792 174.9
4793 174.9
4794 174.9
4795 174.9
4796 174.9
4797 174.9
4798 174.9
4799 174.9
4800 174.9
4801 174.9
4802 174.9
4803 174.9
4804 174.9
4805 174.9
4806 174.9
4807 174.9
4808 174.9
4809 174.9
4810 174.9
4811 174.9
4812 174.9
4813 174.9
4814 174.9
4815 174.9
4816 174.9
4817 174.9
4818 174.9
4819 174.9
4820 174.9
4821 174.9
4822 174.9
4823 174.9
4824 174.9
4825 174.9
4826 174.9
4827 174.9
4828 174.9
4829 174.9
4830 174.9
4831 174.9
4832 174.9
4833 174.9
4834 174.9
4835 174.9
4836 174.9
4837 174.9
4838 174.9
4839 174.9
4840 174.9
4841 174.9
4842 174.9
4843 174.9
4844 174.9
4845 174.9
4846 174.9
4847 174.9
4848 174.9
4849 174.9
4850 174.9
4851 174.9
4852 174.9
4853 174.95
4854 174.95
4855 174.95
4856 174.95
4857 174.95
4858 174.95
4859 175.0
4860 175.0
4861 175.0
4862 175.0
4863 175.0
4864 175.0
4865 175.0
4866 175.0
4867 175.0
4868 175.0
4869 175.0
4870 175.0
4871 175.0
4872 175.0
4873 175.05
4874 175.05
4875 175.05
4876 175.05
4877 175.05
4878 175.05
4879 175.05
4880 175.05
4881 175.05
4882 175.05
4883 175.05
4884 175.05
4885 175.05
4886 175.05
4887 175.05
4888 175.05
4889 175.1
4890 175.1
4891 175.1
4892 175.1
4893 175.1
4894 175.1
4895 175.1
4896 175.1
4897 175.1
4898 175.1
4899 175.1
4900 175.1
4901 175.1
4902 175.1
4903 175.1
4904 175.1
4905 175.1
4906 175.1
4907 175.1
4908 175.1
4909 175.1
4910 175.1
4911 175.1
4912 175.1
4913 175.1
4914 175.1
4915 175.15
4916 175.15
4917 175.2
4918 175.2
4919 175.2
4920 175.2
4921 175.2
4922 175.2
4923 175.2
4924 175.2
4925 175.2
4926 175.2
4927 175.2
4928 175.2
4929 175.2
4930 175.2
4931 175.25
4932 175.25
4933 175.25
4934 175.25
4935 175.25
4936 175.25
4937 175.25
4938 175.25
4939 175.25
4940 175.25
4941 175.25
4942 175.25
4943 175.25
4944 175.25
4945 175.25
4946 175.25
4947 175.3
4948 175.3
4949 175.3
4950 175.3
4951 175.35
4952 175.35
4953 175.35
4954 175.35
4955 175.35
4956 175.35
4957 175.35
4958 175.35
4959 175.35
4960 175.35
4961 175.35
4962 175.35
4963 175.35
4964 175.35
4965 175.35
4966 175.35
4967 175.35
4968 175.35
4969 175.35
4970 175.35
4971 175.35
4972 175.35
4973 175.35
4974 175.35
4975 175.35
4976 175.35
4977 175.35
4978 175.35
4979 175.35
4980 175.35
4981 175.35
4982 175.35
4983 175.35
4984 175.35
4985 175.35
4986 175.35
4987 175.35
4988 175.35
4989 175.35
4990 175.35
4991 175.35
4992 175.35
4993 175.4
4994 175.4
4995 175.4
4996 175.5
4997 175.5
4998 175.5
4999 175.5
5000 175.5
5001 175.55
5002 175.55
5003 175.55
5004 175.55
5005 175.55
5006 175.6
5007 175.6
5008 175.6
5009 175.6
5010 175.6
5011 175.6
5012 175.6
5013 175.6
5014 175.6
5015 175.6
5016 175.6
5017 175.6
5018 175.6
5019 175.6
5020 175.6
5021 175.6
5022 175.6
5023 175.6
5024 175.6
5025 175.6
5026 175.6
5027 175.6
5028 175.6
5029 175.6
5030 175.6
5031 175.65
5032 175.7
5033 175.7
5034 175.7
5035 175.7
5036 175.7
5037 175.7
5038 175.7
5039 175.7
5040 175.7
5041 175.7
5042 175.7
5043 175.7
5044 175.7
5045 175.7
5046 175.7
5047 175.7
5048 175.7
5049 175.7
5050 175.7
5051 175.7
5052 175.7
5053 175.7
5054 175.7
5055 175.7
5056 175.7
5057 175.7
5058 175.7
5059 175.7
5060 175.7
5061 175.7
5062 175.7
5063 175.7
5064 175.7
5065 175.7
5066 175.7
5067 175.7
5068 175.7
5069 175.7
5070 175.7
5071 175.7
5072 175.7
5073 175.7
5074 175.7
5075 175.7
5076 175.7
5077 175.7
5078 175.7
5079 175.7
5080 175.7
5081 175.7
5082 175.7
5083 175.7
5084 175.7
5085 175.7
5086 175.7
5087 175.7
5088 175.7
5089 175.7
5090 175.7
5091 175.7
5092 175.7
5093 175.7
5094 175.7
5095 175.7
5096 175.7
5097 175.7
5098 175.7
5099 175.7
5100 175.7
5101 175.7
5102 175.7
5103 175.7
5104 175.7
5105 175.7
5106 175.7
5107 175.7
5108 175.7
5109 175.7
5110 175.7
5111 175.7
5112 175.7
5113 175.7
5114 175.7
5115 175.7
5116 175.7
5117 175.7
5118 175.7
5119 175.75
5120 175.75
5121 175.75
5122 175.75
5123 175.75
5124 175.75
5125 175.75
5126 175.75
5127 175.75
5128 175.75
5129 175.75
5130 175.75
5131 175.75
5132 175.75
5133 175.75
5134 175.75
5135 175.75
5136 175.75
5137 175.75
5138 175.75
5139 175.75
5140 175.75
5141 175.75
5142 175.75
5143 175.75
5144 175.75
5145 175.75
5146 175.75
5147 175.75
5148 175.75
5149 175.75
5150 175.8
5151 175.8
5152 175.8
5153 175.8
5154 175.8
5155 175.8
5156 175.8
5157 175.8
5158 175.8
5159 175.8
5160 175.85
5161 175.85
5162 175.85
5163 175.85
5164 175.85
5165 175.85
5166 175.85
5167 175.85
5168 175.85
5169 175.85
5170 175.85
5171 175.85
5172 175.85
5173 175.9
5174 175.9
5175 175.9
5176 175.9
5177 175.9
5178 175.9
5179 175.9
5180 175.9
5181 175.9
5182 175.9
5183 175.9
5184 175.9
5185 175.9
5186 175.9
5187 175.9
5188 175.9
5189 175.9
5190 175.9
5191 175.9
5192 175.9
5193 175.9
5194 175.9
5195 175.9
5196 175.9
5197 175.9
5198 175.9
5199 175.9
5200 175.9
5201 175.9
5202 175.9
5203 175.9
5204 175.9
5205 175.9
5206 175.9
5207 175.9
5208 175.9
5209 175.9
5210 175.9
5211 175.9
5212 175.9
5213 175.9
5214 175.9
5215 175.9
5216 175.9
5217 175.9
5218 175.9
5219 175.9
5220 175.9
5221 175.9
5222 175.9
5223 175.9
5224 175.9
5225 175.9
5226 175.9
5227 175.9
5228 175.9
5229 175.9
5230 175.9
5231 175.9
5232 175.9
5233 175.9
5234 175.9
5235 175.95
5236 175.95
5237 176.0
5238 176.0
5239 176.0
5240 176.0
5241 176.0
5242 176.0
5243 176.0
5244 176.0
5245 176.0
5246 176.0
5247 176.0
5248 176.0
5249 176.0
5250 176.0
5251 176.0
5252 176.0
5253 176.0
5254 176.0
5255 176.0
5256 176.0
5257 176.0
5258 176.0
5259 176.0
5260 176.0
5261 176.0
5262 176.0
5263 176.0
5264 176.0
5265 176.0
5266 176.0
5267 176.0
5268 176.0
5269 176.0
5270 176.0
5271 176.0
5272 176.0
5273 176.0
5274 176.0
5275 176.0
5276 176.0
5277 176.0
5278 176.0
5279 176.0
5280 176.0
5281 176.0
5282 176.0
5283 176.0
5284 176.0
5285 176.05
5286 176.05
5287 176.05
5288 176.05
5289 176.05
5290 176.05
5291 176.05
5292 176.05
5293 176.05
5294 176.05
5295 176.05
5296 176.05
5297 176.05
5298 176.05
5299 176.05
5300 176.05
5301 176.05
5302 176.05
5303 176.05
5304 176.05
5305 176.05
5306 176.05
5307 176.1
5308 176.1
5309 176.1
5310 176.1
5311 176.1
5312 176.1
5313 176.1
5314 176.1
5315 176.1
5316 176.1
5317 176.1
5318 176.1
5319 176.1
5320 176.1
5321 176.1
5322 176.1
5323 176.1
5324 176.1
5325 176.1
5326 176.1
5327 176.1
5328 176.1
5329 176.1
5330 176.1
5331 176.1
5332 176.1
5333 176.1
5334 176.1
5335 176.1
5336 176.1
5337 176.1
5338 176.1
5339 176.1
5340 176.1
5341 176.1
5342 176.1
5343 176.1
5344 176.1
5345 176.1
5346 176.1
5347 176.1
5348 176.1
5349 176.1
5350 176.1
5351 176.1
5352 176.1
5353 176.1
5354 176.1
5355 176.1
5356 176.1
5357 176.1
5358 176.1
5359 176.1
5360 176.1
5361 176.1
5362 176.1
5363 176.1
5364 176.1
5365 176.1
5366 176.1
5367 176.1
5368 176.1
5369 176.1
5370 176.1
5371 176.1
5372 176.1
5373 176.1
5374 176.1
5375 176.15
5376 176.15
5377 176.15
5378 176.15
5379 176.15
5380 176.15
5381 176.15
5382 176.15
5383 176.15
5384 176.15
5385 176.15
5386 176.2
5387 176.2
5388 176.2
5389 176.2
5390 176.2
5391 176.2
5392 176.2
5393 176.2
5394 176.2
5395 176.25
5396 176.25
5397 176.25
5398 176.25
5399 176.3
5400 176.3
5401 176.3
5402 176.3
5403 176.3
5404 176.3
5405 176.3
5406 176.3
5407 176.3
5408 176.3
5409 176.3
5410 176.3
5411 176.3
5412 176.3
5413 176.3
5414 176.3
5415 176.3
5416 176.3
5417 176.3
5418 176.3
5419 176.3
5420 176.3
5421 176.3
5422 176.4
5423 176.4
5424 176.4
5425 176.4
5426 176.4
5427 176.4
5428 176.4
5429 176.4
5430 176.4
5431 176.4
5432 176.4
5433 176.4
5434 176.4
5435 176.4
5436 176.4
5437 176.4
5438 176.4
5439 176.4
5440 176.4
5441 176.4
5442 176.4
5443 176.4
5444 176.4
5445 176.4
5446 176.4
5447 176.4
5448 176.4
5449 176.4
5450 176.4
5451 176.4
5452 176.4
5453 176.4
5454 176.4
5455 176.4
5456 176.45
5457 176.45
5458 176.45
5459 176.45
5460 176.45
5461 176.45
5462 176.45
5463 176.45
5464 176.45
5465 176.45
5466 176.45
5467 176.45
5468 176.45
5469 176.45
5470 176.45
5471 176.45
5472 176.45
5473 176.45
5474 176.45
5475 176.45
5476 176.45
5477 176.5
5478 176.5
5479 176.5
5480 176.5
5481 176.5
5482 176.5
5483 176.5
5484 176.5
5485 176.5
5486 176.5
5487 176.5
5488 176.5
5489 176.5
5490 176.5
5491 176.5
5492 176.5
5493 176.5
5494 176.5
5495 176.5
5496 176.5
5497 176.5
5498 176.5
5499 176.5
5500 176.5
5501 176.5
5502 176.5
5503 176.5
5504 176.5
5505 176.5
5506 176.5
5507 176.5
5508 176.5
5509 176.5
5510 176.5
5511 176.5
5512 176.5
5513 176.5
5514 176.5
5515 176.5
5516 176.5
5517 176.5
5518 176.5
5519 176.5
5520 176.5
5521 176.5
5522 176.5
5523 176.5
5524 176.5
5525 176.5
5526 176.5
5527 176.5
5528 176.5
5529 176.5
5530 176.5
5531 176.5
5532 176.5
5533 176.5
5534 176.5
5535 176.5
5536 176.5
5537 176.5
5538 176.5
5539 176.5
5540 176.5
5541 176.5
5542 176.5
5543 176.5
5544 176.5
5545 176.5
5546 176.5
5547 176.5
5548 176.5
5549 176.5
5550 176.5
5551 176.5
5552 176.5
5553 176.5
5554 176.55
5555 176.55
5556 176.55
5557 176.55
5558 176.55
5559 176.6
5560 176.6
5561 176.6
5562 176.6
5563 176.65
5564 176.65
5565 176.65
5566 176.65
5567 176.65
5568 176.65
5569 176.65
5570 176.65
5571 176.65
5572 176.65
5573 176.65
5574 176.65
5575 176.65
5576 176.65
5577 176.65
5578 176.65
5579 176.65
5580 176.65
5581 176.65
5582 176.65
5583 176.65
5584 176.65
5585 176.65
5586 176.65
5587 176.65
5588 176.65
5589 176.65
5590 176.65
5591 176.65
5592 176.65
5593 176.65
5594 176.65
5595 176.65
5596 176.65
5597 176.65
5598 176.65
5599 176.65
5600 176.65
5601 176.65
5602 176.65
5603 176.65
5604 176.65
5605 176.65
5606 176.65
5607 176.65
5608 176.65
5609 176.65
5610 176.65
5611 176.65
5612 176.65
5613 176.65
5614 176.65
5615 176.65
5616 176.65
5617 176.65
5618 176.65
5619 176.65
5620 176.65
5621 176.65
5622 176.65
5623 176.65
5624 176.65
5625 176.65
5626 176.65
5627 176.7
5628 176.7
5629 176.7
5630 176.7
5631 176.7
5632 176.7
5633 176.7
5634 176.7
5635 176.7
5636 176.7
5637 176.7
5638 176.7
5639 176.7
5640 176.7
5641 176.7
5642 176.7
5643 176.7
5644 176.7
5645 176.7
5646 176.7
5647 176.7
5648 176.7
5649 176.7
5650 176.7
5651 176.7
5652 176.7
5653 176.7
5654 176.7
5655 176.7
5656 176.7
5657 176.7
5658 176.7
5659 176.7
5660 176.7
5661 176.7
5662 176.7
5663 176.7
5664 176.7
5665 176.7
5666 176.7
5667 176.7
5668 176.7
5669 176.7
5670 176.7
5671 176.7
5672 176.7
5673 176.7
5674 176.7
5675 176.7
5676 176.7
5677 176.7
5678 176.7
5679 176.7
5680 176.7
5681 176.7
5682 176.7
5683 176.7
5684 176.7
5685 176.7
5686 176.7
5687 176.7
5688 176.7
5689 176.7
5690 176.7
5691 176.7
5692 176.7
5693 176.7
5694 176.7
5695 176.7
5696 176.7
5697 176.7
5698 176.7
5699 176.7
5700 176.7
5701 176.7
5702 176.7
5703 176.7
5704 176.7
5705 176.7
5706 176.7
5707 176.7
5708 176.7
5709 176.7
5710 176.7
5711 176.7
5712 176.7
5713 176.7
5714 176.7
5715 176.7
5716 176.7
5717 176.7
5718 176.7
5719 176.7
5720 176.7
5721 176.7
5722 176.7
5723 176.7
5724 176.7
5725 176.7
5726 176.7
5727 176.7
5728 176.7
5729 176.7
5730 176.7
5731 176.7
5732 176.7
5733 176.7
5734 176.7
5735 176.7
5736 176.7
5737 176.7
5738 176.7
5739 176.7
5740 176.7
5741 176.7
5742 176.7
5743 176.7
5744 176.7
5745 176.7
5746 176.7
5747 176.7
5748 176.7
5749 176.7
5750 176.7
5751 176.7
5752 176.7
5753 176.7
5754 176.7
5755 176.7
5756 176.7
5757 176.7
5758 176.7
5759 176.7
5760 176.7
5761 176.7
5762 176.7
5763 176.7
5764 176.7
5765 176.7
5766 176.7
5767 176.7
5768 176.7
5769 176.7
5770 176.7
5771 176.7
5772 176.7
5773 176.7
5774 176.7
5775 176.7
5776 176.7
5777 176.7
5778 176.7
5779 176.7
5780 176.75
5781 176.75
5782 176.75
5783 176.75
5784 176.75
5785 176.8
5786 176.8
5787 176.8
5788 176.8
5789 176.8
5790 176.8
5791 176.8
5792 176.8
5793 176.8
5794 176.85
5795 176.85
5796 176.85
5797 176.85
5798 176.85
5799 176.85
5800 176.85
5801 176.85
5802 176.85
5803 176.85
5804 176.85
5805 176.85
5806 176.85
5807 176.85
5808 176.85
5809 176.85
5810 176.85
5811 176.85
5812 176.85
5813 176.85
5814 176.85
5815 176.85
5816 176.85
5817 176.85
5818 176.85
5819 176.85
5820 176.85
5821 176.85
5822 176.85
5823 176.85
5824 176.85
5825 176.85
5826 176.85
5827 176.85
5828 176.9
5829 176.9
5830 176.9
5831 176.9
5832 176.9
5833 176.9
5834 176.9
5835 176.9
5836 176.9
5837 176.9
5838 176.9
5839 176.9
5840 176.9
5841 176.9
5842 176.9
5843 176.9
5844 176.9
5845 176.9
5846 176.9
5847 176.9
5848 176.9
5849 176.9
5850 176.9
5851 176.9
5852 176.9
5853 176.9
5854 176.9
5855 176.9
5856 176.9
5857 176.9
5858 176.9
5859 176.9
5860 176.9
5861 176.9
5862 176.9
5863 176.9
5864 176.9
5865 176.9
5866 176.9
5867 176.9
5868 176.9
5869 176.9
5870 176.9
5871 176.9
5872 176.9
5873 176.95
5874 176.95
5875 176.95
5876 176.95
5877 176.95
5878 176.95
5879 176.95
5880 176.95
5881 176.95
5882 176.95
5883 176.95
5884 176.95
5885 176.95
5886 176.95
5887 176.95
5888 176.95
5889 176.95
5890 176.95
5891 176.95
5892 176.95
5893 176.95
5894 176.95
5895 176.95
5896 176.95
5897 176.95
5898 176.95
5899 176.95
5900 176.95
5901 176.95
5902 176.95
5903 176.95
5904 177.0
5905 177.05
5906 177.05
5907 177.05
5908 177.05
5909 177.05
5910 177.05
5911 177.05
5912 177.05
5913 177.05
5914 177.05
5915 177.05
5916 177.05
5917 177.05
5918 177.05
5919 177.05
5920 177.05
5921 177.05
5922 177.05
5923 177.05
5924 177.05
5925 177.05
5926 177.05
5927 177.05
5928 177.05
5929 177.05
5930 177.05
5931 177.05
5932 177.05
5933 177.05
5934 177.05
5935 177.05
5936 177.1
5937 177.1
5938 177.1
5939 177.1
5940 177.1
5941 177.1
5942 177.1
5943 177.1
5944 177.1
5945 177.1
5946 177.1
5947 177.1
5948 177.1
5949 177.1
5950 177.1
5951 177.1
5952 177.1
5953 177.1
5954 177.1
5955 177.1
5956 177.1
5957 177.1
5958 177.1
5959 177.1
5960 177.1
5961 177.1
5962 177.1
5963 177.1
5964 177.1
5965 177.1
5966 177.1
5967 177.1
5968 177.1
5969 177.1
5970 177.1
5971 177.1
5972 177.1
5973 177.1
5974 177.1
5975 177.1
5976 177.1
5977 177.1
5978 177.1
5979 177.1
5980 177.15
5981 177.15
5982 177.15
5983 177.15
5984 177.15
5985 177.15
5986 177.15
5987 177.15
5988 177.15
5989 177.15
5990 177.15
5991 177.15
5992 177.15
5993 177.15
5994 177.15
5995 177.15
5996 177.15
5997 177.15
5998 177.15
5999 177.15
