#iterations fitness
0 0.0
1 1.8
2 2.15
3 2.35
4 2.4
5 2.55
6 2.8
7 2.95
8 3.05
9 3.1
10 3.45
11 3.75
12 3.95
13 4.15
14 4.3
15 4.55
16 4.6
17 4.85
18 5.1
19 5.25
20 5.4
21 5.5
22 5.6
23 5.65
24 5.65
25 5.7
26 5.9
27 6.0
28 6.2
29 6.35
30 6.6
31 6.75
32 6.9
33 6.95
34 7.0
35 7.25
36 7.25
37 7.4
38 7.5
39 7.5
40 7.75
41 8.0
42 8.05
43 8.05
44 8.2
45 8.35
46 8.55
47 8.95
48 8.95
49 9.1
50 9.15
51 9.15
52 9.3
53 9.5
54 9.7
55 10.0
56 10.05
57 10.15
58 10.45
59 10.55
60 10.55
61 10.6
62 10.85
63 10.9
64 11.05
65 11.2
66 11.35
67 11.55
68 11.6
69 11.6
70 11.65
71 11.65
72 11.75
73 12.1
74 12.35
75 12.4
76 12.7
77 12.95
78 13.4
79 13.45
80 13.75
81 13.8
82 13.85
83 13.9
84 14.0
85 14.4
86 14.5
87 14.5
88 14.7
89 14.75
90 15.1
91 15.45
92 15.45
93 15.55
94 15.75
95 15.8
96 15.9
97 16.15
98 16.15
99 16.25
100 16.35
101 16.4
102 16.55
103 16.85
104 17.25
105 17.4
106 17.5
107 17.55
108 17.95
109 18.1
110 18.15
111 18.25
112 18.35
113 18.55
114 18.55
115 18.7
116 18.75
117 18.8
118 18.9
119 18.95
120 19.1
121 19.25
122 19.35
123 19.35
124 19.5
125 19.5
126 19.6
127 19.6
128 19.8
129 19.8
130 19.85
131 19.9
132 20.0
133 20.0
134 20.15
135 20.25
136 20.55
137 20.55
138 20.6
139 20.8
140 20.85
141 20.9
142 21.1
143 21.15
144 21.5
145 21.5
146 21.55
147 21.6
148 21.6
149 21.7
150 21.85
151 21.85
152 22.15
153 22.45
154 22.55
155 22.6
156 22.75
157 22.8
158 22.9
159 23.1
160 23.35
161 23.4
162 23.45
163 23.65
164 23.65
165 23.8
166 23.9
167 23.9
168 23.9
169 24.05
170 24.1
171 24.15
172 24.2
173 24.4
174 24.7
175 24.9
176 24.95
177 25.2
178 25.25
179 25.55
180 25.8
181 25.9
182 25.95
183 26.05
184 26.05
185 26.25
186 26.5
187 26.6
188 26.65
189 26.85
190 27.1
191 27.1
192 27.15
193 27.3
194 27.45
195 27.45
196 27.6
197 27.8
198 27.9
199 27.95
200 27.95
201 28.1
202 28.3
203 28.55
204 28.7
205 28.85
206 28.9
207 28.95
208 29.05
209 29.25
210 29.4
211 29.4
212 29.4
213 29.5
214 29.85
215 29.9
216 30.0
217 30.15
218 30.25
219 30.45
220 30.55
221 30.7
222 30.8
223 31.0
224 31.05
225 31.05
226 31.1
227 31.25
228 31.5
229 31.55
230 31.75
231 31.75
232 31.95
233 32.05
234 32.2
235 32.3
236 32.5
237 32.5
238 32.55
239 32.7
240 32.75
241 32.75
242 33.05
243 33.05
244 33.2
245 33.3
246 33.45
247 33.5
248 33.6
249 33.85
250 33.9
251 33.95
252 34.1
253 34.1
254 34.2
255 34.45
256 34.6
257 34.75
258 34.85
259 34.85
260 34.9
261 35.05
262 35.3
263 35.35
264 35.5
265 35.6
266 35.75
267 35.85
268 36.1
269 36.35
270 36.4
271 36.55
272 36.6
273 36.65
274 36.65
275 36.7
276 36.8
277 36.9
278 37.1
279 37.1
280 37.15
281 37.25
282 37.5
283 37.6
284 37.8
285 37.9
286 37.95
287 38.05
288 38.2
289 38.3
290 38.4
291 38.45
292 38.45
293 38.55
294 38.7
295 38.7
296 38.85
297 38.85
298 39.0
299 39.1
300 39.5
301 39.5
302 39.6
303 39.8
304 39.8
305 40.05
306 40.2
307 40.25
308 40.45
309 40.45
310 40.5
311 40.75
312 40.8
313 40.85
314 41.0
315 41.25
316 41.4
317 41.5
318 41.55
319 41.6
320 41.75
321 41.8
322 41.8
323 41.8
324 41.95
325 42.0
326 42.0
327 42.15
328 42.25
329 42.4
330 42.55
331 42.65
332 42.7
333 43.0
334 43.05
335 43.1
336 43.2
337 43.25
338 43.35
339 43.4
340 43.7
341 43.85
342 44.2
343 44.25
344 44.25
345 44.3
346 44.5
347 44.55
348 44.55
349 44.75
350 44.8
351 44.85
352 45.05
353 45.05
354 45.3
355 45.3
356 45.45
357 45.6
358 45.75
359 45.75
360 45.95
361 46.0
362 46.25
363 46.3
364 46.3
365 46.4
366 46.55
367 46.75
368 46.8
369 46.95
370 47.1
371 47.15
372 47.4
373 47.4
374 47.55
375 47.7
376 47.75
377 47.9
378 48.0
379 48.05
380 48.1
381 48.35
382 48.5
383 48.5
384 48.5
385 48.55
386 48.65
387 48.7
388 48.75
389 48.85
390 48.85
391 48.95
392 48.95
393 49.1
394 49.1
395 49.15
396 49.25
397 49.3
398 49.3
399 49.4
400 49.55
401 49.6
402 49.85
403 50.05
404 50.3
405 50.55
406 50.55
407 50.8
408 50.85
409 50.9
410 50.95
411 51.2
412 51.25
413 51.3
414 51.35
415 51.5
416 51.6
417 51.8
418 51.85
419 52.05
420 52.15
421 52.15
422 52.3
423 52.45
424 52.6
425 52.75
426 52.75
427 52.85
428 52.9
429 52.95
430 53.2
431 53.3
432 53.35
433 53.35
434 53.5
435 53.65
436 53.65
437 53.9
438 54.0
439 54.25
440 54.35
441 54.35
442 54.5
443 54.5
444 54.55
445 54.75
446 55.05
447 55.15
448 55.2
449 55.25
450 55.3
451 55.3
452 55.35
453 55.55
454 55.6
455 55.8
456 55.85
457 56.0
458 56.05
459 56.15
460 56.35
461 56.5
462 56.55
463 56.55
464 56.6
465 56.65
466 56.7
467 56.9
468 56.9
469 56.95
470 57.0
471 57.3
472 57.4
473 57.4
474 57.45
475 57.55
476 57.55
477 57.6
478 57.7
479 57.95
480 58.0
481 58.1
482 58.25
483 58.25
484 58.55
485 58.6
486 58.75
487 58.9
488 58.9
489 59.2
490 59.5
491 59.55
492 59.55
493 59.55
494 59.55
495 59.65
496 59.65
497 59.65
498 59.95
499 59.95
500 59.95
501 60.1
502 60.15
503 60.3
504 60.35
505 60.4
506 60.4
507 60.6
508 60.85
509 60.85
510 61.05
511 61.1
512 61.15
513 61.3
514 61.35
515 61.5
516 61.75
517 61.75
518 61.8
519 61.85
520 61.85
521 61.95
522 62.0
523 62.0
524 62.05
525 62.2
526 62.3
527 62.35
528 62.4
529 62.5
530 62.6
531 62.7
532 62.8
533 62.85
534 62.85
535 62.85
536 62.85
537 62.95
538 62.95
539 63.0
540 63.15
541 63.2
542 63.45
543 63.5
544 63.55
545 63.8
546 63.95
547 64.25
548 64.45
549 64.45
550 64.55
551 64.7
552 64.75
553 64.8
554 64.85
555 64.85
556 64.85
557 64.9
558 64.95
559 65.05
560 65.1
561 65.1
562 65.35
563 65.55
564 65.7
565 65.8
566 65.85
567 65.85
568 65.9
569 66.0
570 66.1
571 66.2
572 66.45
573 66.45
574 66.55
575 66.6
576 66.7
577 66.9
578 67.0
579 67.05
580 67.1
581 67.15
582 67.2
583 67.3
584 67.4
585 67.6
586 67.75
587 67.85
588 67.85
589 68.05
590 68.35
591 68.4
592 68.4
593 68.4
594 68.45
595 68.5
596 68.55
597 68.65
598 68.65
599 68.7
600 68.85
601 68.85
602 68.9
603 68.9
604 68.95
605 69.25
606 69.4
607 69.55
608 69.65
609 69.75
610 69.85
611 69.9
612 69.95
613 69.95
614 69.95
615 70.05
616 70.15
617 70.15
618 70.4
619 70.65
620 70.75
621 70.9
622 71.0
623 71.2
624 71.2
625 71.25
626 71.3
627 71.45
628 71.7
629 71.8
630 71.9
631 71.9
632 71.9
633 72.1
634 72.15
635 72.2
636 72.2
637 72.2
638 72.35
639 72.4
640 72.45
641 72.45
642 72.55
643 72.6
644 72.6
645 72.65
646 72.75
647 72.8
648 72.95
649 72.95
650 73.0
651 73.1
652 73.15
653 73.55
654 73.6
655 73.6
656 73.7
657 73.75
658 73.8
659 73.9
660 73.95
661 74.05
662 74.05
663 74.25
664 74.35
665 74.45
666 74.45
667 74.45
668 74.6
669 74.7
670 74.95
671 75.0
672 75.15
673 75.2
674 75.3
675 75.45
676 75.5
677 75.65
678 75.65
679 75.7
680 75.85
681 75.9
682 75.9
683 75.95
684 75.95
685 76.0
686 76.0
687 76.05
688 76.05
689 76.05
690 76.05
691 76.05
692 76.1
693 76.2
694 76.2
695 76.25
696 76.35
697 76.45
698 76.55
699 76.9
700 77.05
701 77.15
702 77.2
703 77.25
704 77.3
705 77.35
706 77.35
707 77.5
708 77.8
709 77.95
710 78.0
711 78.15
712 78.15
713 78.3
714 78.35
715 78.4
716 78.45
717 78.5
718 78.9
719 79.0
720 79.1
721 79.1
722 79.1
723 79.15
724 79.3
725 79.4
726 79.45
727 79.55
728 79.65
729 79.75
730 79.85
731 79.85
732 79.9
733 79.9
734 79.9
735 79.9
736 79.95
737 80.05
738 80.05
739 80.05
740 80.2
741 80.2
742 80.25
743 80.25
744 80.35
745 80.45
746 80.45
747 80.6
748 80.65
749 80.75
750 80.8
751 80.85
752 81.0
753 81.1
754 81.15
755 81.25
756 81.4
757 81.5
758 81.5
759 81.65
760 81.8
761 81.85
762 81.85
763 81.9
764 82.0
765 82.0
766 82.0
767 82.05
768 82.25
769 82.4
770 82.45
771 82.5
772 82.55
773 82.7
774 82.7
775 82.7
776 82.75
777 83.0
778 83.0
779 83.0
780 83.05
781 83.05
782 83.1
783 83.15
784 83.15
785 83.4
786 83.4
787 83.4
788 83.7
789 83.85
790 83.9
791 83.95
792 84.0
793 84.05
794 84.05
795 84.05
796 84.3
797 84.35
798 84.5
799 84.55
800 84.65
801 84.7
802 84.75
803 84.75
804 84.8
805 84.8
806 84.95
807 84.95
808 85.05
809 85.2
810 85.2
811 85.25
812 85.25
813 85.3
814 85.4
815 85.45
816 85.55
817 85.8
818 85.9
819 86.1
820 86.1
821 86.15
822 86.15
823 86.15
824 86.2
825 86.25
826 86.3
827 86.45
828 86.5
829 86.5
830 86.65
831 86.75
832 86.8
833 86.8
834 86.8
835 86.85
836 86.85
837 86.9
838 87.0
839 87.0
840 87.0
841 87.0
842 87.15
843 87.3
844 87.3
845 87.5
846 87.55
847 87.6
848 87.8
849 87.8
850 87.8
851 87.8
852 87.8
853 87.85
854 87.85
855 87.85
856 87.95
857 88.05
858 88.2
859 88.3
860 88.3
861 88.35
862 88.45
863 88.45
864 88.65
865 88.8
866 88.8
867 89.0
868 89.15
869 89.2
870 89.25
871 89.25
872 89.35
873 89.4
874 89.4
875 89.4
876 89.4
877 89.55
878 89.55
879 89.65
880 89.65
881 89.75
882 89.85
883 89.9
884 90.0
885 90.05
886 90.05
887 90.2
888 90.3
889 90.35
890 90.5
891 90.5
892 90.5
893 90.5
894 90.75
895 90.75
896 90.75
897 90.8
898 90.95
899 91.0
900 91.1
901 91.25
902 91.25
903 91.35
904 91.4
905 91.45
906 91.45
907 91.45
908 91.45
909 91.45
910 91.55
911 91.6
912 91.65
913 91.7
914 91.95
915 91.95
916 91.95
917 92.05
918 92.1
919 92.1
920 92.25
921 92.3
922 92.3
923 92.5
924 92.6
925 92.6
926 92.6
927 92.6
928 92.7
929 92.75
930 92.75
931 92.85
932 93.0
933 93.05
934 93.15
935 93.2
936 93.25
937 93.3
938 93.3
939 93.3
940 93.4
941 93.45
942 93.5
943 93.5
944 93.55
945 93.6
946 93.6
947 93.65
948 93.7
949 93.7
950 93.75
951 94.0
952 94.05
953 94.15
954 94.25
955 94.25
956 94.3
957 94.3
958 94.3
959 94.3
960 94.4
961 94.45
962 94.6
963 94.75
964 94.75
965 94.75
966 94.75
967 94.75
968 94.9
969 94.95
970 95.0
971 95.15
972 95.25
973 95.25
974 95.25
975 95.5
976 95.5
977 95.5
978 95.6
979 95.6
980 95.75
981 95.75
982 95.9
983 96.0
984 96.2
985 96.2
986 96.2
987 96.2
988 96.25
989 96.25
990 96.4
991 96.4
992 96.5
993 96.55
994 96.6
995 96.65
996 96.75
997 96.8
998 96.9
999 96.95
1000 96.95
1001 96.95
1002 97.1
1003 97.1
1004 97.3
1005 97.4
1006 97.55
1007 97.6
1008 97.6
1009 97.65
1010 97.75
1011 97.8
1012 97.85
1013 98.0
1014 98.0
1015 98.2
1016 98.2
1017 98.35
1018 98.35
1019 98.35
1020 98.35
1021 98.4
1022 98.4
1023 98.5
1024 98.5
1025 98.5
1026 98.55
1027 98.65
1028 98.85
1029 98.95
1030 99.0
1031 99.05
1032 99.15
1033 99.15
1034 99.15
1035 99.3
1036 99.35
1037 99.45
1038 99.5
1039 99.5
1040 99.55
1041 99.55
1042 99.55
1043 99.55
1044 99.55
1045 99.65
1046 99.75
1047 99.75
1048 99.9
1049 99.9
1050 99.95
1051 100.1
1052 100.3
1053 100.5
1054 100.5
1055 100.55
1056 100.6
1057 100.6
1058 100.65
1059 100.75
1060 100.9
1061 100.9
1062 100.9
1063 100.9
1064 101.0
1065 101.0
1066 101.05
1067 101.15
1068 101.3
1069 101.45
1070 101.55
1071 101.65
1072 101.65
1073 101.65
1074 101.65
1075 101.75
1076 101.8
1077 101.85
1078 101.85
1079 101.85
1080 101.85
1081 101.95
1082 102.05
1083 102.05
1084 102.2
1085 102.25
1086 102.3
1087 102.3
1088 102.45
1089 102.45
1090 102.45
1091 102.6
1092 102.65
1093 102.7
1094 102.8
1095 102.95
1096 103.2
1097 103.5
1098 103.55
1099 103.55
1100 103.55
1101 103.55
1102 103.65
1103 103.7
1104 103.7
1105 103.8
1106 103.9
1107 103.95
1108 104.0
1109 104.0
1110 104.0
1111 104.05
1112 104.05
1113 104.15
1114 104.25
1115 104.3
1116 104.45
1117 104.65
1118 104.8
1119 104.85
1120 104.95
1121 105.05
1122 105.05
1123 105.05
1124 105.05
1125 105.1
1126 105.2
1127 105.25
1128 105.35
1129 105.4
1130 105.4
1131 105.4
1132 105.4
1133 105.45
1134 105.45
1135 105.45
1136 105.5
1137 105.55
1138 105.7
1139 105.75
1140 105.85
1141 105.85
1142 106.0
1143 106.05
1144 106.05
1145 106.1
1146 106.1
1147 106.15
1148 106.2
1149 106.3
1150 106.3
1151 106.3
1152 106.3
1153 106.35
1154 106.4
1155 106.5
1156 106.5
1157 106.5
1158 106.6
1159 106.6
1160 106.7
1161 106.85
1162 106.9
1163 106.95
1164 106.95
1165 107.0
1166 107.2
1167 107.2
1168 107.35
1169 107.4
1170 107.45
1171 107.55
1172 107.55
1173 107.6
1174 107.75
1175 107.75
1176 107.75
1177 107.95
1178 108.05
1179 108.15
1180 108.2
1181 108.25
1182 108.25
1183 108.25
1184 108.3
1185 108.3
1186 108.6
1187 108.6
1188 108.75
1189 108.75
1190 108.8
1191 108.8
1192 108.8
1193 108.8
1194 108.8
1195 108.8
1196 108.85
1197 108.85
1198 109.1
1199 109.1
1200 109.25
1201 109.25
1202 109.25
1203 109.25
1204 109.25
1205 109.25
1206 109.3
1207 109.3
1208 109.3
1209 109.35
1210 109.5
1211 109.55
1212 109.7
1213 109.85
1214 109.9
1215 109.9
1216 110.05
1217 110.2
1218 110.2
1219 110.25
1220 110.35
1221 110.4
1222 110.4
1223 110.45
1224 110.45
1225 110.5
1226 110.5
1227 110.5
1228 110.65
1229 110.65
1230 110.75
1231 110.8
1232 110.8
1233 110.8
1234 110.85
1235 110.9
1236 110.9
1237 110.95
1238 111.0
1239 111.0
1240 111.05
1241 111.25
1242 111.25
1243 111.4
1244 111.5
1245 111.6
1246 111.65
1247 111.65
1248 111.7
1249 111.85
1250 111.9
1251 111.95
1252 112.0
1253 112.0
1254 112.05
1255 112.15
1256 112.15
1257 112.35
1258 112.35
1259 112.35
1260 112.4
1261 112.6
1262 112.6
1263 112.65
1264 112.65
1265 112.7
1266 112.85
1267 112.85
1268 112.9
1269 113.05
1270 113.05
1271 113.25
1272 113.25
1273 113.25
1274 113.25
1275 113.25
1276 113.3
1277 113.3
1278 113.35
1279 113.35
1280 113.35
1281 113.45
1282 113.45
1283 113.55
1284 113.6
1285 113.6
1286 113.7
1287 113.7
1288 113.7
1289 113.7
1290 113.85
1291 113.85
1292 113.85
1293 113.85
1294 113.85
1295 114.0
1296 114.05
1297 114.1
1298 114.1
1299 114.15
1300 114.15
1301 114.15
1302 114.15
1303 114.25
1304 114.3
1305 114.3
1306 114.3
1307 114.45
1308 114.45
1309 114.5
1310 114.55
1311 114.55
1312 114.65
1313 114.7
1314 114.7
1315 114.8
1316 114.95
1317 114.95
1318 114.95
1319 115.0
1320 115.1
1321 115.1
1322 115.2
1323 115.25
1324 115.25
1325 115.3
1326 115.35
1327 115.45
1328 115.55
1329 115.6
1330 115.65
1331 115.7
1332 115.8
1333 115.9
1334 116.0
1335 116.05
1336 116.1
1337 116.1
1338 116.15
1339 116.25
1340 116.25
1341 116.35
1342 116.45
1343 116.5
1344 116.5
1345 116.55
1346 116.65
1347 116.7
1348 116.7
1349 116.7
1350 116.85
1351 117.0
1352 117.0
1353 117.2
1354 117.2
1355 117.25
1356 117.3
1357 117.4
1358 117.5
1359 117.65
1360 117.7
1361 117.7
1362 117.75
1363 117.75
1364 117.75
1365 117.75
1366 117.8
1367 117.8
1368 117.8
1369 117.9
1370 117.9
1371 118.1
1372 118.1
1373 118.1
1374 118.25
1375 118.3
1376 118.3
1377 118.35
1378 118.35
1379 118.5
1380 118.5
1381 118.8
1382 118.85
1383 118.85
1384 118.9
1385 119.0
1386 119.05
1387 119.1
1388 119.1
1389 119.1
1390 119.1
1391 119.1
1392 119.15
1393 119.2
1394 119.25
1395 119.35
1396 119.5
1397 119.5
1398 119.55
1399 119.6
1400 119.6
1401 119.6
1402 119.6
1403 119.7
1404 119.75
1405 119.8
1406 119.9
1407 119.9
1408 120.0
1409 120.05
1410 120.05
1411 120.05
1412 120.1
1413 120.1
1414 120.15
1415 120.25
1416 120.3
1417 120.3
1418 120.3
1419 120.4
1420 120.4
1421 120.45
1422 120.6
1423 120.6
1424 120.7
1425 120.8
1426 120.8
1427 120.8
1428 120.8
1429 120.85
1430 120.9
1431 121.1
1432 121.2
1433 121.25
1434 121.3
1435 121.3
1436 121.35
1437 121.5
1438 121.5
1439 121.65
1440 121.75
1441 121.75
1442 121.75
1443 121.75
1444 121.75
1445 121.8
1446 121.95
1447 122.0
1448 122.0
1449 122.1
1450 122.1
1451 122.1
1452 122.15
1453 122.15
1454 122.15
1455 122.15
1456 122.25
1457 122.3
1458 122.3
1459 122.35
1460 122.35
1461 122.35
1462 122.4
1463 122.45
1464 122.6
1465 122.65
1466 122.65
1467 122.7
1468 122.75
1469 122.75
1470 122.85
1471 122.85
1472 122.85
1473 122.85
1474 122.95
1475 123.05
1476 123.05
1477 123.05
1478 123.15
1479 123.2
1480 123.3
1481 123.3
1482 123.4
1483 123.4
1484 123.4
1485 123.4
1486 123.45
1487 123.55
1488 123.55
1489 123.6
1490 123.6
1491 123.6
1492 123.6
1493 123.7
1494 123.75
1495 123.8
1496 123.8
1497 123.8
1498 123.85
1499 123.85
1500 123.85
1501 123.9
1502 123.9
1503 124.0
1504 124.0
1505 124.15
1506 124.2
1507 124.25
1508 124.25
1509 124.4
1510 124.4
1511 124.4
1512 124.4
1513 124.5
1514 124.5
1515 124.6
1516 124.7
1517 124.7
1518 124.75
1519 124.75
1520 124.75
1521 124.85
1522 125.1
1523 125.1
1524 125.1
1525 125.15
1526 125.15
1527 125.3
1528 125.3
1529 125.35
1530 125.35
1531 125.35
1532 125.4
1533 125.45
1534 125.55
1535 125.75
1536 125.75
1537 125.8
1538 125.85
1539 125.9
1540 125.9
1541 125.9
1542 125.95
1543 126.0
1544 126.0
1545 126.1
1546 126.15
1547 126.15
1548 126.15
1549 126.15
1550 126.15
1551 126.15
1552 126.2
1553 126.2
1554 126.45
1555 126.45
1556 126.5
1557 126.5
1558 126.5
1559 126.5
1560 126.6
1561 126.65
1562 126.65
1563 126.65
1564 126.7
1565 126.7
1566 126.7
1567 126.7
1568 126.7
1569 126.75
1570 126.8
1571 126.85
1572 126.85
1573 126.9
1574 126.95
1575 127.0
1576 127.0
1577 127.15
1578 127.25
1579 127.3
1580 127.3
1581 127.4
1582 127.4
1583 127.4
1584 127.45
1585 127.5
1586 127.55
1587 127.55
1588 127.55
1589 127.65
1590 127.7
1591 127.7
1592 127.75
1593 127.75
1594 127.75
1595 127.75
1596 127.8
1597 127.95
1598 128.0
1599 128.05
1600 128.15
1601 128.2
1602 128.25
1603 128.25
1604 128.25
1605 128.25
1606 128.3
1607 128.3
1608 128.35
1609 128.35
1610 128.4
1611 128.45
1612 128.45
1613 128.45
1614 128.5
1615 128.55
1616 128.6
1617 128.6
1618 128.75
1619 128.75
1620 128.8
1621 128.8
1622 128.85
1623 128.9
1624 128.9
1625 128.95
1626 129.05
1627 129.05
1628 129.15
1629 129.15
1630 129.15
1631 129.2
1632 129.2
1633 129.2
1634 129.2
1635 129.25
1636 129.25
1637 129.25
1638 129.3
1639 129.5
1640 129.5
1641 129.5
1642 129.5
1643 129.6
1644 129.65
1645 129.75
1646 129.8
1647 129.85
1648 129.9
1649 129.9
1650 129.9
1651 129.9
1652 129.95
1653 129.95
1654 130.0
1655 130.0
1656 130.0
1657 130.0
1658 130.05
1659 130.05
1660 130.05
1661 130.2
1662 130.3
1663 130.35
1664 130.35
1665 130.4
1666 130.4
1667 130.45
1668 130.65
1669 130.65
1670 130.75
1671 130.85
1672 130.9
1673 130.9
1674 131.0
1675 131.0
1676 131.1
1677 131.1
1678 131.15
1679 131.15
1680 131.25
1681 131.35
1682 131.35
1683 131.45
1684 131.45
1685 131.45
1686 131.45
1687 131.5
1688 131.6
1689 131.7
1690 131.7
1691 131.7
1692 131.7
1693 131.7
1694 131.8
1695 131.8
1696 131.8
1697 131.8
1698 131.9
1699 131.9
1700 132.0
1701 132.0
1702 132.05
1703 132.1
1704 132.1
1705 132.25
1706 132.4
1707 132.4
1708 132.4
1709 132.4
1710 132.45
1711 132.5
1712 132.55
1713 132.65
1714 132.65
1715 132.7
1716 132.75
1717 132.8
1718 132.95
1719 132.95
1720 132.95
1721 133.0
1722 133.0
1723 133.0
1724 133.0
1725 133.05
1726 133.05
1727 133.05
1728 133.1
1729 133.15
1730 133.15
1731 133.15
1732 133.2
1733 133.2
1734 133.25
1735 133.3
1736 133.35
1737 133.35
1738 133.5
1739 133.55
1740 133.55
1741 133.55
1742 133.6
1743 133.6
1744 133.7
1745 133.8
1746 133.85
1747 133.9
1748 133.9
1749 133.9
1750 134.0
1751 134.1
1752 134.15
1753 134.15
1754 134.2
1755 134.2
1756 134.25
1757 134.25
1758 134.3
1759 134.3
1760 134.3
1761 134.3
1762 134.3
1763 134.3
1764 134.35
1765 134.35
1766 134.35
1767 134.5
1768 134.5
1769 134.65
1770 134.65
1771 134.65
1772 134.7
1773 134.7
1774 134.8
1775 134.8
1776 134.85
1777 134.9
1778 134.95
1779 135.05
1780 135.15
1781 135.2
1782 135.2
1783 135.2
1784 135.2
1785 135.2
1786 135.25
1787 135.25
1788 135.25
1789 135.4
1790 135.4
1791 135.6
1792 135.65
1793 135.65
1794 135.7
1795 135.7
1796 135.75
1797 135.8
1798 135.95
1799 136.0
1800 136.0
1801 136.0
1802 136.05
1803 136.1
1804 136.1
1805 136.1
1806 136.2
1807 136.2
1808 136.2
1809 136.25
1810 136.35
1811 136.35
1812 136.35
1813 136.4
1814 136.4
1815 136.5
1816 136.5
1817 136.6
1818 136.65
1819 136.65
1820 136.7
1821 136.7
1822 136.7
1823 136.75
1824 136.8
1825 136.8
1826 136.85
1827 136.85
1828 136.85
1829 136.9
1830 136.9
1831 136.9
1832 136.9
1833 136.95
1834 137.0
1835 137.1
1836 137.1
1837 137.25
1838 137.25
1839 137.25
1840 137.25
1841 137.35
1842 137.4
1843 137.5
1844 137.5
1845 137.6
1846 137.7
1847 137.7
1848 137.7
1849 137.75
1850 137.75
1851 137.75
1852 137.75
1853 137.75
1854 137.75
1855 137.75
1856 137.8
1857 137.8
1858 137.8
1859 137.8
1860 137.8
1861 137.95
1862 137.95
1863 138.0
1864 138.1
1865 138.1
1866 138.1
1867 138.1
1868 138.15
1869 138.25
1870 138.25
1871 138.3
1872 138.4
1873 138.45
1874 138.45
1875 138.45
1876 138.5
1877 138.5
1878 138.5
1879 138.65
1880 138.7
1881 138.7
1882 138.7
1883 138.7
1884 138.75
1885 138.8
1886 138.8
1887 138.8
1888 138.8
1889 138.85
1890 138.85
1891 138.85
1892 138.9
1893 138.95
1894 139.0
1895 139.05
1896 139.05
1897 139.15
1898 139.2
1899 139.2
1900 139.2
1901 139.25
1902 139.25
1903 139.35
1904 139.45
1905 139.45
1906 139.6
1907 139.65
1908 139.65
1909 139.65
1910 139.65
1911 139.7
1912 139.7
1913 139.75
1914 139.75
1915 139.75
1916 139.75
1917 139.85
1918 139.9
1919 139.95
1920 140.0
1921 140.0
1922 140.05
1923 140.05
1924 140.05
1925 140.1
1926 140.1
1927 140.1
1928 140.1
1929 140.1
1930 140.15
1931 140.2
1932 140.2
1933 140.2
1934 140.35
1935 140.4
1936 140.45
1937 140.5
1938 140.5
1939 140.55
1940 140.6
1941 140.6
1942 140.7
1943 140.75
1944 140.75
1945 140.75
1946 140.85
1947 140.9
1948 140.95
1949 140.95
1950 140.95
1951 140.95
1952 141.05
1953 141.15
1954 141.15
1955 141.2
1956 141.25
1957 141.3
1958 141.3
1959 141.3
1960 141.3
1961 141.35
1962 141.4
1963 141.5
1964 141.55
1965 141.6
1966 141.6
1967 141.6
1968 141.7
1969 141.7
1970 141.7
1971 141.75
1972 141.75
1973 141.85
1974 142.0
1975 142.0
1976 142.05
1977 142.2
1978 142.3
1979 142.3
1980 142.35
1981 142.4
1982 142.4
1983 142.4
1984 142.4
1985 142.4
1986 142.45
1987 142.45
1988 142.45
1989 142.45
1990 142.45
1991 142.55
1992 142.6
1993 142.7
1994 142.7
1995 142.7
1996 142.7
1997 142.7
1998 142.7
1999 142.8
2000 142.8
2001 142.95
2002 142.95
2003 142.95
2004 143.05
2005 143.1
2006 143.1
2007 143.15
2008 143.15
2009 143.15
2010 143.2
2011 143.2
2012 143.3
2013 143.3
2014 143.4
2015 143.4
2016 143.45
2017 143.45
2018 143.5
2019 143.55
2020 143.7
2021 143.7
2022 143.7
2023 143.7
2024 143.8
2025 143.8
2026 143.8
2027 143.8
2028 143.8
2029 143.85
2030 143.85
2031 143.85
2032 143.85
2033 143.9
2034 143.9
2035 143.95
2036 144.0
2037 144.05
2038 144.05
2039 144.05
2040 144.15
2041 144.15
2042 144.15
2043 144.3
2044 144.35
2045 144.4
2046 144.4
2047 144.4
2048 144.4
2049 144.4
2050 144.4
2051 144.45
2052 144.55
2053 144.6
2054 144.65
2055 144.65
2056 144.7
2057 144.7
2058 144.75
2059 144.75
2060 144.8
2061 145.0
2062 145.05
2063 145.05
2064 145.1
2065 145.2
2066 145.25
2067 145.3
2068 145.35
2069 145.35
2070 145.35
2071 145.4
2072 145.4
2073 145.4
2074 145.4
2075 145.45
2076 145.5
2077 145.5
2078 145.5
2079 145.5
2080 145.5
2081 145.5
2082 145.6
2083 145.65
2084 145.7
2085 145.75
2086 145.75
2087 145.75
2088 145.95
2089 145.95
2090 145.95
2091 146.0
2092 146.05
2093 146.1
2094 146.1
2095 146.1
2096 146.15
2097 146.25
2098 146.25
2099 146.25
2100 146.3
2101 146.3
2102 146.35
2103 146.55
2104 146.55
2105 146.55
2106 146.55
2107 146.55
2108 146.8
2109 146.8
2110 146.8
2111 146.8
2112 146.8
2113 146.9
2114 146.9
2115 146.9
2116 146.9
2117 146.95
2118 146.95
2119 146.95
2120 146.95
2121 147.0
2122 147.0
2123 147.0
2124 147.1
2125 147.15
2126 147.2
2127 147.25
2128 147.25
2129 147.35
2130 147.4
2131 147.5
2132 147.5
2133 147.5
2134 147.55
2135 147.6
2136 147.7
2137 147.7
2138 147.7
2139 147.75
2140 147.75
2141 147.8
2142 147.85
2143 147.85
2144 147.9
2145 147.95
2146 148.05
2147 148.2
2148 148.2
2149 148.2
2150 148.2
2151 148.25
2152 148.3
2153 148.3
2154 148.3
2155 148.3
2156 148.3
2157 148.3
2158 148.3
2159 148.3
2160 148.3
2161 148.3
2162 148.3
2163 148.3
2164 148.3
2165 148.3
2166 148.35
2167 148.4
2168 148.4
2169 148.4
2170 148.4
2171 148.45
2172 148.45
2173 148.6
2174 148.65
2175 148.8
2176 148.8
2177 148.8
2178 148.8
2179 148.85
2180 148.85
2181 148.85
2182 148.85
2183 148.85
2184 148.85
2185 148.85
2186 148.85
2187 148.9
2188 148.95
2189 148.95
2190 149.0
2191 149.05
2192 149.1
2193 149.1
2194 149.15
2195 149.15
2196 149.2
2197 149.2
2198 149.25
2199 149.35
2200 149.4
2201 149.4
2202 149.45
2203 149.45
2204 149.5
2205 149.55
2206 149.55
2207 149.65
2208 149.7
2209 149.85
2210 149.85
2211 149.95
2212 149.95
2213 150.0
2214 150.05
2215 150.05
2216 150.05
2217 150.05
2218 150.05
2219 150.1
2220 150.15
2221 150.15
2222 150.2
2223 150.2
2224 150.2
2225 150.2
2226 150.2
2227 150.3
2228 150.3
2229 150.3
2230 150.3
2231 150.35
2232 150.5
2233 150.55
2234 150.6
2235 150.65
2236 150.65
2237 150.75
2238 150.75
2239 150.75
2240 150.75
2241 150.75
2242 150.85
2243 150.85
2244 150.85
2245 150.9
2246 150.9
2247 150.9
2248 150.9
2249 150.9
2250 150.9
2251 150.95
2252 150.95
2253 150.95
2254 150.95
2255 150.95
2256 151.0
2257 151.05
2258 151.05
2259 151.05
2260 151.1
2261 151.15
2262 151.15
2263 151.15
2264 151.2
2265 151.3
2266 151.4
2267 151.4
2268 151.4
2269 151.4
2270 151.6
2271 151.7
2272 151.75
2273 151.75
2274 151.8
2275 151.8
2276 151.9
2277 151.9
2278 151.9
2279 151.9
2280 151.95
2281 151.95
2282 152.0
2283 152.1
2284 152.1
2285 152.15
2286 152.15
2287 152.15
2288 152.2
2289 152.2
2290 152.25
2291 152.25
2292 152.3
2293 152.3
2294 152.3
2295 152.3
2296 152.3
2297 152.3
2298 152.35
2299 152.35
2300 152.35
2301 152.4
2302 152.4
2303 152.55
2304 152.55
2305 152.7
2306 152.7
2307 152.8
2308 152.8
2309 152.8
2310 152.8
2311 152.95
2312 152.95
2313 152.95
2314 152.95
2315 152.95
2316 152.95
2317 153.0
2318 153.0
2319 153.0
2320 153.0
2321 153.0
2322 153.0
2323 153.0
2324 153.0
2325 153.05
2326 153.05
2327 153.05
2328 153.05
2329 153.1
2330 153.15
2331 153.3
2332 153.3
2333 153.3
2334 153.3
2335 153.35
2336 153.35
2337 153.35
2338 153.35
2339 153.35
2340 153.5
2341 153.6
2342 153.7
2343 153.7
2344 153.7
2345 153.8
2346 153.8
2347 153.9
2348 153.9
2349 153.9
2350 153.9
2351 153.9
2352 153.95
2353 154.05
2354 154.05
2355 154.05
2356 154.05
2357 154.05
2358 154.1
2359 154.15
2360 154.2
2361 154.25
2362 154.25
2363 154.25
2364 154.3
2365 154.3
2366 154.3
2367 154.3
2368 154.3
2369 154.3
2370 154.35
2371 154.4
2372 154.4
2373 154.4
2374 154.45
2375 154.45
2376 154.45
2377 154.45
2378 154.45
2379 154.45
2380 154.45
2381 154.55
2382 154.55
2383 154.6
2384 154.6
2385 154.6
2386 154.65
2387 154.7
2388 154.7
2389 154.7
2390 154.75
2391 154.75
2392 154.75
2393 154.75
2394 154.75
2395 154.75
2396 154.8
2397 154.8
2398 154.85
2399 154.85
2400 154.85
2401 154.9
2402 154.9
2403 155.0
2404 155.05
2405 155.05
2406 155.1
2407 155.1
2408 155.15
2409 155.15
2410 155.15
2411 155.15
2412 155.15
2413 155.15
2414 155.15
2415 155.15
2416 155.15
2417 155.25
2418 155.25
2419 155.3
2420 155.3
2421 155.35
2422 155.35
2423 155.45
2424 155.5
2425 155.5
2426 155.55
2427 155.55
2428 155.6
2429 155.6
2430 155.6
2431 155.65
2432 155.65
2433 155.65
2434 155.65
2435 155.7
2436 155.7
2437 155.7
2438 155.75
2439 155.75
2440 155.8
2441 155.9
2442 155.9
2443 155.9
2444 155.9
2445 155.9
2446 155.9
2447 155.95
2448 156.0
2449 156.0
2450 156.0
2451 156.0
2452 156.1
2453 156.15
2454 156.2
2455 156.2
2456 156.35
2457 156.4
2458 156.45
2459 156.5
2460 156.5
2461 156.5
2462 156.5
2463 156.55
2464 156.55
2465 156.6
2466 156.6
2467 156.7
2468 156.7
2469 156.7
2470 156.7
2471 156.7
2472 156.7
2473 156.75
2474 156.75
2475 156.75
2476 156.75
2477 156.9
2478 156.9
2479 156.9
2480 156.9
2481 156.9
2482 156.9
2483 156.9
2484 156.9
2485 156.95
2486 156.95
2487 157.0
2488 157.05
2489 157.05
2490 157.05
2491 157.05
2492 157.15
2493 157.15
2494 157.15
2495 157.25
2496 157.25
2497 157.25
2498 157.25
2499 157.25
2500 157.25
2501 157.25
2502 157.25
2503 157.3
2504 157.3
2505 157.3
2506 157.35
2507 157.4
2508 157.4
2509 157.45
2510 157.45
2511 157.45
2512 157.5
2513 157.5
2514 157.5
2515 157.5
2516 157.5
2517 157.5
2518 157.5
2519 157.5
2520 157.55
2521 157.6
2522 157.6
2523 157.6
2524 157.6
2525 157.7
2526 157.75
2527 157.8
2528 157.85
2529 157.85
2530 157.95
2531 157.95
2532 157.95
2533 157.95
2534 157.95
2535 157.95
2536 158.0
2537 158.0
2538 158.05
2539 158.05
2540 158.1
2541 158.1
2542 158.15
2543 158.15
2544 158.15
2545 158.15
2546 158.15
2547 158.15
2548 158.2
2549 158.25
2550 158.25
2551 158.35
2552 158.35
2553 158.35
2554 158.35
2555 158.35
2556 158.4
2557 158.4
2558 158.4
2559 158.5
2560 158.5
2561 158.5
2562 158.6
2563 158.6
2564 158.7
2565 158.85
2566 158.85
2567 158.95
2568 159.05
2569 159.05
2570 159.05
2571 159.05
2572 159.05
2573 159.05
2574 159.05
2575 159.05
2576 159.05
2577 159.1
2578 159.1
2579 159.1
2580 159.1
2581 159.15
2582 159.2
2583 159.2
2584 159.2
2585 159.25
2586 159.25
2587 159.3
2588 159.3
2589 159.45
2590 159.45
2591 159.45
2592 159.45
2593 159.5
2594 159.5
2595 159.5
2596 159.55
2597 159.55
2598 159.55
2599 159.55
2600 159.55
2601 159.6
2602 159.6
2603 159.6
2604 159.6
2605 159.65
2606 159.7
2607 159.7
2608 159.8
2609 159.8
2610 159.8
2611 159.8
2612 159.8
2613 159.8
2614 159.8
2615 159.8
2616 159.8
2617 159.9
2618 159.95
2619 160.05
2620 160.05
2621 160.05
2622 160.15
2623 160.15
2624 160.2
2625 160.25
2626 160.25
2627 160.3
2628 160.3
2629 160.3
2630 160.3
2631 160.35
2632 160.35
2633 160.45
2634 160.45
2635 160.45
2636 160.55
2637 160.55
2638 160.55
2639 160.55
2640 160.55
2641 160.65
2642 160.7
2643 160.7
2644 160.7
2645 160.7
2646 160.7
2647 160.7
2648 160.75
2649 160.75
2650 160.75
2651 160.8
2652 160.8
2653 160.8
2654 160.85
2655 160.9
2656 161.0
2657 161.0
2658 161.05
2659 161.05
2660 161.15
2661 161.15
2662 161.2
2663 161.2
2664 161.2
2665 161.25
2666 161.3
2667 161.4
2668 161.45
2669 161.45
2670 161.45
2671 161.45
2672 161.45
2673 161.45
2674 161.45
2675 161.45
2676 161.45
2677 161.5
2678 161.5
2679 161.5
2680 161.5
2681 161.5
2682 161.5
2683 161.55
2684 161.6
2685 161.6
2686 161.65
2687 161.7
2688 161.7
2689 161.7
2690 161.75
2691 161.75
2692 161.75
2693 161.75
2694 161.8
2695 161.85
2696 161.9
2697 161.9
2698 161.95
2699 162.0
2700 162.05
2701 162.05
2702 162.1
2703 162.15
2704 162.15
2705 162.15
2706 162.25
2707 162.25
2708 162.25
2709 162.25
2710 162.3
2711 162.35
2712 162.4
2713 162.4
2714 162.4
2715 162.5
2716 162.5
2717 162.55
2718 162.55
2719 162.55
2720 162.55
2721 162.55
2722 162.55
2723 162.55
2724 162.65
2725 162.7
2726 162.75
2727 162.8
2728 162.8
2729 162.85
2730 162.85
2731 162.85
2732 162.85
2733 162.85
2734 162.85
2735 162.85
2736 162.85
2737 162.85
2738 162.95
2739 162.95
2740 162.95
2741 163.0
2742 163.05
2743 163.1
2744 163.1
2745 163.1
2746 163.15
2747 163.2
2748 163.2
2749 163.2
2750 163.25
2751 163.25
2752 163.25
2753 163.25
2754 163.25
2755 163.3
2756 163.3
2757 163.3
2758 163.3
2759 163.35
2760 163.35
2761 163.35
2762 163.35
2763 163.35
2764 163.4
2765 163.45
2766 163.45
2767 163.45
2768 163.45
2769 163.45
2770 163.5
2771 163.5
2772 163.5
2773 163.5
2774 163.5
2775 163.5
2776 163.6
2777 163.6
2778 163.65
2779 163.65
2780 163.65
2781 163.65
2782 163.7
2783 163.7
2784 163.75
2785 163.75
2786 163.75
2787 163.8
2788 163.8
2789 163.85
2790 163.9
2791 163.9
2792 163.95
2793 163.95
2794 163.95
2795 163.95
2796 163.95
2797 164.0
2798 164.0
2799 164.0
2800 164.0
2801 164.0
2802 164.1
2803 164.15
2804 164.15
2805 164.15
2806 164.15
2807 164.15
2808 164.15
2809 164.15
2810 164.15
2811 164.15
2812 164.15
2813 164.15
2814 164.2
2815 164.2
2816 164.2
2817 164.2
2818 164.2
2819 164.3
2820 164.4
2821 164.4
2822 164.45
2823 164.45
2824 164.45
2825 164.45
2826 164.45
2827 164.45
2828 164.55
2829 164.55
2830 164.7
2831 164.7
2832 164.7
2833 164.75
2834 164.85
2835 164.85
2836 164.9
2837 164.9
2838 164.9
2839 164.9
2840 164.9
2841 164.9
2842 164.9
2843 164.9
2844 164.95
2845 165.0
2846 165.05
2847 165.1
2848 165.25
2849 165.25
2850 165.25
2851 165.25
2852 165.25
2853 165.25
2854 165.25
2855 165.35
2856 165.35
2857 165.35
2858 165.35
2859 165.4
2860 165.4
2861 165.4
2862 165.4
2863 165.4
2864 165.4
2865 165.4
2866 165.5
2867 165.6
2868 165.6
2869 165.6
2870 165.6
2871 165.6
2872 165.6
2873 165.6
2874 165.6
2875 165.65
2876 165.65
2877 165.65
2878 165.7
2879 165.75
2880 165.75
2881 165.8
2882 165.85
2883 165.9
2884 165.9
2885 166.0
2886 166.0
2887 166.0
2888 166.0
2889 166.0
2890 166.05
2891 166.05
2892 166.05
2893 166.05
2894 166.05
2895 166.05
2896 166.05
2897 166.05
2898 166.05
2899 166.05
2900 166.1
2901 166.1
2902 166.1
2903 166.1
2904 166.15
2905 166.15
2906 166.15
2907 166.15
2908 166.15
2909 166.15
2910 166.15
2911 166.15
2912 166.2
2913 166.2
2914 166.2
2915 166.2
2916 166.25
2917 166.25
2918 166.3
2919 166.3
2920 166.3
2921 166.3
2922 166.3
2923 166.45
2924 166.5
2925 166.55
2926 166.55
2927 166.55
2928 166.55
2929 166.7
2930 166.7
2931 166.7
2932 166.7
2933 166.7
2934 166.7
2935 166.7
2936 166.7
2937 166.75
2938 166.75
2939 166.75
2940 166.75
2941 166.75
2942 166.8
2943 166.85
2944 166.85
2945 166.85
2946 166.85
2947 166.85
2948 166.85
2949 166.9
2950 166.9
2951 166.95
2952 166.95
2953 167.0
2954 167.0
2955 167.05
2956 167.05
2957 167.05
2958 167.1
2959 167.1
2960 167.15
2961 167.15
2962 167.15
2963 167.15
2964 167.15
2965 167.15
2966 167.15
2967 167.15
2968 167.15
2969 167.15
2970 167.35
2971 167.4
2972 167.4
2973 167.4
2974 167.5
2975 167.55
2976 167.55
2977 167.55
2978 167.55
2979 167.55
2980 167.55
2981 167.55
2982 167.55
2983 167.55
2984 167.55
2985 167.55
2986 167.65
2987 167.7
2988 167.7
2989 167.85
2990 167.85
2991 167.85
2992 167.85
2993 167.85
2994 167.85
2995 167.85
2996 167.85
2997 167.85
2998 167.85
2999 167.85
3000 167.85
3001 167.85
3002 167.85
3003 167.85
3004 167.85
3005 167.85
3006 167.85
3007 167.85
3008 167.95
3009 167.95
3010 168.1
3011 168.1
3012 168.1
3013 168.15
3014 168.15
3015 168.2
3016 168.3
3017 168.35
3018 168.45
3019 168.45
3020 168.45
3021 168.45
3022 168.55
3023 168.55
3024 168.65
3025 168.65
3026 168.7
3027 168.7
3028 168.7
3029 168.7
3030 168.75
3031 168.8
3032 168.85
3033 168.85
3034 168.85
3035 168.85
3036 168.9
3037 168.9
3038 168.9
3039 168.9
3040 168.9
3041 168.95
3042 168.95
3043 168.95
3044 168.95
3045 168.95
3046 168.95
3047 168.95
3048 168.95
3049 168.95
3050 168.95
3051 168.95
3052 168.95
3053 168.95
3054 168.95
3055 168.95
3056 169.0
3057 169.0
3058 169.0
3059 169.0
3060 169.05
3061 169.05
3062 169.05
3063 169.05
3064 169.1
3065 169.1
3066 169.1
3067 169.15
3068 169.15
3069 169.15
3070 169.15
3071 169.15
3072 169.15
3073 169.2
3074 169.2
3075 169.25
3076 169.25
3077 169.3
3078 169.35
3079 169.35
3080 169.35
3081 169.4
3082 169.45
3083 169.45
3084 169.45
3085 169.45
3086 169.5
3087 169.55
3088 169.55
3089 169.55
3090 169.55
3091 169.55
3092 169.55
3093 169.55
3094 169.55
3095 169.55
3096 169.55
3097 169.6
3098 169.6
3099 169.6
3100 169.6
3101 169.6
3102 169.65
3103 169.65
3104 169.65
3105 169.7
3106 169.7
3107 169.7
3108 169.75
3109 169.75
3110 169.85
3111 169.85
3112 169.85
3113 169.85
3114 169.85
3115 169.95
3116 169.95
3117 169.95
3118 170.0
3119 170.0
3120 170.0
3121 170.0
3122 170.05
3123 170.05
3124 170.05
3125 170.05
3126 170.05
3127 170.15
3128 170.2
3129 170.2
3130 170.2
3131 170.25
3132 170.25
3133 170.25
3134 170.3
3135 170.3
3136 170.3
3137 170.3
3138 170.3
3139 170.3
3140 170.3
3141 170.3
3142 170.35
3143 170.35
3144 170.35
3145 170.4
3146 170.45
3147 170.45
3148 170.45
3149 170.45
3150 170.5
3151 170.5
3152 170.5
3153 170.5
3154 170.5
3155 170.5
3156 170.5
3157 170.55
3158 170.55
3159 170.55
3160 170.6
3161 170.6
3162 170.65
3163 170.65
3164 170.65
3165 170.7
3166 170.7
3167 170.7
3168 170.75
3169 170.85
3170 170.85
3171 170.85
3172 170.9
3173 170.9
3174 170.9
3175 170.9
3176 170.9
3177 170.9
3178 170.9
3179 170.9
3180 170.9
3181 170.9
3182 170.9
3183 170.9
3184 170.95
3185 171.05
3186 171.05
3187 171.05
3188 171.1
3189 171.1
3190 171.15
3191 171.15
3192 171.15
3193 171.15
3194 171.15
3195 171.25
3196 171.25
3197 171.25
3198 171.25
3199 171.25
3200 171.25
3201 171.25
3202 171.45
3203 171.45
3204 171.45
3205 171.45
3206 171.45
3207 171.45
3208 171.45
3209 171.5
3210 171.55
3211 171.55
3212 171.55
3213 171.6
3214 171.6
3215 171.6
3216 171.6
3217 171.6
3218 171.6
3219 171.6
3220 171.6
3221 171.6
3222 171.6
3223 171.6
3224 171.6
3225 171.65
3226 171.65
3227 171.65
3228 171.65
3229 171.65
3230 171.7
3231 171.7
3232 171.7
3233 171.7
3234 171.7
3235 171.7
3236 171.7
3237 171.75
3238 171.8
3239 171.85
3240 171.85
3241 171.85
3242 171.85
3243 171.9
3244 171.95
3245 172.0
3246 172.0
3247 172.0
3248 172.0
3249 172.1
3250 172.1
3251 172.1
3252 172.15
3253 172.15
3254 172.2
3255 172.2
3256 172.2
3257 172.2
3258 172.2
3259 172.3
3260 172.35
3261 172.35
3262 172.35
3263 172.35
3264 172.35
3265 172.35
3266 172.35
3267 172.35
3268 172.4
3269 172.4
3270 172.4
3271 172.4
3272 172.5
3273 172.5
3274 172.5
3275 172.5
3276 172.5
3277 172.5
3278 172.5
3279 172.65
3280 172.65
3281 172.65
3282 172.75
3283 172.75
3284 172.75
3285 172.75
3286 172.75
3287 172.75
3288 172.75
3289 172.75
3290 172.75
3291 172.75
3292 172.8
3293 172.8
3294 172.8
3295 172.8
3296 172.8
3297 172.8
3298 172.8
3299 172.9
3300 172.9
3301 172.9
3302 172.9
3303 172.9
3304 173.0
3305 173.0
3306 173.05
3307 173.1
3308 173.1
3309 173.1
3310 173.15
3311 173.15
3312 173.2
3313 173.2
3314 173.2
3315 173.2
3316 173.2
3317 173.25
3318 173.25
3319 173.25
3320 173.25
3321 173.25
3322 173.35
3323 173.35
3324 173.4
3325 173.4
3326 173.4
3327 173.4
3328 173.4
3329 173.45
3330 173.45
3331 173.45
3332 173.45
3333 173.45
3334 173.45
3335 173.45
3336 173.45
3337 173.5
3338 173.5
3339 173.5
3340 173.5
3341 173.6
3342 173.6
3343 173.6
3344 173.6
3345 173.6
3346 173.65
3347 173.65
3348 173.7
3349 173.7
3350 173.7
3351 173.7
3352 173.7
3353 173.7
3354 173.7
3355 173.7
3356 173.75
3357 173.75
3358 173.75
3359 173.8
3360 173.9
3361 173.95
3362 173.95
3363 173.95
3364 173.95
3365 173.95
3366 173.95
3367 173.95
3368 173.95
3369 173.95
3370 173.95
3371 173.95
3372 173.95
3373 173.95
3374 174.0
3375 174.0
3376 174.15
3377 174.15
3378 174.2
3379 174.2
3380 174.2
3381 174.3
3382 174.3
3383 174.3
3384 174.45
3385 174.45
3386 174.45
3387 174.45
3388 174.45
3389 174.45
3390 174.45
3391 174.45
3392 174.45
3393 174.45
3394 174.45
3395 174.45
3396 174.45
3397 174.45
3398 174.45
3399 174.45
3400 174.5
3401 174.5
3402 174.5
3403 174.5
3404 174.5
3405 174.5
3406 174.5
3407 174.5
3408 174.55
3409 174.55
3410 174.55
3411 174.55
3412 174.65
3413 174.65
3414 174.7
3415 174.7
3416 174.7
3417 174.7
3418 174.7
3419 174.7
3420 174.7
3421 174.7
3422 174.8
3423 174.8
3424 174.8
3425 174.85
3426 174.85
3427 174.85
3428 174.9
3429 174.9
3430 174.9
3431 174.9
3432 174.9
3433 174.9
3434 174.9
3435 174.95
3436 174.95
3437 174.95
3438 175.05
3439 175.1
3440 175.15
3441 175.15
3442 175.15
3443 175.15
3444 175.15
3445 175.15
3446 175.15
3447 175.25
3448 175.25
3449 175.25
3450 175.25
3451 175.3
3452 175.35
3453 175.35
3454 175.4
3455 175.4
3456 175.4
3457 175.4
3458 175.4
3459 175.4
3460 175.5
3461 175.5
3462 175.55
3463 175.55
3464 175.55
3465 175.65
3466 175.7
3467 175.7
3468 175.7
3469 175.7
3470 175.7
3471 175.7
3472 175.7
3473 175.7
3474 175.7
3475 175.7
3476 175.7
3477 175.7
3478 175.7
3479 175.7
3480 175.7
3481 175.8
3482 175.8
3483 175.8
3484 175.85
3485 175.85
3486 175.85
3487 175.85
3488 175.85
3489 175.85
3490 175.85
3491 175.9
3492 176.0
3493 176.0
3494 176.0
3495 176.0
3496 176.0
3497 176.0
3498 176.0
3499 176.0
3500 176.1
3501 176.1
3502 176.1
3503 176.15
3504 176.15
3505 176.15
3506 176.2
3507 176.2
3508 176.2
3509 176.2
3510 176.2
3511 176.25
3512 176.25
3513 176.25
3514 176.25
3515 176.25
3516 176.25
3517 176.25
3518 176.4
3519 176.45
3520 176.45
3521 176.5
3522 176.5
3523 176.5
3524 176.5
3525 176.5
3526 176.5
3527 176.5
3528 176.5
3529 176.5
3530 176.5
3531 176.5
3532 176.5
3533 176.5
3534 176.5
3535 176.5
3536 176.5
3537 176.55
3538 176.55
3539 176.6
3540 176.6
3541 176.65
3542 176.65
3543 176.65
3544 176.65
3545 176.65
3546 176.65
3547 176.75
3548 176.8
3549 176.85
3550 176.85
3551 176.95
3552 176.95
3553 176.95
3554 176.95
3555 176.95
3556 176.95
3557 176.95
3558 176.95
3559 176.95
3560 176.95
3561 177.0
3562 177.0
3563 177.0
3564 177.0
3565 177.1
3566 177.1
3567 177.1
3568 177.15
3569 177.15
3570 177.25
3571 177.25
3572 177.25
3573 177.25
3574 177.25
3575 177.25
3576 177.3
3577 177.3
3578 177.3
3579 177.3
3580 177.3
3581 177.3
3582 177.3
3583 177.3
3584 177.35
3585 177.35
3586 177.4
3587 177.4
3588 177.4
3589 177.4
3590 177.45
3591 177.5
3592 177.5
3593 177.5
3594 177.5
3595 177.55
3596 177.55
3597 177.55
3598 177.55
3599 177.55
3600 177.55
3601 177.65
3602 177.65
3603 177.65
3604 177.65
3605 177.7
3606 177.7
3607 177.7
3608 177.75
3609 177.75
3610 177.75
3611 177.75
3612 177.75
3613 177.75
3614 177.75
3615 177.75
3616 177.8
3617 177.8
3618 177.8
3619 177.8
3620 177.8
3621 177.8
3622 177.8
3623 177.8
3624 177.8
3625 177.85
3626 177.85
3627 177.9
3628 177.95
3629 177.95
3630 177.95
3631 178.0
3632 178.0
3633 178.05
3634 178.05
3635 178.05
3636 178.05
3637 178.05
3638 178.05
3639 178.05
3640 178.1
3641 178.1
3642 178.1
3643 178.15
3644 178.25
3645 178.25
3646 178.3
3647 178.3
3648 178.35
3649 178.35
3650 178.35
3651 178.35
3652 178.35
3653 178.35
3654 178.35
3655 178.35
3656 178.35
3657 178.35
3658 178.35
3659 178.4
3660 178.4
3661 178.4
3662 178.4
3663 178.45
3664 178.45
3665 178.45
3666 178.45
3667 178.45
3668 178.45
3669 178.45
3670 178.5
3671 178.5
3672 178.5
3673 178.5
3674 178.5
3675 178.5
3676 178.5
3677 178.5
3678 178.5
3679 178.5
3680 178.55
3681 178.55
3682 178.55
3683 178.55
3684 178.6
3685 178.6
3686 178.6
3687 178.65
3688 178.7
3689 178.75
3690 178.8
3691 178.8
3692 178.8
3693 178.8
3694 178.8
3695 178.8
3696 178.8
3697 178.8
3698 178.8
3699 178.9
3700 178.9
3701 178.9
3702 178.9
3703 178.9
3704 178.9
3705 178.95
3706 178.95
3707 178.95
3708 178.95
3709 178.95
3710 178.95
3711 178.95
3712 179.0
3713 179.0
3714 179.0
3715 179.0
3716 179.0
3717 179.0
3718 179.0
3719 179.05
3720 179.15
3721 179.15
3722 179.2
3723 179.2
3724 179.2
3725 179.2
3726 179.2
3727 179.2
3728 179.2
3729 179.3
3730 179.35
3731 179.35
3732 179.35
3733 179.35
3734 179.35
3735 179.35
3736 179.35
3737 179.35
3738 179.35
3739 179.35
3740 179.35
3741 179.35
3742 179.4
3743 179.4
3744 179.4
3745 179.4
3746 179.45
3747 179.45
3748 179.45
3749 179.45
3750 179.45
3751 179.45
3752 179.55
3753 179.6
3754 179.6
3755 179.6
3756 179.6
3757 179.6
3758 179.6
3759 179.6
3760 179.6
3761 179.6
3762 179.6
3763 179.65
3764 179.65
3765 179.65
3766 179.65
3767 179.65
3768 179.65
3769 179.65
3770 179.65
3771 179.65
3772 179.7
3773 179.7
3774 179.7
3775 179.7
3776 179.7
3777 179.7
3778 179.7
3779 179.75
3780 179.75
3781 179.75
3782 179.8
3783 179.8
3784 179.8
3785 179.8
3786 179.85
3787 179.85
3788 180.05
3789 180.1
3790 180.1
3791 180.15
3792 180.15
3793 180.15
3794 180.15
3795 180.15
3796 180.15
3797 180.15
3798 180.15
3799 180.15
3800 180.15
3801 180.15
3802 180.2
3803 180.2
3804 180.2
3805 180.2
3806 180.2
3807 180.2
3808 180.2
3809 180.2
3810 180.4
3811 180.4
3812 180.4
3813 180.4
3814 180.4
3815 180.4
3816 180.4
3817 180.4
3818 180.4
3819 180.45
3820 180.5
3821 180.5
3822 180.55
3823 180.65
3824 180.65
3825 180.7
3826 180.7
3827 180.7
3828 180.75
3829 180.75
3830 180.75
3831 180.75
3832 180.75
3833 180.8
3834 180.8
3835 180.8
3836 180.85
3837 180.85
3838 180.85
3839 180.85
3840 180.85
3841 180.9
3842 180.95
3843 180.95
3844 181.0
3845 181.05
3846 181.05
3847 181.05
3848 181.05
3849 181.05
3850 181.05
3851 181.1
3852 181.1
3853 181.1
3854 181.1
3855 181.1
3856 181.1
3857 181.1
3858 181.1
3859 181.1
3860 181.1
3861 181.1
3862 181.1
3863 181.1
3864 181.15
3865 181.15
3866 181.15
3867 181.15
3868 181.2
3869 181.2
3870 181.2
3871 181.2
3872 181.2
3873 181.2
3874 181.25
3875 181.25
3876 181.25
3877 181.25
3878 181.25
3879 181.25
3880 181.25
3881 181.3
3882 181.3
3883 181.3
3884 181.3
3885 181.3
3886 181.3
3887 181.3
3888 181.3
3889 181.3
3890 181.3
3891 181.3
3892 181.3
3893 181.35
3894 181.35
3895 181.35
3896 181.35
3897 181.4
3898 181.4
3899 181.4
3900 181.4
3901 181.4
3902 181.4
3903 181.4
3904 181.45
3905 181.5
3906 181.65
3907 181.65
3908 181.7
3909 181.7
3910 181.7
3911 181.7
3912 181.7
3913 181.7
3914 181.7
3915 181.7
3916 181.7
3917 181.75
3918 181.75
3919 181.75
3920 181.75
3921 181.85
3922 181.85
3923 181.85
3924 181.85
3925 181.85
3926 181.95
3927 181.95
3928 182.0
3929 182.0
3930 182.0
3931 182.0
3932 182.0
3933 182.0
3934 182.05
3935 182.05
3936 182.05
3937 182.05
3938 182.1
3939 182.1
3940 182.1
3941 182.15
3942 182.15
3943 182.15
3944 182.15
3945 182.2
3946 182.2
3947 182.2
3948 182.2
3949 182.2
3950 182.2
3951 182.25
3952 182.25
3953 182.25
3954 182.35
3955 182.4
3956 182.4
3957 182.45
3958 182.45
3959 182.45
3960 182.45
3961 182.45
3962 182.45
3963 182.45
3964 182.45
3965 182.45
3966 182.45
3967 182.45
3968 182.45
3969 182.45
3970 182.45
3971 182.45
3972 182.45
3973 182.45
3974 182.45
3975 182.45
3976 182.45
3977 182.45
3978 182.45
3979 182.45
3980 182.45
3981 182.45
3982 182.45
3983 182.45
3984 182.45
3985 182.45
3986 182.45
3987 182.55
3988 182.55
3989 182.55
3990 182.55
3991 182.55
3992 182.6
3993 182.65
3994 182.65
3995 182.65
3996 182.65
3997 182.65
3998 182.65
3999 182.65
4000 182.7
4001 182.7
4002 182.7
4003 182.7
4004 182.7
4005 182.75
4006 182.75
4007 182.85
4008 182.85
4009 182.9
4010 182.95
4011 182.95
4012 182.95
4013 183.0
4014 183.0
4015 183.0
4016 183.0
4017 183.0
4018 183.0
4019 183.0
4020 183.0
4021 183.0
4022 183.0
4023 183.05
4024 183.05
4025 183.05
4026 183.1
4027 183.1
4028 183.1
4029 183.1
4030 183.15
4031 183.15
4032 183.15
4033 183.15
4034 183.15
4035 183.15
4036 183.15
4037 183.15
4038 183.15
4039 183.15
4040 183.15
4041 183.15
4042 183.15
4043 183.15
4044 183.15
4045 183.15
4046 183.15
4047 183.15
4048 183.15
4049 183.2
4050 183.2
4051 183.2
4052 183.2
4053 183.2
4054 183.2
4055 183.25
4056 183.25
4057 183.25
4058 183.25
4059 183.25
4060 183.25
4061 183.25
4062 183.25
4063 183.25
4064 183.25
4065 183.25
4066 183.25
4067 183.25
4068 183.25
4069 183.25
4070 183.25
4071 183.25
4072 183.25
4073 183.4
4074 183.4
4075 183.4
4076 183.4
4077 183.4
4078 183.45
4079 183.45
4080 183.45
4081 183.5
4082 183.5
4083 183.5
4084 183.5
4085 183.5
4086 183.55
4087 183.55
4088 183.65
4089 183.7
4090 183.7
4091 183.7
4092 183.7
4093 183.7
4094 183.7
4095 183.75
4096 183.75
4097 183.75
4098 183.8
4099 183.8
4100 183.85
4101 183.85
4102 183.85
4103 183.85
4104 183.85
4105 183.85
4106 183.85
4107 183.9
4108 183.9
4109 183.9
4110 183.9
4111 183.9
4112 183.9
4113 183.9
4114 183.95
4115 184.05
4116 184.1
4117 184.1
4118 184.1
4119 184.1
4120 184.1
4121 184.1
4122 184.1
4123 184.1
4124 184.1
4125 184.1
4126 184.15
4127 184.15
4128 184.15
4129 184.15
4130 184.15
4131 184.15
4132 184.15
4133 184.2
4134 184.2
4135 184.25
4136 184.25
4137 184.25
4138 184.25
4139 184.25
4140 184.25
4141 184.25
4142 184.25
4143 184.25
4144 184.25
4145 184.3
4146 184.3
4147 184.3
4148 184.3
4149 184.3
4150 184.3
4151 184.3
4152 184.3
4153 184.3
4154 184.3
4155 184.3
4156 184.3
4157 184.3
4158 184.3
4159 184.35
4160 184.35
4161 184.35
4162 184.35
4163 184.35
4164 184.4
4165 184.4
4166 184.4
4167 184.4
4168 184.4
4169 184.4
4170 184.4
4171 184.4
4172 184.45
4173 184.45
4174 184.45
4175 184.45
4176 184.5
4177 184.5
4178 184.5
4179 184.5
4180 184.5
4181 184.5
4182 184.6
4183 184.6
4184 184.6
4185 184.6
4186 184.6
4187 184.6
4188 184.6
4189 184.65
4190 184.7
4191 184.75
4192 184.75
4193 184.75
4194 184.75
4195 184.8
4196 184.8
4197 184.8
4198 184.8
4199 184.85
4200 184.85
4201 184.9
4202 184.9
4203 184.9
4204 184.9
4205 184.9
4206 184.9
4207 184.9
4208 184.9
4209 184.9
4210 184.9
4211 184.9
4212 184.95
4213 184.95
4214 184.95
4215 184.95
4216 184.95
4217 184.95
4218 184.95
4219 184.95
4220 184.95
4221 184.95
4222 184.95
4223 184.95
4224 184.95
4225 184.95
4226 184.95
4227 185.05
4228 185.1
4229 185.1
4230 185.1
4231 185.1
4232 185.1
4233 185.1
4234 185.1
4235 185.1
4236 185.1
4237 185.15
4238 185.15
4239 185.15
4240 185.15
4241 185.15
4242 185.2
4243 185.2
4244 185.25
4245 185.3
4246 185.3
4247 185.35
4248 185.35
4249 185.35
4250 185.35
4251 185.35
4252 185.4
4253 185.4
4254 185.45
4255 185.45
4256 185.45
4257 185.45
4258 185.45
4259 185.45
4260 185.5
4261 185.5
4262 185.5
4263 185.5
4264 185.5
4265 185.55
4266 185.55
4267 185.55
4268 185.55
4269 185.55
4270 185.55
4271 185.55
4272 185.55
4273 185.55
4274 185.55
4275 185.55
4276 185.6
4277 185.6
4278 185.6
4279 185.6
4280 185.6
4281 185.6
4282 185.65
4283 185.65
4284 185.65
4285 185.65
4286 185.65
4287 185.65
4288 185.65
4289 185.75
4290 185.75
4291 185.75
4292 185.75
4293 185.8
4294 185.85
4295 185.85
4296 185.85
4297 185.85
4298 185.85
4299 185.85
4300 185.85
4301 185.85
4302 185.9
4303 185.9
4304 185.9
4305 185.95
4306 185.95
4307 185.95
4308 185.95
4309 185.95
4310 185.95
4311 185.95
4312 185.95
4313 185.95
4314 185.95
4315 185.95
4316 186.0
4317 186.0
4318 186.0
4319 186.0
4320 186.0
4321 186.0
4322 186.05
4323 186.05
4324 186.05
4325 186.05
4326 186.05
4327 186.05
4328 186.05
4329 186.05
4330 186.05
4331 186.05
4332 186.05
4333 186.05
4334 186.05
4335 186.1
4336 186.1
4337 186.1
4338 186.15
4339 186.15
4340 186.2
4341 186.2
4342 186.2
4343 186.25
4344 186.25
4345 186.25
4346 186.25
4347 186.25
4348 186.25
4349 186.3
4350 186.3
4351 186.3
4352 186.3
4353 186.3
4354 186.3
4355 186.3
4356 186.3
4357 186.3
4358 186.3
4359 186.3
4360 186.3
4361 186.3
4362 186.35
4363 186.35
4364 186.35
4365 186.4
4366 186.4
4367 186.45
4368 186.45
4369 186.45
4370 186.45
4371 186.45
4372 186.45
4373 186.45
4374 186.45
4375 186.45
4376 186.45
4377 186.45
4378 186.45
4379 186.45
4380 186.45
4381 186.45
4382 186.45
4383 186.45
4384 186.45
4385 186.45
4386 186.45
4387 186.5
4388 186.5
4389 186.5
4390 186.55
4391 186.55
4392 186.55
4393 186.55
4394 186.6
4395 186.6
4396 186.6
4397 186.6
4398 186.65
4399 186.65
4400 186.65
4401 186.65
4402 186.75
4403 186.8
4404 186.8
4405 186.85
4406 186.85
4407 186.95
4408 187.0
4409 187.0
4410 187.0
4411 187.0
4412 187.05
4413 187.05
4414 187.05
4415 187.05
4416 187.05
4417 187.1
4418 187.1
4419 187.15
4420 187.15
4421 187.15
4422 187.15
4423 187.15
4424 187.15
4425 187.15
4426 187.15
4427 187.15
4428 187.15
4429 187.15
4430 187.15
4431 187.2
4432 187.2
4433 187.2
4434 187.2
4435 187.2
4436 187.2
4437 187.2
4438 187.2
4439 187.2
4440 187.2
4441 187.2
4442 187.2
4443 187.2
4444 187.2
4445 187.2
4446 187.2
4447 187.2
4448 187.2
4449 187.2
4450 187.2
4451 187.2
4452 187.25
4453 187.3
4454 187.3
4455 187.3
4456 187.3
4457 187.3
4458 187.4
4459 187.4
4460 187.4
4461 187.45
4462 187.45
4463 187.55
4464 187.55
4465 187.55
4466 187.55
4467 187.6
4468 187.65
4469 187.65
4470 187.65
4471 187.65
4472 187.65
4473 187.65
4474 187.65
4475 187.65
4476 187.7
4477 187.7
4478 187.7
4479 187.7
4480 187.7
4481 187.7
4482 187.7
4483 187.7
4484 187.7
4485 187.7
4486 187.7
4487 187.7
4488 187.7
4489 187.7
4490 187.75
4491 187.75
4492 187.75
4493 187.75
4494 187.75
4495 187.8
4496 187.85
4497 187.85
4498 187.85
4499 187.85
4500 187.85
4501 187.9
4502 187.9
4503 187.9
4504 187.9
4505 187.9
4506 187.9
4507 187.9
4508 187.9
4509 187.9
4510 187.9
4511 187.9
4512 187.9
4513 187.9
4514 187.9
4515 187.9
4516 188.05
4517 188.05
4518 188.05
4519 188.05
4520 188.05
4521 188.05
4522 188.05
4523 188.05
4524 188.05
4525 188.05
4526 188.05
4527 188.05
4528 188.05
4529 188.05
4530 188.05
4531 188.05
4532 188.05
4533 188.05
4534 188.05
4535 188.05
4536 188.05
4537 188.05
4538 188.05
4539 188.05
4540 188.05
4541 188.1
4542 188.1
4543 188.1
4544 188.15
4545 188.15
4546 188.15
4547 188.15
4548 188.15
4549 188.15
4550 188.2
4551 188.2
4552 188.2
4553 188.2
4554 188.2
4555 188.2
4556 188.2
4557 188.2
4558 188.2
4559 188.2
4560 188.2
4561 188.2
4562 188.2
4563 188.2
4564 188.2
4565 188.2
4566 188.2
4567 188.2
4568 188.2
4569 188.2
4570 188.25
4571 188.25
4572 188.25
4573 188.3
4574 188.45
4575 188.5
4576 188.5
4577 188.5
4578 188.5
4579 188.5
4580 188.5
4581 188.55
4582 188.55
4583 188.55
4584 188.55
4585 188.55
4586 188.55
4587 188.55
4588 188.55
4589 188.55
4590 188.55
4591 188.55
4592 188.55
4593 188.55
4594 188.55
4595 188.55
4596 188.55
4597 188.6
4598 188.6
4599 188.6
4600 188.6
4601 188.65
4602 188.65
4603 188.65
4604 188.65
4605 188.65
4606 188.65
4607 188.65
4608 188.7
4609 188.7
4610 188.7
4611 188.7
4612 188.7
4613 188.7
4614 188.7
4615 188.75
4616 188.75
4617 188.75
4618 188.75
4619 188.75
4620 188.75
4621 188.75
4622 188.75
4623 188.8
4624 188.8
4625 188.9
4626 188.9
4627 188.95
4628 189.0
4629 189.0
4630 189.0
4631 189.0
4632 189.0
4633 189.05
4634 189.05
4635 189.1
4636 189.1
4637 189.1
4638 189.1
4639 189.1
4640 189.1
4641 189.1
4642 189.1
4643 189.1
4644 189.1
4645 189.15
4646 189.15
4647 189.15
4648 189.2
4649 189.2
4650 189.25
4651 189.25
4652 189.25
4653 189.25
4654 189.25
4655 189.25
4656 189.25
4657 189.3
4658 189.3
4659 189.3
4660 189.3
4661 189.3
4662 189.3
4663 189.3
4664 189.35
4665 189.4
4666 189.4
4667 189.45
4668 189.45
4669 189.45
4670 189.45
4671 189.45
4672 189.45
4673 189.45
4674 189.5
4675 189.5
4676 189.5
4677 189.5
4678 189.5
4679 189.5
4680 189.5
4681 189.5
4682 189.5
4683 189.5
4684 189.5
4685 189.6
4686 189.6
4687 189.6
4688 189.6
4689 189.6
4690 189.6
4691 189.6
4692 189.6
4693 189.6
4694 189.6
4695 189.6
4696 189.65
4697 189.65
4698 189.65
4699 189.65
4700 189.65
4701 189.65
4702 189.65
4703 189.65
4704 189.75
4705 189.75
4706 189.8
4707 189.8
4708 189.8
4709 189.85
4710 189.85
4711 189.85
4712 189.85
4713 189.85
4714 189.85
4715 189.85
4716 189.95
4717 189.95
4718 189.95
4719 189.95
4720 189.95
4721 189.95
4722 189.95
4723 189.95
4724 189.95
4725 189.95
4726 189.95
4727 189.95
4728 190.0
4729 190.0
4730 190.0
4731 190.05
4732 190.05
4733 190.05
4734 190.05
4735 190.05
4736 190.05
4737 190.05
4738 190.15
4739 190.2
4740 190.3
4741 190.3
4742 190.3
4743 190.3
4744 190.3
4745 190.3
4746 190.3
4747 190.3
4748 190.3
4749 190.3
4750 190.35
4751 190.35
4752 190.35
4753 190.35
4754 190.35
4755 190.35
4756 190.35
4757 190.35
4758 190.35
4759 190.35
4760 190.35
4761 190.35
4762 190.35
4763 190.35
4764 190.35
4765 190.35
4766 190.35
4767 190.35
4768 190.35
4769 190.35
4770 190.35
4771 190.35
4772 190.35
4773 190.35
4774 190.35
4775 190.35
4776 190.35
4777 190.35
4778 190.35
4779 190.35
4780 190.35
4781 190.35
4782 190.35
4783 190.35
4784 190.35
4785 190.4
4786 190.4
4787 190.4
4788 190.4
4789 190.4
4790 190.4
4791 190.4
4792 190.45
4793 190.45
4794 190.5
4795 190.5
4796 190.5
4797 190.55
4798 190.55
4799 190.55
4800 190.6
4801 190.6
4802 190.6
4803 190.65
4804 190.65
4805 190.65
4806 190.65
4807 190.65
4808 190.65
4809 190.65
4810 190.65
4811 190.65
4812 190.65
4813 190.65
4814 190.65
4815 190.65
4816 190.65
4817 190.65
4818 190.65
4819 190.65
4820 190.65
4821 190.65
4822 190.7
4823 190.7
4824 190.7
4825 190.75
4826 190.75
4827 190.75
4828 190.75
4829 190.75
4830 190.8
4831 190.8
4832 190.8
4833 190.85
4834 190.85
4835 190.85
4836 190.85
4837 190.85
4838 190.9
4839 190.9
4840 190.9
4841 190.95
4842 190.95
4843 190.95
4844 190.95
4845 190.95
4846 191.0
4847 191.0
4848 191.0
4849 191.0
4850 191.0
4851 191.0
4852 191.05
4853 191.1
4854 191.1
4855 191.1
4856 191.1
4857 191.2
4858 191.2
4859 191.2
4860 191.2
4861 191.2
4862 191.2
4863 191.2
4864 191.25
4865 191.25
4866 191.25
4867 191.25
4868 191.25
4869 191.25
4870 191.3
4871 191.3
4872 191.3
4873 191.3
4874 191.3
4875 191.3
4876 191.3
4877 191.3
4878 191.3
4879 191.35
4880 191.35
4881 191.35
4882 191.35
4883 191.35
4884 191.35
4885 191.4
4886 191.45
4887 191.45
4888 191.45
4889 191.5
4890 191.5
4891 191.5
4892 191.5
4893 191.55
4894 191.55
4895 191.55
4896 191.55
4897 191.55
4898 191.55
4899 191.55
4900 191.6
4901 191.6
4902 191.65
4903 191.65
4904 191.7
4905 191.7
4906 191.7
4907 191.7
4908 191.7
4909 191.7
4910 191.75
4911 191.75
4912 191.75
4913 191.75
4914 191.75
4915 191.8
4916 191.8
4917 191.8
4918 191.85
4919 191.85
4920 191.85
4921 191.85
4922 191.85
4923 191.85
4924 191.85
4925 191.85
4926 191.85
4927 191.85
4928 191.85
4929 191.85
4930 191.85
4931 191.85
4932 191.85
4933 191.85
4934 191.85
4935 191.85
4936 191.85
4937 191.85
4938 191.85
4939 191.9
4940 191.95
4941 191.95
4942 191.95
4943 191.95
4944 191.95
4945 192.0
4946 192.05
4947 192.05
4948 192.05
4949 192.05
4950 192.05
4951 192.05
4952 192.05
4953 192.05
4954 192.05
4955 192.05
4956 192.05
4957 192.05
4958 192.05
4959 192.05
4960 192.05
4961 192.05
4962 192.05
4963 192.05
4964 192.05
4965 192.05
4966 192.05
4967 192.05
4968 192.05
4969 192.1
4970 192.15
4971 192.15
4972 192.15
4973 192.15
4974 192.15
4975 192.2
4976 192.2
4977 192.2
4978 192.25
4979 192.25
4980 192.25
4981 192.25
4982 192.25
4983 192.25
4984 192.25
4985 192.25
4986 192.25
4987 192.25
4988 192.25
4989 192.25
4990 192.25
4991 192.25
4992 192.25
4993 192.25
4994 192.25
4995 192.25
4996 192.25
4997 192.3
4998 192.3
4999 192.3
5000 192.35
5001 192.35
5002 192.35
5003 192.35
5004 192.35
5005 192.35
5006 192.35
5007 192.35
5008 192.35
5009 192.35
5010 192.35
5011 192.35
5012 192.35
5013 192.35
5014 192.35
5015 192.4
5016 192.4
5017 192.4
5018 192.4
5019 192.4
5020 192.4
5021 192.4
5022 192.4
5023 192.4
5024 192.4
5025 192.4
5026 192.4
5027 192.4
5028 192.4
5029 192.4
5030 192.4
5031 192.4
5032 192.4
5033 192.45
5034 192.45
5035 192.45
5036 192.45
5037 192.45
5038 192.45
5039 192.45
5040 192.5
5041 192.5
5042 192.5
5043 192.5
5044 192.5
5045 192.55
5046 192.55
5047 192.55
5048 192.55
5049 192.6
5050 192.6
5051 192.6
5052 192.6
5053 192.65
5054 192.65
5055 192.65
5056 192.65
5057 192.65
5058 192.7
5059 192.7
5060 192.7
5061 192.7
5062 192.7
5063 192.7
5064 192.7
5065 192.7
5066 192.7
5067 192.75
5068 192.8
5069 192.8
5070 192.8
5071 192.8
5072 192.8
5073 192.8
5074 192.85
5075 192.85
5076 192.85
5077 192.9
5078 192.9
5079 192.9
5080 192.9
5081 192.9
5082 192.9
5083 192.9
5084 192.9
5085 192.9
5086 192.9
5087 192.9
5088 192.9
5089 192.9
5090 192.9
5091 192.95
5092 192.95
5093 192.95
5094 192.95
5095 192.95
5096 192.95
5097 192.95
5098 192.95
5099 192.95
5100 192.95
5101 192.95
5102 193.0
5103 193.0
5104 193.0
5105 193.0
5106 193.0
5107 193.05
5108 193.05
5109 193.05
5110 193.05
5111 193.05
5112 193.05
5113 193.1
5114 193.15
5115 193.15
5116 193.15
5117 193.15
5118 193.15
5119 193.15
5120 193.15
5121 193.2
5122 193.2
5123 193.2
5124 193.2
5125 193.2
5126 193.2
5127 193.2
5128 193.2
5129 193.2
5130 193.2
5131 193.2
5132 193.2
5133 193.2
5134 193.2
5135 193.2
5136 193.2
5137 193.25
5138 193.25
5139 193.25
5140 193.25
5141 193.25
5142 193.3
5143 193.3
5144 193.3
5145 193.3
5146 193.3
5147 193.3
5148 193.3
5149 193.3
5150 193.3
5151 193.3
5152 193.35
5153 193.35
5154 193.35
5155 193.35
5156 193.35
5157 193.35
5158 193.35
5159 193.4
5160 193.4
5161 193.4
5162 193.4
5163 193.4
5164 193.4
5165 193.4
5166 193.4
5167 193.4
5168 193.45
5169 193.5
5170 193.5
5171 193.5
5172 193.5
5173 193.5
5174 193.5
5175 193.5
5176 193.55
5177 193.55
5178 193.55
5179 193.55
5180 193.55
5181 193.55
5182 193.55
5183 193.55
5184 193.55
5185 193.55
5186 193.6
5187 193.6
5188 193.65
5189 193.65
5190 193.65
5191 193.65
5192 193.65
5193 193.65
5194 193.65
5195 193.65
5196 193.65
5197 193.65
5198 193.65
5199 193.65
5200 193.65
5201 193.65
5202 193.65
5203 193.65
5204 193.65
5205 193.65
5206 193.65
5207 193.65
5208 193.65
5209 193.65
5210 193.65
5211 193.65
5212 193.65
5213 193.7
5214 193.7
5215 193.7
5216 193.7
5217 193.7
5218 193.7
5219 193.7
5220 193.7
5221 193.7
5222 193.7
5223 193.7
5224 193.7
5225 193.75
5226 193.75
5227 193.75
5228 193.75
5229 193.75
5230 193.8
5231 193.85
5232 193.85
5233 193.85
5234 193.95
5235 193.95
5236 193.95
5237 193.95
5238 193.95
5239 193.95
5240 193.95
5241 193.95
5242 193.95
5243 193.95
5244 193.95
5245 193.95
5246 193.95
5247 193.95
5248 193.95
5249 193.95
5250 193.95
5251 194.0
5252 194.0
5253 194.0
5254 194.0
5255 194.0
5256 194.0
5257 194.0
5258 194.0
5259 194.05
5260 194.05
5261 194.1
5262 194.1
5263 194.1
5264 194.1
5265 194.1
5266 194.1
5267 194.1
5268 194.1
5269 194.1
5270 194.1
5271 194.1
5272 194.1
5273 194.1
5274 194.1
5275 194.1
5276 194.1
5277 194.15
5278 194.15
5279 194.15
5280 194.15
5281 194.15
5282 194.2
5283 194.2
5284 194.2
5285 194.2
5286 194.2
5287 194.2
5288 194.2
5289 194.2
5290 194.2
5291 194.2
5292 194.2
5293 194.2
5294 194.2
5295 194.25
5296 194.25
5297 194.25
5298 194.25
5299 194.25
5300 194.25
5301 194.3
5302 194.35
5303 194.35
5304 194.35
5305 194.35
5306 194.35
5307 194.35
5308 194.4
5309 194.4
5310 194.4
5311 194.4
5312 194.4
5313 194.4
5314 194.4
5315 194.4
5316 194.4
5317 194.4
5318 194.4
5319 194.4
5320 194.4
5321 194.4
5322 194.4
5323 194.45
5324 194.45
5325 194.45
5326 194.45
5327 194.45
5328 194.5
5329 194.5
5330 194.5
5331 194.5
5332 194.5
5333 194.5
5334 194.5
5335 194.5
5336 194.5
5337 194.55
5338 194.55
5339 194.55
5340 194.55
5341 194.55
5342 194.55
5343 194.55
5344 194.55
5345 194.55
5346 194.55
5347 194.55
5348 194.55
5349 194.55
5350 194.55
5351 194.55
5352 194.55
5353 194.55
5354 194.6
5355 194.6
5356 194.6
5357 194.6
5358 194.6
5359 194.6
5360 194.6
5361 194.65
5362 194.65
5363 194.65
5364 194.65
5365 194.65
5366 194.65
5367 194.7
5368 194.7
5369 194.75
5370 194.75
5371 194.75
5372 194.75
5373 194.75
5374 194.75
5375 194.75
5376 194.75
5377 194.75
5378 194.75
5379 194.8
5380 194.8
5381 194.8
5382 194.8
5383 194.8
5384 194.8
5385 194.8
5386 194.8
5387 194.8
5388 194.85
5389 194.9
5390 194.9
5391 194.9
5392 194.9
5393 194.95
5394 194.95
5395 194.95
5396 194.95
5397 194.95
5398 194.95
5399 194.95
5400 194.95
5401 194.95
5402 194.95
5403 194.95
5404 194.95
5405 194.95
5406 194.95
5407 194.95
5408 194.95
5409 194.95
5410 194.95
5411 195.0
5412 195.0
5413 195.0
5414 195.0
5415 195.0
5416 195.0
5417 195.0
5418 195.0
5419 195.0
5420 195.0
5421 195.0
5422 195.0
5423 195.0
5424 195.0
5425 195.0
5426 195.0
5427 195.0
5428 195.0
5429 195.0
5430 195.0
5431 195.05
5432 195.05
5433 195.05
5434 195.05
5435 195.05
5436 195.05
5437 195.05
5438 195.05
5439 195.05
5440 195.05
5441 195.05
5442 195.05
5443 195.05
5444 195.1
5445 195.1
5446 195.1
5447 195.1
5448 195.1
5449 195.1
5450 195.1
5451 195.1
5452 195.1
5453 195.15
5454 195.15
5455 195.15
5456 195.15
5457 195.15
5458 195.15
5459 195.15
5460 195.15
5461 195.15
5462 195.2
5463 195.2
5464 195.2
5465 195.2
5466 195.2
5467 195.2
5468 195.2
5469 195.2
5470 195.2
5471 195.2
5472 195.2
5473 195.2
5474 195.2
5475 195.2
5476 195.2
5477 195.2
5478 195.2
5479 195.2
5480 195.2
5481 195.2
5482 195.2
5483 195.2
5484 195.25
5485 195.25
5486 195.25
5487 195.25
5488 195.25
5489 195.3
5490 195.3
5491 195.3
5492 195.3
5493 195.35
5494 195.35
5495 195.35
5496 195.35
5497 195.4
5498 195.4
5499 195.4
5500 195.4
5501 195.4
5502 195.4
5503 195.4
5504 195.4
5505 195.4
5506 195.4
5507 195.4
5508 195.4
5509 195.4
5510 195.4
5511 195.4
5512 195.4
5513 195.4
5514 195.4
5515 195.5
5516 195.5
5517 195.5
5518 195.5
5519 195.5
5520 195.5
5521 195.5
5522 195.5
5523 195.5
5524 195.5
5525 195.5
5526 195.5
5527 195.5
5528 195.5
5529 195.5
5530 195.5
5531 195.5
5532 195.5
5533 195.5
5534 195.5
5535 195.5
5536 195.5
5537 195.5
5538 195.5
5539 195.55
5540 195.55
5541 195.55
5542 195.55
5543 195.6
5544 195.6
5545 195.65
5546 195.7
5547 195.7
5548 195.75
5549 195.75
5550 195.75
5551 195.8
5552 195.85
5553 195.85
5554 195.85
5555 195.85
5556 195.85
5557 195.85
5558 195.85
5559 195.85
5560 195.85
5561 195.85
5562 195.85
5563 195.85
5564 195.85
5565 195.85
5566 195.85
5567 195.9
5568 195.9
5569 195.9
5570 195.9
5571 195.9
5572 195.9
5573 195.9
5574 195.95
5575 195.95
5576 195.95
5577 195.95
5578 195.95
5579 195.95
5580 195.95
5581 195.95
5582 195.95
5583 195.95
5584 195.95
5585 195.95
5586 195.95
5587 196.0
5588 196.0
5589 196.0
5590 196.0
5591 196.0
5592 196.0
5593 196.05
5594 196.05
5595 196.05
5596 196.1
5597 196.1
5598 196.1
5599 196.1
5600 196.1
5601 196.1
5602 196.15
5603 196.15
5604 196.15
5605 196.15
5606 196.15
5607 196.15
5608 196.15
5609 196.15
5610 196.15
5611 196.15
5612 196.15
5613 196.15
5614 196.15
5615 196.15
5616 196.2
5617 196.2
5618 196.2
5619 196.2
5620 196.2
5621 196.2
5622 196.2
5623 196.2
5624 196.2
5625 196.2
5626 196.2
5627 196.2
5628 196.2
5629 196.2
5630 196.2
5631 196.2
5632 196.2
5633 196.25
5634 196.25
5635 196.25
5636 196.25
5637 196.25
5638 196.25
5639 196.25
5640 196.25
5641 196.25
5642 196.25
5643 196.25
5644 196.25
5645 196.25
5646 196.25
5647 196.25
5648 196.25
5649 196.25
5650 196.25
5651 196.25
5652 196.25
5653 196.25
5654 196.25
5655 196.25
5656 196.25
5657 196.25
5658 196.25
5659 196.25
5660 196.25
5661 196.25
5662 196.25
5663 196.25
5664 196.25
5665 196.25
5666 196.25
5667 196.25
5668 196.25
5669 196.25
5670 196.25
5671 196.25
5672 196.25
5673 196.25
5674 196.25
5675 196.25
5676 196.25
5677 196.25
5678 196.25
5679 196.25
5680 196.25
5681 196.25
5682 196.25
5683 196.25
5684 196.25
5685 196.25
5686 196.25
5687 196.25
5688 196.25
5689 196.25
5690 196.25
5691 196.25
5692 196.25
5693 196.25
5694 196.25
5695 196.25
5696 196.25
5697 196.25
5698 196.25
5699 196.25
5700 196.25
5701 196.25
5702 196.3
5703 196.3
5704 196.3
5705 196.3
5706 196.3
5707 196.3
5708 196.3
5709 196.3
5710 196.3
5711 196.3
5712 196.3
5713 196.3
5714 196.3
5715 196.3
5716 196.3
5717 196.3
5718 196.3
5719 196.3
5720 196.3
5721 196.3
5722 196.3
5723 196.3
5724 196.3
5725 196.3
5726 196.3
5727 196.3
5728 196.3
5729 196.3
5730 196.3
5731 196.3
5732 196.3
5733 196.3
5734 196.3
5735 196.3
5736 196.3
5737 196.3
5738 196.3
5739 196.3
5740 196.3
5741 196.3
5742 196.3
5743 196.3
5744 196.3
5745 196.3
5746 196.3
5747 196.3
5748 196.3
5749 196.3
5750 196.3
5751 196.3
5752 196.3
5753 196.3
5754 196.3
5755 196.35
5756 196.35
5757 196.35
5758 196.35
5759 196.4
5760 196.4
5761 196.45
5762 196.45
5763 196.45
5764 196.45
5765 196.45
5766 196.45
5767 196.5
5768 196.5
5769 196.5
5770 196.55
5771 196.55
5772 196.55
5773 196.55
5774 196.55
5775 196.55
5776 196.55
5777 196.55
5778 196.55
5779 196.55
5780 196.55
5781 196.55
5782 196.55
5783 196.55
5784 196.55
5785 196.55
5786 196.6
5787 196.65
5788 196.7
5789 196.75
5790 196.8
5791 196.8
5792 196.8
5793 196.8
5794 196.8
5795 196.8
5796 196.8
5797 196.8
5798 196.8
5799 196.8
5800 196.8
5801 196.8
5802 196.85
5803 196.85
5804 196.85
5805 196.85
5806 196.85
5807 196.85
5808 196.85
5809 196.85
5810 196.85
5811 196.85
5812 196.85
5813 196.85
5814 196.85
5815 196.85
5816 196.85
5817 196.85
5818 196.9
5819 196.9
5820 196.9
5821 196.9
5822 196.9
5823 196.9
5824 196.9
5825 196.9
5826 196.9
5827 196.9
5828 196.9
5829 196.9
5830 196.9
5831 196.9
5832 196.9
5833 196.9
5834 196.9
5835 196.9
5836 196.9
5837 196.9
5838 196.9
5839 196.95
5840 196.95
5841 196.95
5842 196.95
5843 196.95
5844 196.95
5845 196.95
5846 196.95
5847 196.95
5848 196.95
5849 196.95
5850 196.95
5851 196.95
5852 196.95
5853 196.95
5854 196.95
5855 196.95
5856 196.95
5857 196.95
5858 196.95
5859 196.95
5860 196.95
5861 196.95
5862 196.95
5863 196.95
5864 196.95
5865 196.95
5866 196.95
5867 196.95
5868 196.95
5869 196.95
5870 196.95
5871 197.0
5872 197.0
5873 197.0
5874 197.0
5875 197.0
5876 197.05
5877 197.05
5878 197.1
5879 197.1
5880 197.1
5881 197.1
5882 197.1
5883 197.1
5884 197.1
5885 197.1
5886 197.1
5887 197.1
5888 197.1
5889 197.1
5890 197.1
5891 197.1
5892 197.1
5893 197.1
5894 197.1
5895 197.1
5896 197.1
5897 197.1
5898 197.1
5899 197.1
5900 197.1
5901 197.15
5902 197.15
5903 197.15
5904 197.15
5905 197.15
5906 197.15
5907 197.15
5908 197.15
5909 197.15
5910 197.15
5911 197.15
5912 197.15
5913 197.15
5914 197.2
5915 197.25
5916 197.25
5917 197.25
5918 197.25
5919 197.25
5920 197.25
5921 197.25
5922 197.25
5923 197.25
5924 197.25
5925 197.25
5926 197.25
5927 197.25
5928 197.25
5929 197.25
5930 197.25
5931 197.25
5932 197.25
5933 197.25
5934 197.25
5935 197.25
5936 197.25
5937 197.25
5938 197.25
5939 197.25
5940 197.25
5941 197.25
5942 197.25
5943 197.25
5944 197.25
5945 197.25
5946 197.25
5947 197.25
5948 197.25
5949 197.25
5950 197.25
5951 197.25
5952 197.25
5953 197.25
5954 197.25
5955 197.25
5956 197.25
5957 197.25
5958 197.25
5959 197.25
5960 197.25
5961 197.25
5962 197.25
5963 197.25
5964 197.3
5965 197.3
5966 197.3
5967 197.3
5968 197.3
5969 197.3
5970 197.3
5971 197.35
5972 197.35
5973 197.35
5974 197.35
5975 197.35
5976 197.35
5977 197.35
5978 197.35
5979 197.35
5980 197.35
5981 197.4
5982 197.45
5983 197.45
5984 197.45
5985 197.45
5986 197.45
5987 197.45
5988 197.45
5989 197.45
5990 197.45
5991 197.45
5992 197.45
5993 197.45
5994 197.45
5995 197.45
5996 197.45
5997 197.45
5998 197.45
5999 197.45
