#iterations fitness
0 0.0
1 2.6
2 3.65
3 4.3
4 4.55
5 5.1
6 6.45
7 7.0
8 7.25
9 7.9
10 8.35
11 8.85
12 9.0
13 9.15
14 9.9
15 10.25
16 10.9
17 11.65
18 12.05
19 12.1
20 12.4
21 12.75
22 13.0
23 13.55
24 13.7
25 14.35
26 14.9
27 15.0
28 15.6
29 16.1
30 16.8
31 17.05
32 17.35
33 17.45
34 17.75
35 18.1
36 18.4
37 18.8
38 19.0
39 19.45
40 19.65
41 20.1
42 20.2
43 20.55
44 20.95
45 21.2
46 21.9
47 22.45
48 22.6
49 23.55
50 23.95
51 24.25
52 24.45
53 24.65
54 24.7
55 24.95
56 25.25
57 25.4
58 25.5
59 26.15
60 26.6
61 27.15
62 27.4
63 27.85
64 28.35
65 28.7
66 29.2
67 29.4
68 29.4
69 29.65
70 29.7
71 30.25
72 30.45
73 30.6
74 30.75
75 30.9
76 31.4
77 31.45
78 31.7
79 31.9
80 32.45
81 32.9
82 33.15
83 33.65
84 33.85
85 34.1
86 34.25
87 34.55
88 34.65
89 34.75
90 34.85
91 35.25
92 36.0
93 36.25
94 36.5
95 37.05
96 37.1
97 37.3
98 37.65
99 37.95
100 38.5
101 38.85
102 39.35
103 39.6
104 39.95
105 40.25
106 40.35
107 40.85
108 40.95
109 41.2
110 41.45
111 41.8
112 42.2
113 42.45
114 42.85
115 42.95
116 43.1
117 43.4
118 43.75
119 43.95
120 44.3
121 44.55
122 44.6
123 45.3
124 45.5
125 45.85
126 45.85
127 45.9
128 45.95
129 46.1
130 46.75
131 46.8
132 47.2
133 47.35
134 47.45
135 48.15
136 48.75
137 48.95
138 49.0
139 49.0
140 49.3
141 49.6
142 50.35
143 50.4
144 50.5
145 50.75
146 51.25
147 51.35
148 51.6
149 51.75
150 51.75
151 51.9
152 52.3
153 52.3
154 52.35
155 52.4
156 52.8
157 52.95
158 53.3
159 53.9
160 54.35
161 54.6
162 54.65
163 54.9
164 54.95
165 55.3
166 55.5
167 55.7
168 56.05
169 56.4
170 56.45
171 56.7
172 57.0
173 57.2
174 57.25
175 57.45
176 57.45
177 57.85
178 58.2
179 58.25
180 58.5
181 59.0
182 59.5
183 59.65
184 59.85
185 59.9
186 60.25
187 60.85
188 61.2
189 61.3
190 61.35
191 61.4
192 61.8
193 61.9
194 62.0
195 62.45
196 62.65
197 62.85
198 63.1
199 63.25
200 63.3
201 63.35
202 63.4
203 63.6
204 63.7
205 64.1
206 64.45
207 64.55
208 64.6
209 64.75
210 64.95
211 65.0
212 65.2
213 65.4
214 65.65
215 65.7
216 65.95
217 66.2
218 66.4
219 66.7
220 66.75
221 66.85
222 66.85
223 67.1
224 67.45
225 67.6
226 67.8
227 68.5
228 69.0
229 69.15
230 69.4
231 69.9
232 70.15
233 70.5
234 70.85
235 71.0
236 71.1
237 71.3
238 71.4
239 71.4
240 71.5
241 71.7
242 71.75
243 71.75
244 71.95
245 72.1
246 72.15
247 72.3
248 72.3
249 72.3
250 72.35
251 72.6
252 73.2
253 73.35
254 73.45
255 73.85
256 73.9
257 74.25
258 74.4
259 74.4
260 74.45
261 74.6
262 74.75
263 74.9
264 75.1
265 75.15
266 75.4
267 75.55
268 75.7
269 75.8
270 76.2
271 76.3
272 76.35
273 76.7
274 77.1
275 77.15
276 77.15
277 77.4
278 77.8
279 78.0
280 78.05
281 78.25
282 78.6
283 78.85
284 78.95
285 79.25
286 79.25
287 79.45
288 79.6
289 79.8
290 80.1
291 80.35
292 80.6
293 80.85
294 80.95
295 81.1
296 81.25
297 81.3
298 81.7
299 81.75
300 81.85
301 82.05
302 82.1
303 82.3
304 82.4
305 82.5
306 82.75
307 83.05
308 83.2
309 83.2
310 83.3
311 83.4
312 83.55
313 83.7
314 83.85
315 83.85
316 83.9
317 84.2
318 84.55
319 84.6
320 84.65
321 84.95
322 84.95
323 85.15
324 85.25
325 85.6
326 85.75
327 86.2
328 86.3
329 86.5
330 86.6
331 86.65
332 86.7
333 86.75
334 86.8
335 86.9
336 87.15
337 87.35
338 87.35
339 87.5
340 87.55
341 87.65
342 87.7
343 88.05
344 88.25
345 88.65
346 88.85
347 89.0
348 89.05
349 89.05
350 89.05
351 89.2
352 89.35
353 89.45
354 89.45
355 89.65
356 89.7
357 89.85
358 89.95
359 90.0
360 90.0
361 90.0
362 90.2
363 90.35
364 90.45
365 90.6
366 90.75
367 90.95
368 91.2
369 91.25
370 91.45
371 91.55
372 91.95
373 92.0
374 92.1
375 92.1
376 92.1
377 92.3
378 92.35
379 92.6
380 92.65
381 92.75
382 92.85
383 93.05
384 93.05
385 93.35
386 93.35
387 93.35
388 93.35
389 93.6
390 93.75
391 93.75
392 93.85
393 94.15
394 94.45
395 94.5
396 94.7
397 95.0
398 95.0
399 95.0
400 95.25
401 95.25
402 95.25
403 95.6
404 95.75
405 95.9
406 95.95
407 96.2
408 96.35
409 96.35
410 96.4
411 96.4
412 96.4
413 96.6
414 96.6
415 96.75
416 96.95
417 97.2
418 97.2
419 97.25
420 97.65
421 97.7
422 97.75
423 98.15
424 98.15
425 98.2
426 98.4
427 98.5
428 98.7
429 98.8
430 98.9
431 99.0
432 99.0
433 99.25
434 99.25
435 99.55
436 99.65
437 99.8
438 99.8
439 99.9
440 100.05
441 100.1
442 100.1
443 100.1
444 100.2
445 100.2
446 100.3
447 100.4
448 100.55
449 100.6
450 100.75
451 100.75
452 100.8
453 100.8
454 100.9
455 101.0
456 101.1
457 101.15
458 101.3
459 101.3
460 101.45
461 101.55
462 101.8
463 101.9
464 101.95
465 101.95
466 102.0
467 102.1
468 102.1
469 102.15
470 102.15
471 102.5
472 102.55
473 102.55
474 102.55
475 102.7
476 103.05
477 103.25
478 103.5
479 103.8
480 104.1
481 104.25
482 104.35
483 104.4
484 104.45
485 104.6
486 104.65
487 104.8
488 104.8
489 104.9
490 104.9
491 104.9
492 105.05
493 105.1
494 105.15
495 105.2
496 105.2
497 105.4
498 105.55
499 105.65
500 105.7
501 105.75
502 105.85
503 106.0
504 106.35
505 106.35
506 106.4
507 106.5
508 106.5
509 106.5
510 106.55
511 106.9
512 106.9
513 106.95
514 107.05
515 107.15
516 107.25
517 107.25
518 107.65
519 107.65
520 107.65
521 107.7
522 107.7
523 107.85
524 107.9
525 107.9
526 108.05
527 108.05
528 108.05
529 108.2
530 108.3
531 108.3
532 108.35
533 108.55
534 108.55
535 108.6
536 108.85
537 108.9
538 108.95
539 109.05
540 109.1
541 109.3
542 109.4
543 109.45
544 109.55
545 109.6
546 109.7
547 109.8
548 109.9
549 109.95
550 110.05
551 110.3
552 110.35
553 110.45
554 110.5
555 110.65
556 110.65
557 110.7
558 110.75
559 110.8
560 110.9
561 111.05
562 111.05
563 111.05
564 111.25
565 111.5
566 111.6
567 111.75
568 112.0
569 112.05
570 112.1
571 112.1
572 112.25
573 112.3
574 112.45
575 112.6
576 112.6
577 112.65
578 112.75
579 112.8
580 112.85
581 112.9
582 113.15
583 113.15
584 113.25
585 113.25
586 113.3
587 113.55
588 113.55
589 113.65
590 113.65
591 113.75
592 113.8
593 113.85
594 113.85
595 113.85
596 113.85
597 114.05
598 114.15
599 114.15
600 114.15
601 114.25
602 114.4
603 114.4
604 114.45
605 114.5
606 114.55
607 114.7
608 114.75
609 115.05
610 115.05
611 115.15
612 115.25
613 115.25
614 115.3
615 115.35
616 115.75
617 116.0
618 116.0
619 116.15
620 116.15
621 116.3
622 116.3
623 116.5
624 116.7
625 116.75
626 117.0
627 117.0
628 117.05
629 117.2
630 117.2
631 117.4
632 117.4
633 117.4
634 117.45
635 117.5
636 117.55
637 117.6
638 117.65
639 117.65
640 117.65
641 117.85
642 117.85
643 118.05
644 118.2
645 118.2
646 118.2
647 118.2
648 118.2
649 118.3
650 118.35
651 118.35
652 118.55
653 118.6
654 118.75
655 118.75
656 118.8
657 118.85
658 118.9
659 119.0
660 119.0
661 119.05
662 119.05
663 119.05
664 119.15
665 119.25
666 119.3
667 119.4
668 119.55
669 119.9
670 119.95
671 120.05
672 120.1
673 120.1
674 120.1
675 120.1
676 120.15
677 120.25
678 120.35
679 120.45
680 120.7
681 120.7
682 120.7
683 120.7
684 120.8
685 120.8
686 120.9
687 121.0
688 121.0
689 121.0
690 121.1
691 121.15
692 121.15
693 121.2
694 121.25
695 121.35
696 121.35
697 121.35
698 121.4
699 121.55
700 121.6
701 121.65
702 121.75
703 121.75
704 121.8
705 121.8
706 121.8
707 121.95
708 122.0
709 122.0
710 122.05
711 122.05
712 122.05
713 122.2
714 122.25
715 122.3
716 122.45
717 122.45
718 122.5
719 122.6
720 122.65
721 122.75
722 122.8
723 122.95
724 122.95
725 123.2
726 123.5
727 123.55
728 123.8
729 123.8
730 123.8
731 123.8
732 123.8
733 123.8
734 123.8
735 124.0
736 124.0
737 124.0
738 124.05
739 124.05
740 124.05
741 124.05
742 124.05
743 124.1
744 124.35
745 124.4
746 124.5
747 124.5
748 124.6
749 124.6
750 124.65
751 124.85
752 124.85
753 124.95
754 125.1
755 125.25
756 125.25
757 125.3
758 125.35
759 125.4
760 125.4
761 125.45
762 125.45
763 125.45
764 125.5
765 125.55
766 125.55
767 125.6
768 125.6
769 125.85
770 125.9
771 125.9
772 126.0
773 126.05
774 126.05
775 126.05
776 126.05
777 126.05
778 126.05
779 126.1
780 126.2
781 126.25
782 126.45
783 126.45
784 126.5
785 126.5
786 126.6
787 126.75
788 126.75
789 126.85
790 126.9
791 126.95
792 127.05
793 127.05
794 127.05
795 127.05
796 127.1
797 127.2
798 127.25
799 127.45
800 127.45
801 127.45
802 127.55
803 127.6
804 127.65
805 127.65
806 127.8
807 127.95
808 127.95
809 128.0
810 128.0
811 128.1
812 128.3
813 128.4
814 128.5
815 128.5
816 128.8
817 128.85
818 128.85
819 128.85
820 128.85
821 128.9
822 128.9
823 128.9
824 129.1
825 129.1
826 129.15
827 129.2
828 129.2
829 129.5
830 129.5
831 129.5
832 129.5
833 129.5
834 129.5
835 129.55
836 129.6
837 129.6
838 129.65
839 129.7
840 129.75
841 129.8
842 129.8
843 129.85
844 129.95
845 130.0
846 130.1
847 130.15
848 130.15
849 130.15
850 130.25
851 130.25
852 130.35
853 130.45
854 130.45
855 130.45
856 130.55
857 130.6
858 130.6
859 130.6
860 130.65
861 130.65
862 130.65
863 130.65
864 130.65
865 130.75
866 130.85
867 130.85
868 130.9
869 130.95
870 130.95
871 130.95
872 130.95
873 131.2
874 131.25
875 131.25
876 131.3
877 131.35
878 131.35
879 131.4
880 131.45
881 131.45
882 131.45
883 131.45
884 131.55
885 131.6
886 131.6
887 131.7
888 131.75
889 131.75
890 131.75
891 131.85
892 131.85
893 131.85
894 131.85
895 132.0
896 132.05
897 132.05
898 132.05
899 132.1
900 132.15
901 132.2
902 132.25
903 132.3
904 132.3
905 132.3
906 132.3
907 132.55
908 132.6
909 132.65
910 132.7
911 132.75
912 132.8
913 132.85
914 132.85
915 132.95
916 132.95
917 132.95
918 133.0
919 133.0
920 133.05
921 133.05
922 133.1
923 133.1
924 133.15
925 133.4
926 133.45
927 133.45
928 133.55
929 133.6
930 133.7
931 133.7
932 133.7
933 133.7
934 133.7
935 133.75
936 133.75
937 133.75
938 133.75
939 133.75
940 133.75
941 133.75
942 133.8
943 133.85
944 133.85
945 133.95
946 133.95
947 134.05
948 134.15
949 134.15
950 134.15
951 134.15
952 134.4
953 134.45
954 134.55
955 134.55
956 134.7
957 134.7
958 134.7
959 134.7
960 134.75
961 134.85
962 134.85
963 134.9
964 134.95
965 134.95
966 134.95
967 134.95
968 135.05
969 135.1
970 135.15
971 135.15
972 135.15
973 135.25
974 135.3
975 135.3
976 135.3
977 135.4
978 135.5
979 135.75
980 135.85
981 135.85
982 135.95
983 135.95
984 136.05
985 136.05
986 136.1
987 136.1
988 136.15
989 136.15
990 136.15
991 136.15
992 136.15
993 136.15
994 136.15
995 136.15
996 136.2
997 136.2
998 136.2
999 136.2
1000 136.3
1001 136.3
1002 136.3
1003 136.3
1004 136.45
1005 136.5
1006 136.5
1007 136.5
1008 136.5
1009 136.5
1010 136.55
1011 136.75
1012 136.8
1013 136.85
1014 136.9
1015 136.95
1016 136.95
1017 136.95
1018 136.95
1019 137.0
1020 137.2
1021 137.25
1022 137.25
1023 137.35
1024 137.4
1025 137.45
1026 137.6
1027 137.7
1028 137.85
1029 137.85
1030 137.85
1031 137.9
1032 138.05
1033 138.1
1034 138.1
1035 138.15
1036 138.15
1037 138.2
1038 138.2
1039 138.2
1040 138.2
1041 138.2
1042 138.2
1043 138.2
1044 138.25
1045 138.25
1046 138.25
1047 138.25
1048 138.3
1049 138.3
1050 138.35
1051 138.4
1052 138.4
1053 138.45
1054 138.45
1055 138.55
1056 138.65
1057 138.7
1058 138.7
1059 138.75
1060 138.9
1061 138.95
1062 138.95
1063 138.95
1064 139.05
1065 139.05
1066 139.15
1067 139.15
1068 139.25
1069 139.25
1070 139.3
1071 139.35
1072 139.35
1073 139.35
1074 139.5
1075 139.55
1076 139.55
1077 139.6
1078 139.65
1079 139.7
1080 139.7
1081 139.7
1082 139.7
1083 139.75
1084 139.75
1085 139.75
1086 139.75
1087 139.85
1088 139.85
1089 139.9
1090 139.9
1091 139.9
1092 139.95
1093 140.05
1094 140.05
1095 140.1
1096 140.15
1097 140.15
1098 140.2
1099 140.2
1100 140.35
1101 140.4
1102 140.45
1103 140.45
1104 140.45
1105 140.45
1106 140.5
1107 140.5
1108 140.55
1109 140.55
1110 140.6
1111 140.65
1112 140.65
1113 140.65
1114 140.75
1115 140.75
1116 140.75
1117 140.75
1118 140.75
1119 140.75
1120 140.75
1121 140.8
1122 140.95
1123 141.05
1124 141.15
1125 141.15
1126 141.15
1127 141.2
1128 141.2
1129 141.2
1130 141.3
1131 141.35
1132 141.35
1133 141.4
1134 141.5
1135 141.5
1136 141.6
1137 141.65
1138 141.7
1139 141.75
1140 141.8
1141 141.8
1142 141.8
1143 141.85
1144 141.85
1145 141.85
1146 141.85
1147 141.9
1148 141.9
1149 141.95
1150 142.05
1151 142.1
1152 142.15
1153 142.15
1154 142.15
1155 142.15
1156 142.25
1157 142.25
1158 142.3
1159 142.3
1160 142.3
1161 142.3
1162 142.35
1163 142.4
1164 142.45
1165 142.45
1166 142.45
1167 142.5
1168 142.7
1169 142.9
1170 142.9
1171 142.9
1172 142.9
1173 142.9
1174 142.9
1175 142.9
1176 142.9
1177 142.9
1178 143.05
1179 143.1
1180 143.1
1181 143.2
1182 143.2
1183 143.3
1184 143.3
1185 143.3
1186 143.3
1187 143.3
1188 143.3
1189 143.3
1190 143.3
1191 143.3
1192 143.5
1193 143.55
1194 143.7
1195 143.75
1196 143.75
1197 143.8
1198 143.85
1199 143.85
1200 143.85
1201 143.85
1202 143.85
1203 143.85
1204 143.85
1205 143.9
1206 143.9
1207 143.95
1208 143.95
1209 143.95
1210 143.95
1211 143.95
1212 143.95
1213 144.0
1214 144.1
1215 144.15
1216 144.15
1217 144.25
1218 144.25
1219 144.25
1220 144.25
1221 144.25
1222 144.3
1223 144.35
1224 144.35
1225 144.4
1226 144.4
1227 144.45
1228 144.45
1229 144.45
1230 144.45
1231 144.45
1232 144.5
1233 144.55
1234 144.65
1235 144.7
1236 144.7
1237 144.7
1238 144.7
1239 144.75
1240 144.85
1241 144.85
1242 144.85
1243 144.85
1244 144.9
1245 144.9
1246 144.9
1247 144.95
1248 144.95
1249 144.95
1250 144.95
1251 145.0
1252 145.1
1253 145.15
1254 145.25
1255 145.3
1256 145.3
1257 145.3
1258 145.35
1259 145.4
1260 145.5
1261 145.6
1262 145.6
1263 145.65
1264 145.65
1265 145.7
1266 145.75
1267 145.75
1268 145.8
1269 145.85
1270 145.9
1271 145.9
1272 145.9
1273 145.95
1274 146.0
1275 146.0
1276 146.1
1277 146.2
1278 146.25
1279 146.25
1280 146.35
1281 146.4
1282 146.4
1283 146.4
1284 146.45
1285 146.5
1286 146.5
1287 146.5
1288 146.5
1289 146.55
1290 146.6
1291 146.6
1292 146.65
1293 146.65
1294 146.7
1295 146.75
1296 146.75
1297 146.75
1298 146.8
1299 146.8
1300 146.8
1301 146.85
1302 146.95
1303 146.95
1304 146.95
1305 147.05
1306 147.15
1307 147.15
1308 147.2
1309 147.2
1310 147.2
1311 147.2
1312 147.2
1313 147.25
1314 147.25
1315 147.25
1316 147.25
1317 147.3
1318 147.3
1319 147.3
1320 147.3
1321 147.3
1322 147.45
1323 147.5
1324 147.55
1325 147.65
1326 147.75
1327 147.8
1328 147.8
1329 147.8
1330 147.85
1331 147.85
1332 148.0
1333 148.05
1334 148.05
1335 148.1
1336 148.1
1337 148.2
1338 148.2
1339 148.2
1340 148.3
1341 148.3
1342 148.35
1343 148.4
1344 148.4
1345 148.4
1346 148.4
1347 148.4
1348 148.4
1349 148.4
1350 148.4
1351 148.4
1352 148.4
1353 148.4
1354 148.45
1355 148.45
1356 148.45
1357 148.45
1358 148.5
1359 148.5
1360 148.5
1361 148.55
1362 148.55
1363 148.65
1364 148.65
1365 148.7
1366 148.7
1367 148.75
1368 148.85
1369 148.95
1370 148.95
1371 148.95
1372 149.0
1373 149.1
1374 149.1
1375 149.2
1376 149.2
1377 149.2
1378 149.2
1379 149.2
1380 149.25
1381 149.25
1382 149.25
1383 149.25
1384 149.3
1385 149.3
1386 149.3
1387 149.35
1388 149.4
1389 149.5
1390 149.55
1391 149.55
1392 149.55
1393 149.55
1394 149.6
1395 149.6
1396 149.6
1397 149.7
1398 149.8
1399 149.8
1400 149.8
1401 149.9
1402 149.9
1403 149.95
1404 150.15
1405 150.15
1406 150.2
1407 150.3
1408 150.3
1409 150.3
1410 150.3
1411 150.3
1412 150.3
1413 150.3
1414 150.35
1415 150.35
1416 150.35
1417 150.4
1418 150.4
1419 150.4
1420 150.45
1421 150.45
1422 150.45
1423 150.45
1424 150.55
1425 150.6
1426 150.7
1427 150.7
1428 150.7
1429 150.7
1430 150.7
1431 150.7
1432 150.7
1433 150.75
1434 150.8
1435 150.8
1436 150.8
1437 150.85
1438 151.0
1439 151.05
1440 151.05
1441 151.05
1442 151.05
1443 151.05
1444 151.1
1445 151.2
1446 151.25
1447 151.25
1448 151.3
1449 151.3
1450 151.35
1451 151.35
1452 151.45
1453 151.45
1454 151.45
1455 151.5
1456 151.5
1457 151.55
1458 151.6
1459 151.6
1460 151.6
1461 151.65
1462 151.65
1463 151.65
1464 151.65
1465 151.7
1466 151.7
1467 151.8
1468 151.85
1469 151.85
1470 151.9
1471 151.9
1472 151.9
1473 151.9
1474 151.9
1475 151.9
1476 151.9
1477 151.95
1478 151.95
1479 151.95
1480 151.95
1481 152.05
1482 152.05
1483 152.05
1484 152.1
1485 152.25
1486 152.25
1487 152.25
1488 152.25
1489 152.25
1490 152.3
1491 152.3
1492 152.35
1493 152.45
1494 152.45
1495 152.5
1496 152.5
1497 152.5
1498 152.5
1499 152.5
1500 152.55
1501 152.6
1502 152.65
1503 152.75
1504 152.75
1505 152.75
1506 152.95
1507 152.95
1508 152.95
1509 152.95
1510 152.95
1511 152.95
1512 153.1
1513 153.15
1514 153.2
1515 153.3
1516 153.35
1517 153.4
1518 153.45
1519 153.45
1520 153.45
1521 153.45
1522 153.45
1523 153.45
1524 153.5
1525 153.5
1526 153.5
1527 153.5
1528 153.5
1529 153.65
1530 153.65
1531 153.7
1532 153.75
1533 153.85
1534 153.85
1535 153.85
1536 153.85
1537 153.9
1538 154.05
1539 154.05
1540 154.05
1541 154.1
1542 154.1
1543 154.1
1544 154.15
1545 154.15
1546 154.15
1547 154.15
1548 154.15
1549 154.15
1550 154.2
1551 154.25
1552 154.25
1553 154.35
1554 154.35
1555 154.35
1556 154.35
1557 154.35
1558 154.35
1559 154.45
1560 154.45
1561 154.45
1562 154.45
1563 154.45
1564 154.45
1565 154.45
1566 154.45
1567 154.45
1568 154.45
1569 154.45
1570 154.45
1571 154.45
1572 154.45
1573 154.45
1574 154.55
1575 154.6
1576 154.6
1577 154.6
1578 154.6
1579 154.65
1580 154.65
1581 154.65
1582 154.65
1583 154.65
1584 154.75
1585 154.85
1586 154.95
1587 154.95
1588 155.0
1589 155.0
1590 155.1
1591 155.15
1592 155.2
1593 155.2
1594 155.2
1595 155.3
1596 155.35
1597 155.35
1598 155.35
1599 155.35
1600 155.4
1601 155.4
1602 155.4
1603 155.4
1604 155.5
1605 155.6
1606 155.6
1607 155.6
1608 155.6
1609 155.6
1610 155.7
1611 155.75
1612 155.75
1613 155.75
1614 155.75
1615 155.85
1616 155.85
1617 155.9
1618 155.95
1619 155.95
1620 155.95
1621 156.05
1622 156.1
1623 156.1
1624 156.1
1625 156.1
1626 156.1
1627 156.1
1628 156.1
1629 156.1
1630 156.1
1631 156.1
1632 156.15
1633 156.15
1634 156.15
1635 156.15
1636 156.2
1637 156.25
1638 156.25
1639 156.25
1640 156.3
1641 156.3
1642 156.4
1643 156.4
1644 156.45
1645 156.45
1646 156.45
1647 156.45
1648 156.45
1649 156.45
1650 156.45
1651 156.5
1652 156.5
1653 156.5
1654 156.5
1655 156.5
1656 156.55
1657 156.55
1658 156.6
1659 156.6
1660 156.6
1661 156.65
1662 156.65
1663 156.65
1664 156.65
1665 156.75
1666 156.75
1667 156.75
1668 156.75
1669 156.8
1670 156.8
1671 156.8
1672 156.8
1673 156.85
1674 156.85
1675 157.05
1676 157.05
1677 157.05
1678 157.1
1679 157.1
1680 157.15
1681 157.2
1682 157.2
1683 157.25
1684 157.3
1685 157.3
1686 157.3
1687 157.3
1688 157.3
1689 157.3
1690 157.3
1691 157.35
1692 157.35
1693 157.35
1694 157.35
1695 157.35
1696 157.35
1697 157.4
1698 157.45
1699 157.45
1700 157.45
1701 157.45
1702 157.5
1703 157.5
1704 157.6
1705 157.6
1706 157.6
1707 157.6
1708 157.6
1709 157.7
1710 157.7
1711 157.75
1712 157.75
1713 157.8
1714 157.8
1715 157.8
1716 157.85
1717 157.85
1718 157.85
1719 157.85
1720 157.85
1721 157.85
1722 157.9
1723 157.95
1724 157.95
1725 157.95
1726 158.05
1727 158.05
1728 158.05
1729 158.05
1730 158.05
1731 158.05
1732 158.15
1733 158.2
1734 158.2
1735 158.3
1736 158.35
1737 158.45
1738 158.5
1739 158.5
1740 158.5
1741 158.5
1742 158.5
1743 158.5
1744 158.5
1745 158.5
1746 158.5
1747 158.5
1748 158.5
1749 158.5
1750 158.55
1751 158.55
1752 158.55
1753 158.55
1754 158.55
1755 158.55
1756 158.55
1757 158.55
1758 158.6
1759 158.75
1760 158.75
1761 158.75
1762 158.85
1763 158.9
1764 159.0
1765 159.0
1766 159.05
1767 159.1
1768 159.1
1769 159.1
1770 159.1
1771 159.1
1772 159.1
1773 159.1
1774 159.15
1775 159.15
1776 159.15
1777 159.25
1778 159.25
1779 159.4
1780 159.45
1781 159.45
1782 159.45
1783 159.5
1784 159.5
1785 159.5
1786 159.55
1787 159.6
1788 159.65
1789 159.65
1790 159.65
1791 159.65
1792 159.65
1793 159.65
1794 159.65
1795 159.65
1796 159.7
1797 159.7
1798 159.7
1799 159.7
1800 159.7
1801 159.7
1802 159.7
1803 159.7
1804 159.7
1805 159.75
1806 159.75
1807 159.95
1808 160.0
1809 160.0
1810 160.0
1811 160.0
1812 160.0
1813 160.05
1814 160.1
1815 160.15
1816 160.25
1817 160.25
1818 160.25
1819 160.25
1820 160.25
1821 160.25
1822 160.25
1823 160.25
1824 160.25
1825 160.3
1826 160.3
1827 160.3
1828 160.3
1829 160.3
1830 160.4
1831 160.4
1832 160.4
1833 160.4
1834 160.45
1835 160.5
1836 160.5
1837 160.5
1838 160.5
1839 160.55
1840 160.6
1841 160.6
1842 160.6
1843 160.6
1844 160.6
1845 160.6
1846 160.6
1847 160.6
1848 160.6
1849 160.6
1850 160.6
1851 160.65
1852 160.65
1853 160.65
1854 160.7
1855 160.7
1856 160.7
1857 160.7
1858 160.7
1859 160.7
1860 160.7
1861 160.7
1862 160.75
1863 160.75
1864 160.75
1865 160.75
1866 160.8
1867 160.85
1868 160.85
1869 160.85
1870 160.85
1871 160.85
1872 160.85
1873 160.85
1874 160.85
1875 160.85
1876 160.85
1877 160.9
1878 160.95
1879 160.95
1880 160.95
1881 160.95
1882 161.0
1883 161.0
1884 161.1
1885 161.1
1886 161.1
1887 161.1
1888 161.2
1889 161.2
1890 161.25
1891 161.25
1892 161.25
1893 161.25
1894 161.3
1895 161.3
1896 161.3
1897 161.3
1898 161.3
1899 161.3
1900 161.3
1901 161.35
1902 161.35
1903 161.35
1904 161.35
1905 161.35
1906 161.4
1907 161.4
1908 161.5
1909 161.5
1910 161.55
1911 161.6
1912 161.6
1913 161.6
1914 161.6
1915 161.7
1916 161.7
1917 161.7
1918 161.75
1919 161.8
1920 161.85
1921 161.85
1922 161.95
1923 162.0
1924 162.0
1925 162.0
1926 162.0
1927 162.0
1928 162.0
1929 162.05
1930 162.05
1931 162.1
1932 162.1
1933 162.1
1934 162.1
1935 162.1
1936 162.1
1937 162.15
1938 162.15
1939 162.15
1940 162.15
1941 162.15
1942 162.25
1943 162.3
1944 162.3
1945 162.3
1946 162.3
1947 162.3
1948 162.3
1949 162.35
1950 162.35
1951 162.45
1952 162.5
1953 162.5
1954 162.55
1955 162.6
1956 162.6
1957 162.6
1958 162.6
1959 162.65
1960 162.7
1961 162.8
1962 162.85
1963 162.85
1964 162.85
1965 162.85
1966 162.9
1967 162.95
1968 163.0
1969 163.0
1970 163.05
1971 163.1
1972 163.15
1973 163.15
1974 163.15
1975 163.2
1976 163.3
1977 163.3
1978 163.35
1979 163.4
1980 163.4
1981 163.4
1982 163.45
1983 163.45
1984 163.45
1985 163.45
1986 163.45
1987 163.45
1988 163.5
1989 163.5
1990 163.55
1991 163.55
1992 163.55
1993 163.55
1994 163.6
1995 163.65
1996 163.7
1997 163.7
1998 163.8
1999 163.8
2000 163.8
2001 163.8
2002 163.85
2003 163.85
2004 163.85
2005 163.9
2006 163.9
2007 163.9
2008 163.9
2009 163.9
2010 163.9
2011 163.95
2012 163.95
2013 163.95
2014 164.1
2015 164.2
2016 164.2
2017 164.2
2018 164.2
2019 164.2
2020 164.2
2021 164.2
2022 164.25
2023 164.25
2024 164.35
2025 164.35
2026 164.4
2027 164.4
2028 164.4
2029 164.4
2030 164.4
2031 164.45
2032 164.5
2033 164.5
2034 164.5
2035 164.5
2036 164.5
2037 164.5
2038 164.55
2039 164.55
2040 164.55
2041 164.55
2042 164.55
2043 164.65
2044 164.65
2045 164.65
2046 164.65
2047 164.7
2048 164.75
2049 164.75
2050 164.8
2051 164.8
2052 164.8
2053 164.8
2054 164.85
2055 164.9
2056 164.9
2057 164.9
2058 164.9
2059 164.9
2060 164.9
2061 164.9
2062 164.9
2063 164.95
2064 164.95
2065 164.95
2066 164.95
2067 164.95
2068 164.95
2069 164.95
2070 164.95
2071 164.95
2072 164.95
2073 164.95
2074 164.95
2075 165.0
2076 165.05
2077 165.05
2078 165.1
2079 165.1
2080 165.1
2081 165.1
2082 165.1
2083 165.1
2084 165.1
2085 165.1
2086 165.1
2087 165.1
2088 165.1
2089 165.2
2090 165.25
2091 165.25
2092 165.25
2093 165.25
2094 165.25
2095 165.35
2096 165.35
2097 165.35
2098 165.35
2099 165.35
2100 165.35
2101 165.35
2102 165.35
2103 165.35
2104 165.4
2105 165.4
2106 165.4
2107 165.4
2108 165.4
2109 165.4
2110 165.4
2111 165.4
2112 165.4
2113 165.4
2114 165.4
2115 165.45
2116 165.45
2117 165.45
2118 165.5
2119 165.6
2120 165.6
2121 165.6
2122 165.6
2123 165.6
2124 165.6
2125 165.6
2126 165.6
2127 165.6
2128 165.6
2129 165.65
2130 165.8
2131 165.85
2132 165.95
2133 165.95
2134 165.95
2135 165.95
2136 166.0
2137 166.0
2138 166.0
2139 166.0
2140 166.0
2141 166.0
2142 166.05
2143 166.1
2144 166.15
2145 166.15
2146 166.2
2147 166.25
2148 166.25
2149 166.25
2150 166.3
2151 166.3
2152 166.35
2153 166.4
2154 166.4
2155 166.4
2156 166.4
2157 166.4
2158 166.4
2159 166.45
2160 166.45
2161 166.45
2162 166.45
2163 166.55
2164 166.55
2165 166.55
2166 166.55
2167 166.55
2168 166.55
2169 166.6
2170 166.6
2171 166.6
2172 166.6
2173 166.6
2174 166.6
2175 166.65
2176 166.65
2177 166.65
2178 166.65
2179 166.65
2180 166.7
2181 166.7
2182 166.7
2183 166.7
2184 166.7
2185 166.75
2186 166.8
2187 166.8
2188 166.8
2189 166.9
2190 166.9
2191 166.95
2192 167.0
2193 167.05
2194 167.05
2195 167.05
2196 167.05
2197 167.05
2198 167.05
2199 167.05
2200 167.05
2201 167.05
2202 167.1
2203 167.1
2204 167.1
2205 167.1
2206 167.1
2207 167.1
2208 167.1
2209 167.1
2210 167.1
2211 167.1
2212 167.1
2213 167.1
2214 167.15
2215 167.15
2216 167.2
2217 167.2
2218 167.2
2219 167.25
2220 167.25
2221 167.25
2222 167.25
2223 167.3
2224 167.3
2225 167.35
2226 167.4
2227 167.4
2228 167.4
2229 167.4
2230 167.4
2231 167.4
2232 167.45
2233 167.45
2234 167.45
2235 167.45
2236 167.55
2237 167.65
2238 167.65
2239 167.65
2240 167.65
2241 167.65
2242 167.75
2243 167.85
2244 167.85
2245 167.85
2246 167.9
2247 167.9
2248 167.9
2249 167.95
2250 167.95
2251 168.05
2252 168.05
2253 168.05
2254 168.15
2255 168.15
2256 168.15
2257 168.15
2258 168.15
2259 168.15
2260 168.2
2261 168.2
2262 168.2
2263 168.2
2264 168.2
2265 168.25
2266 168.25
2267 168.25
2268 168.25
2269 168.25
2270 168.3
2271 168.3
2272 168.3
2273 168.35
2274 168.35
2275 168.4
2276 168.4
2277 168.4
2278 168.45
2279 168.45
2280 168.45
2281 168.45
2282 168.5
2283 168.55
2284 168.55
2285 168.6
2286 168.6
2287 168.65
2288 168.65
2289 168.65
2290 168.65
2291 168.7
2292 168.7
2293 168.7
2294 168.7
2295 168.7
2296 168.75
2297 168.8
2298 168.85
2299 168.95
2300 169.0
2301 169.0
2302 169.0
2303 169.1
2304 169.1
2305 169.1
2306 169.1
2307 169.1
2308 169.1
2309 169.15
2310 169.15
2311 169.15
2312 169.15
2313 169.15
2314 169.15
2315 169.15
2316 169.15
2317 169.15
2318 169.15
2319 169.15
2320 169.15
2321 169.15
2322 169.15
2323 169.15
2324 169.15
2325 169.2
2326 169.2
2327 169.2
2328 169.2
2329 169.2
2330 169.25
2331 169.25
2332 169.25
2333 169.25
2334 169.25
2335 169.25
2336 169.35
2337 169.35
2338 169.35
2339 169.35
2340 169.4
2341 169.4
2342 169.4
2343 169.4
2344 169.4
2345 169.4
2346 169.4
2347 169.4
2348 169.4
2349 169.4
2350 169.4
2351 169.4
2352 169.45
2353 169.5
2354 169.55
2355 169.55
2356 169.55
2357 169.6
2358 169.6
2359 169.6
2360 169.6
2361 169.6
2362 169.6
2363 169.6
2364 169.6
2365 169.6
2366 169.6
2367 169.6
2368 169.65
2369 169.65
2370 169.7
2371 169.7
2372 169.7
2373 169.7
2374 169.75
2375 169.75
2376 169.75
2377 169.75
2378 169.75
2379 169.75
2380 169.75
2381 169.8
2382 169.8
2383 169.8
2384 169.85
2385 169.85
2386 169.85
2387 169.85
2388 169.85
2389 169.9
2390 169.95
2391 169.95
2392 169.95
2393 169.95
2394 169.95
2395 169.95
2396 169.95
2397 169.95
2398 170.05
2399 170.05
2400 170.05
2401 170.1
2402 170.1
2403 170.2
2404 170.25
2405 170.25
2406 170.25
2407 170.3
2408 170.35
2409 170.4
2410 170.4
2411 170.45
2412 170.45
2413 170.45
2414 170.45
2415 170.45
2416 170.45
2417 170.5
2418 170.55
2419 170.55
2420 170.55
2421 170.55
2422 170.55
2423 170.6
2424 170.6
2425 170.6
2426 170.6
2427 170.6
2428 170.6
2429 170.6
2430 170.6
2431 170.65
2432 170.65
2433 170.65
2434 170.65
2435 170.65
2436 170.65
2437 170.65
2438 170.65
2439 170.65
2440 170.65
2441 170.7
2442 170.7
2443 170.75
2444 170.8
2445 170.85
2446 170.85
2447 170.85
2448 170.85
2449 170.85
2450 170.9
2451 170.9
2452 170.9
2453 170.9
2454 170.9
2455 170.95
2456 170.95
2457 170.95
2458 170.95
2459 171.0
2460 171.0
2461 171.0
2462 171.0
2463 171.0
2464 171.0
2465 171.0
2466 171.05
2467 171.05
2468 171.1
2469 171.2
2470 171.2
2471 171.2
2472 171.2
2473 171.2
2474 171.2
2475 171.2
2476 171.25
2477 171.25
2478 171.25
2479 171.3
2480 171.3
2481 171.3
2482 171.3
2483 171.35
2484 171.35
2485 171.35
2486 171.35
2487 171.35
2488 171.4
2489 171.45
2490 171.45
2491 171.45
2492 171.45
2493 171.45
2494 171.45
2495 171.45
2496 171.5
2497 171.5
2498 171.55
2499 171.55
2500 171.55
2501 171.55
2502 171.55
2503 171.55
2504 171.55
2505 171.55
2506 171.55
2507 171.55
2508 171.6
2509 171.6
2510 171.6
2511 171.65
2512 171.7
2513 171.7
2514 171.7
2515 171.75
2516 171.75
2517 171.75
2518 171.75
2519 171.75
2520 171.8
2521 171.85
2522 171.85
2523 171.9
2524 171.9
2525 171.9
2526 171.9
2527 171.9
2528 171.9
2529 171.9
2530 171.9
2531 171.9
2532 171.9
2533 171.9
2534 171.9
2535 171.9
2536 171.95
2537 172.0
2538 172.05
2539 172.05
2540 172.05
2541 172.05
2542 172.1
2543 172.1
2544 172.15
2545 172.15
2546 172.15
2547 172.15
2548 172.25
2549 172.25
2550 172.25
2551 172.25
2552 172.25
2553 172.25
2554 172.25
2555 172.25
2556 172.25
2557 172.3
2558 172.3
2559 172.3
2560 172.3
2561 172.35
2562 172.35
2563 172.35
2564 172.4
2565 172.4
2566 172.5
2567 172.5
2568 172.5
2569 172.55
2570 172.55
2571 172.55
2572 172.55
2573 172.6
2574 172.65
2575 172.7
2576 172.7
2577 172.75
2578 172.75
2579 172.75
2580 172.75
2581 172.75
2582 172.75
2583 172.75
2584 172.75
2585 172.75
2586 172.75
2587 172.8
2588 172.85
2589 172.85
2590 172.85
2591 172.9
2592 172.9
2593 172.95
2594 173.05
2595 173.05
2596 173.1
2597 173.1
2598 173.1
2599 173.1
2600 173.1
2601 173.1
2602 173.15
2603 173.15
2604 173.2
2605 173.25
2606 173.25
2607 173.3
2608 173.3
2609 173.3
2610 173.4
2611 173.4
2612 173.4
2613 173.4
2614 173.4
2615 173.55
2616 173.55
2617 173.55
2618 173.55
2619 173.55
2620 173.55
2621 173.55
2622 173.65
2623 173.65
2624 173.65
2625 173.65
2626 173.65
2627 173.65
2628 173.7
2629 173.75
2630 173.75
2631 173.75
2632 173.8
2633 173.8
2634 173.8
2635 173.8
2636 173.8
2637 173.85
2638 173.85
2639 173.85
2640 173.85
2641 173.85
2642 173.85
2643 173.85
2644 173.85
2645 173.9
2646 173.95
2647 174.05
2648 174.05
2649 174.05
2650 174.05
2651 174.05
2652 174.05
2653 174.05
2654 174.05
2655 174.05
2656 174.05
2657 174.05
2658 174.05
2659 174.05
2660 174.05
2661 174.05
2662 174.05
2663 174.05
2664 174.1
2665 174.15
2666 174.2
2667 174.2
2668 174.2
2669 174.25
2670 174.25
2671 174.25
2672 174.25
2673 174.25
2674 174.25
2675 174.25
2676 174.3
2677 174.35
2678 174.4
2679 174.4
2680 174.45
2681 174.45
2682 174.45
2683 174.45
2684 174.45
2685 174.45
2686 174.5
2687 174.5
2688 174.5
2689 174.5
2690 174.5
2691 174.5
2692 174.55
2693 174.55
2694 174.55
2695 174.6
2696 174.6
2697 174.7
2698 174.7
2699 174.7
2700 174.7
2701 174.7
2702 174.75
2703 174.75
2704 174.75
2705 174.75
2706 174.75
2707 174.75
2708 174.75
2709 174.75
2710 174.8
2711 174.8
2712 174.85
2713 174.85
2714 174.95
2715 174.95
2716 174.95
2717 174.95
2718 174.95
2719 174.95
2720 174.95
2721 174.95
2722 174.95
2723 174.95
2724 175.0
2725 175.1
2726 175.1
2727 175.1
2728 175.1
2729 175.1
2730 175.1
2731 175.15
2732 175.15
2733 175.15
2734 175.15
2735 175.2
2736 175.2
2737 175.25
2738 175.35
2739 175.35
2740 175.35
2741 175.35
2742 175.35
2743 175.35
2744 175.35
2745 175.35
2746 175.4
2747 175.4
2748 175.5
2749 175.5
2750 175.5
2751 175.5
2752 175.5
2753 175.5
2754 175.5
2755 175.5
2756 175.5
2757 175.5
2758 175.5
2759 175.6
2760 175.65
2761 175.65
2762 175.65
2763 175.7
2764 175.7
2765 175.7
2766 175.7
2767 175.7
2768 175.7
2769 175.7
2770 175.7
2771 175.7
2772 175.7
2773 175.7
2774 175.7
2775 175.7
2776 175.7
2777 175.75
2778 175.85
2779 175.85
2780 175.85
2781 175.85
2782 175.85
2783 175.85
2784 175.85
2785 175.9
2786 175.9
2787 175.9
2788 175.95
2789 175.95
2790 175.95
2791 175.95
2792 175.95
2793 175.95
2794 176.0
2795 176.05
2796 176.05
2797 176.05
2798 176.05
2799 176.05
2800 176.05
2801 176.15
2802 176.15
2803 176.2
2804 176.2
2805 176.2
2806 176.2
2807 176.25
2808 176.25
2809 176.25
2810 176.25
2811 176.25
2812 176.25
2813 176.25
2814 176.25
2815 176.25
2816 176.25
2817 176.25
2818 176.3
2819 176.3
2820 176.3
2821 176.3
2822 176.3
2823 176.3
2824 176.3
2825 176.35
2826 176.35
2827 176.35
2828 176.35
2829 176.35
2830 176.35
2831 176.35
2832 176.35
2833 176.35
2834 176.35
2835 176.45
2836 176.45
2837 176.45
2838 176.45
2839 176.45
2840 176.45
2841 176.45
2842 176.45
2843 176.45
2844 176.45
2845 176.45
2846 176.45
2847 176.45
2848 176.45
2849 176.45
2850 176.45
2851 176.5
2852 176.5
2853 176.5
2854 176.5
2855 176.5
2856 176.5
2857 176.55
2858 176.55
2859 176.55
2860 176.6
2861 176.6
2862 176.65
2863 176.65
2864 176.65
2865 176.7
2866 176.7
2867 176.7
2868 176.7
2869 176.7
2870 176.75
2871 176.8
2872 176.8
2873 176.85
2874 176.85
2875 176.85
2876 176.9
2877 176.9
2878 176.9
2879 176.9
2880 176.9
2881 177.05
2882 177.1
2883 177.1
2884 177.1
2885 177.2
2886 177.2
2887 177.2
2888 177.2
2889 177.2
2890 177.2
2891 177.2
2892 177.2
2893 177.2
2894 177.25
2895 177.25
2896 177.3
2897 177.3
2898 177.3
2899 177.3
2900 177.3
2901 177.3
2902 177.3
2903 177.3
2904 177.3
2905 177.3
2906 177.35
2907 177.45
2908 177.5
2909 177.5
2910 177.5
2911 177.5
2912 177.55
2913 177.55
2914 177.55
2915 177.6
2916 177.6
2917 177.65
2918 177.7
2919 177.7
2920 177.7
2921 177.7
2922 177.8
2923 177.8
2924 177.8
2925 177.8
2926 177.8
2927 177.85
2928 177.85
2929 177.9
2930 177.9
2931 177.9
2932 177.9
2933 177.95
2934 178.0
2935 178.05
2936 178.05
2937 178.05
2938 178.05
2939 178.05
2940 178.05
2941 178.05
2942 178.05
2943 178.05
2944 178.05
2945 178.05
2946 178.05
2947 178.05
2948 178.05
2949 178.05
2950 178.05
2951 178.05
2952 178.1
2953 178.1
2954 178.1
2955 178.1
2956 178.1
2957 178.1
2958 178.1
2959 178.1
2960 178.1
2961 178.1
2962 178.1
2963 178.1
2964 178.1
2965 178.15
2966 178.15
2967 178.15
2968 178.15
2969 178.15
2970 178.15
2971 178.15
2972 178.2
2973 178.2
2974 178.2
2975 178.2
2976 178.2
2977 178.2
2978 178.25
2979 178.25
2980 178.25
2981 178.25
2982 178.25
2983 178.25
2984 178.25
2985 178.25
2986 178.3
2987 178.3
2988 178.3
2989 178.35
2990 178.4
2991 178.4
2992 178.4
2993 178.4
2994 178.4
2995 178.4
2996 178.4
2997 178.4
2998 178.5
2999 178.5
3000 178.5
3001 178.5
3002 178.5
3003 178.5
3004 178.5
3005 178.5
3006 178.5
3007 178.5
3008 178.5
3009 178.55
3010 178.55
3011 178.65
3012 178.65
3013 178.65
3014 178.75
3015 178.8
3016 178.8
3017 178.8
3018 178.8
3019 178.8
3020 178.8
3021 178.8
3022 178.8
3023 178.8
3024 178.85
3025 178.85
3026 178.85
3027 178.9
3028 178.9
3029 178.9
3030 178.9
3031 178.9
3032 178.9
3033 178.9
3034 178.9
3035 178.9
3036 178.9
3037 178.9
3038 178.9
3039 178.9
3040 178.9
3041 178.9
3042 178.95
3043 178.95
3044 178.95
3045 178.95
3046 178.95
3047 178.95
3048 178.95
3049 178.95
3050 178.95
3051 178.95
3052 178.95
3053 178.95
3054 178.95
3055 178.95
3056 178.95
3057 179.05
3058 179.05
3059 179.05
3060 179.05
3061 179.05
3062 179.05
3063 179.15
3064 179.15
3065 179.15
3066 179.15
3067 179.15
3068 179.15
3069 179.15
3070 179.2
3071 179.2
3072 179.2
3073 179.2
3074 179.2
3075 179.2
3076 179.2
3077 179.2
3078 179.2
3079 179.2
3080 179.2
3081 179.2
3082 179.3
3083 179.35
3084 179.35
3085 179.35
3086 179.45
3087 179.45
3088 179.45
3089 179.45
3090 179.45
3091 179.45
3092 179.45
3093 179.45
3094 179.5
3095 179.5
3096 179.5
3097 179.5
3098 179.5
3099 179.5
3100 179.5
3101 179.5
3102 179.55
3103 179.55
3104 179.55
3105 179.55
3106 179.55
3107 179.6
3108 179.6
3109 179.6
3110 179.6
3111 179.6
3112 179.7
3113 179.7
3114 179.7
3115 179.7
3116 179.7
3117 179.7
3118 179.7
3119 179.7
3120 179.7
3121 179.7
3122 179.7
3123 179.7
3124 179.7
3125 179.7
3126 179.7
3127 179.75
3128 179.75
3129 179.8
3130 179.85
3131 179.85
3132 179.85
3133 179.85
3134 179.85
3135 179.9
3136 179.9
3137 179.9
3138 179.9
3139 179.9
3140 179.9
3141 179.9
3142 179.95
3143 179.95
3144 179.95
3145 180.0
3146 180.0
3147 180.0
3148 180.0
3149 180.0
3150 180.0
3151 180.0
3152 180.0
3153 180.0
3154 180.0
3155 180.0
3156 180.0
3157 180.0
3158 180.0
3159 180.0
3160 180.0
3161 180.0
3162 180.0
3163 180.0
3164 180.05
3165 180.05
3166 180.05
3167 180.05
3168 180.05
3169 180.05
3170 180.05
3171 180.05
3172 180.05
3173 180.05
3174 180.05
3175 180.05
3176 180.05
3177 180.05
3178 180.05
3179 180.05
3180 180.05
3181 180.05
3182 180.05
3183 180.05
3184 180.05
3185 180.05
3186 180.05
3187 180.05
3188 180.05
3189 180.05
3190 180.05
3191 180.05
3192 180.05
3193 180.1
3194 180.1
3195 180.1
3196 180.1
3197 180.1
3198 180.1
3199 180.1
3200 180.15
3201 180.2
3202 180.2
3203 180.2
3204 180.25
3205 180.25
3206 180.35
3207 180.35
3208 180.35
3209 180.35
3210 180.35
3211 180.35
3212 180.35
3213 180.4
3214 180.45
3215 180.45
3216 180.45
3217 180.45
3218 180.45
3219 180.45
3220 180.45
3221 180.45
3222 180.45
3223 180.45
3224 180.45
3225 180.45
3226 180.45
3227 180.45
3228 180.5
3229 180.5
3230 180.55
3231 180.55
3232 180.55
3233 180.55
3234 180.55
3235 180.55
3236 180.55
3237 180.55
3238 180.55
3239 180.55
3240 180.55
3241 180.7
3242 180.7
3243 180.75
3244 180.75
3245 180.75
3246 180.75
3247 180.85
3248 180.9
3249 180.9
3250 180.9
3251 180.9
3252 180.9
3253 180.9
3254 180.9
3255 180.9
3256 180.9
3257 180.9
3258 180.9
3259 181.0
3260 181.0
3261 181.05
3262 181.05
3263 181.05
3264 181.05
3265 181.05
3266 181.05
3267 181.1
3268 181.1
3269 181.1
3270 181.15
3271 181.2
3272 181.2
3273 181.2
3274 181.2
3275 181.2
3276 181.2
3277 181.2
3278 181.2
3279 181.2
3280 181.2
3281 181.2
3282 181.25
3283 181.25
3284 181.25
3285 181.3
3286 181.3
3287 181.3
3288 181.3
3289 181.3
3290 181.35
3291 181.35
3292 181.35
3293 181.35
3294 181.35
3295 181.4
3296 181.4
3297 181.4
3298 181.4
3299 181.45
3300 181.45
3301 181.45
3302 181.5
3303 181.5
3304 181.5
3305 181.55
3306 181.6
3307 181.6
3308 181.6
3309 181.6
3310 181.6
3311 181.6
3312 181.6
3313 181.6
3314 181.6
3315 181.6
3316 181.6
3317 181.6
3318 181.6
3319 181.6
3320 181.6
3321 181.6
3322 181.6
3323 181.6
3324 181.65
3325 181.7
3326 181.7
3327 181.7
3328 181.7
3329 181.7
3330 181.7
3331 181.7
3332 181.7
3333 181.7
3334 181.7
3335 181.7
3336 181.75
3337 181.75
3338 181.75
3339 181.75
3340 181.75
3341 181.75
3342 181.75
3343 181.75
3344 181.8
3345 181.9
3346 181.9
3347 181.9
3348 181.9
3349 181.9
3350 181.95
3351 182.0
3352 182.0
3353 182.0
3354 182.0
3355 182.0
3356 182.0
3357 182.1
3358 182.1
3359 182.1
3360 182.2
3361 182.2
3362 182.2
3363 182.2
3364 182.2
3365 182.2
3366 182.2
3367 182.2
3368 182.2
3369 182.2
3370 182.2
3371 182.2
3372 182.2
3373 182.25
3374 182.25
3375 182.25
3376 182.25
3377 182.25
3378 182.25
3379 182.25
3380 182.3
3381 182.3
3382 182.3
3383 182.3
3384 182.3
3385 182.3
3386 182.3
3387 182.3
3388 182.3
3389 182.3
3390 182.3
3391 182.3
3392 182.3
3393 182.35
3394 182.35
3395 182.35
3396 182.4
3397 182.4
3398 182.45
3399 182.45
3400 182.45
3401 182.45
3402 182.45
3403 182.45
3404 182.45
3405 182.5
3406 182.5
3407 182.5
3408 182.5
3409 182.5
3410 182.55
3411 182.6
3412 182.65
3413 182.65
3414 182.65
3415 182.65
3416 182.65
3417 182.65
3418 182.65
3419 182.7
3420 182.7
3421 182.7
3422 182.7
3423 182.7
3424 182.7
3425 182.7
3426 182.7
3427 182.7
3428 182.7
3429 182.7
3430 182.7
3431 182.7
3432 182.7
3433 182.7
3434 182.7
3435 182.7
3436 182.7
3437 182.7
3438 182.7
3439 182.7
3440 182.7
3441 182.7
3442 182.7
3443 182.7
3444 182.75
3445 182.75
3446 182.75
3447 182.75
3448 182.75
3449 182.75
3450 182.75
3451 182.75
3452 182.8
3453 182.8
3454 182.8
3455 182.8
3456 182.8
3457 182.8
3458 182.8
3459 182.85
3460 182.85
3461 182.85
3462 182.85
3463 182.85
3464 182.85
3465 182.85
3466 182.9
3467 183.0
3468 183.0
3469 183.0
3470 183.05
3471 183.05
3472 183.05
3473 183.05
3474 183.05
3475 183.05
3476 183.05
3477 183.05
3478 183.05
3479 183.05
3480 183.05
3481 183.05
3482 183.1
3483 183.15
3484 183.15
3485 183.15
3486 183.15
3487 183.15
3488 183.15
3489 183.15
3490 183.15
3491 183.15
3492 183.2
3493 183.2
3494 183.2
3495 183.25
3496 183.25
3497 183.25
3498 183.25
3499 183.25
3500 183.25
3501 183.25
3502 183.25
3503 183.25
3504 183.25
3505 183.25
3506 183.25
3507 183.25
3508 183.25
3509 183.25
3510 183.25
3511 183.25
3512 183.3
3513 183.3
3514 183.3
3515 183.35
3516 183.35
3517 183.35
3518 183.35
3519 183.35
3520 183.4
3521 183.4
3522 183.4
3523 183.4
3524 183.4
3525 183.4
3526 183.4
3527 183.45
3528 183.45
3529 183.45
3530 183.45
3531 183.45
3532 183.45
3533 183.45
3534 183.45
3535 183.5
3536 183.55
3537 183.6
3538 183.6
3539 183.6
3540 183.6
3541 183.6
3542 183.6
3543 183.6
3544 183.6
3545 183.6
3546 183.6
3547 183.6
3548 183.6
3549 183.65
3550 183.65
3551 183.65
3552 183.65
3553 183.7
3554 183.7
3555 183.75
3556 183.75
3557 183.75
3558 183.75
3559 183.75
3560 183.75
3561 183.75
3562 183.75
3563 183.75
3564 183.75
3565 183.8
3566 183.8
3567 183.8
3568 183.8
3569 183.8
3570 183.8
3571 183.8
3572 183.8
3573 183.8
3574 183.85
3575 183.85
3576 183.85
3577 183.85
3578 183.85
3579 183.85
3580 183.85
3581 183.85
3582 183.9
3583 183.9
3584 183.9
3585 183.9
3586 183.9
3587 183.95
3588 183.95
3589 183.95
3590 184.0
3591 184.0
3592 184.0
3593 184.0
3594 184.0
3595 184.0
3596 184.0
3597 184.05
3598 184.05
3599 184.05
3600 184.05
3601 184.05
3602 184.05
3603 184.05
3604 184.05
3605 184.05
3606 184.05
3607 184.05
3608 184.05
3609 184.05
3610 184.05
3611 184.05
3612 184.05
3613 184.1
3614 184.15
3615 184.2
3616 184.2
3617 184.2
3618 184.2
3619 184.2
3620 184.2
3621 184.2
3622 184.2
3623 184.2
3624 184.2
3625 184.2
3626 184.2
3627 184.2
3628 184.2
3629 184.2
3630 184.2
3631 184.2
3632 184.2
3633 184.2
3634 184.2
3635 184.2
3636 184.2
3637 184.2
3638 184.2
3639 184.2
3640 184.2
3641 184.2
3642 184.2
3643 184.25
3644 184.25
3645 184.25
3646 184.25
3647 184.25
3648 184.25
3649 184.25
3650 184.3
3651 184.3
3652 184.3
3653 184.3
3654 184.35
3655 184.35
3656 184.35
3657 184.4
3658 184.4
3659 184.4
3660 184.45
3661 184.45
3662 184.55
3663 184.55
3664 184.55
3665 184.55
3666 184.55
3667 184.55
3668 184.55
3669 184.55
3670 184.55
3671 184.6
3672 184.6
3673 184.6
3674 184.6
3675 184.6
3676 184.65
3677 184.65
3678 184.65
3679 184.65
3680 184.65
3681 184.65
3682 184.65
3683 184.65
3684 184.65
3685 184.65
3686 184.7
3687 184.7
3688 184.7
3689 184.7
3690 184.7
3691 184.7
3692 184.7
3693 184.7
3694 184.7
3695 184.7
3696 184.7
3697 184.75
3698 184.75
3699 184.8
3700 184.8
3701 184.8
3702 184.8
3703 184.8
3704 184.85
3705 184.85
3706 184.85
3707 184.85
3708 184.85
3709 184.85
3710 184.9
3711 184.9
3712 184.9
3713 184.9
3714 184.9
3715 184.9
3716 184.9
3717 184.9
3718 184.9
3719 184.9
3720 184.9
3721 184.9
3722 184.9
3723 184.9
3724 184.9
3725 184.95
3726 184.95
3727 185.0
3728 185.0
3729 185.05
3730 185.05
3731 185.05
3732 185.05
3733 185.05
3734 185.05
3735 185.05
3736 185.05
3737 185.05
3738 185.05
3739 185.05
3740 185.05
3741 185.05
3742 185.05
3743 185.05
3744 185.1
3745 185.15
3746 185.2
3747 185.2
3748 185.2
3749 185.2
3750 185.2
3751 185.25
3752 185.25
3753 185.25
3754 185.25
3755 185.25
3756 185.25
3757 185.25
3758 185.25
3759 185.25
3760 185.25
3761 185.3
3762 185.3
3763 185.3
3764 185.3
3765 185.3
3766 185.3
3767 185.3
3768 185.3
3769 185.35
3770 185.35
3771 185.35
3772 185.35
3773 185.35
3774 185.35
3775 185.35
3776 185.35
3777 185.35
3778 185.35
3779 185.35
3780 185.35
3781 185.35
3782 185.35
3783 185.35
3784 185.45
3785 185.45
3786 185.45
3787 185.45
3788 185.45
3789 185.45
3790 185.45
3791 185.45
3792 185.45
3793 185.45
3794 185.45
3795 185.45
3796 185.45
3797 185.45
3798 185.45
3799 185.45
3800 185.45
3801 185.45
3802 185.45
3803 185.55
3804 185.55
3805 185.6
3806 185.6
3807 185.6
3808 185.6
3809 185.6
3810 185.6
3811 185.65
3812 185.65
3813 185.65
3814 185.65
3815 185.7
3816 185.75
3817 185.8
3818 185.8
3819 185.8
3820 185.8
3821 185.8
3822 185.8
3823 185.85
3824 185.85
3825 185.85
3826 185.85
3827 185.85
3828 185.85
3829 185.85
3830 185.85
3831 185.85
3832 185.9
3833 185.9
3834 185.9
3835 185.9
3836 185.9
3837 185.9
3838 185.95
3839 185.95
3840 185.95
3841 185.95
3842 186.0
3843 186.0
3844 186.0
3845 186.0
3846 186.0
3847 186.0
3848 186.0
3849 186.0
3850 186.0
3851 186.0
3852 186.05
3853 186.05
3854 186.05
3855 186.05
3856 186.05
3857 186.1
3858 186.1
3859 186.1
3860 186.1
3861 186.1
3862 186.1
3863 186.1
3864 186.1
3865 186.1
3866 186.15
3867 186.15
3868 186.15
3869 186.15
3870 186.15
3871 186.15
3872 186.15
3873 186.15
3874 186.15
3875 186.15
3876 186.15
3877 186.15
3878 186.15
3879 186.15
3880 186.15
3881 186.15
3882 186.15
3883 186.15
3884 186.15
3885 186.15
3886 186.2
3887 186.2
3888 186.2
3889 186.2
3890 186.2
3891 186.2
3892 186.2
3893 186.2
3894 186.2
3895 186.2
3896 186.2
3897 186.2
3898 186.2
3899 186.2
3900 186.2
3901 186.25
3902 186.25
3903 186.25
3904 186.25
3905 186.25
3906 186.25
3907 186.25
3908 186.25
3909 186.25
3910 186.3
3911 186.3
3912 186.3
3913 186.3
3914 186.3
3915 186.3
3916 186.3
3917 186.3
3918 186.3
3919 186.3
3920 186.3
3921 186.3
3922 186.3
3923 186.3
3924 186.3
3925 186.3
3926 186.3
3927 186.3
3928 186.3
3929 186.3
3930 186.35
3931 186.4
3932 186.4
3933 186.4
3934 186.4
3935 186.4
3936 186.4
3937 186.45
3938 186.45
3939 186.45
3940 186.5
3941 186.5
3942 186.5
3943 186.5
3944 186.5
3945 186.5
3946 186.5
3947 186.5
3948 186.5
3949 186.5
3950 186.5
3951 186.5
3952 186.5
3953 186.5
3954 186.5
3955 186.5
3956 186.5
3957 186.5
3958 186.5
3959 186.5
3960 186.5
3961 186.5
3962 186.5
3963 186.55
3964 186.55
3965 186.55
3966 186.65
3967 186.65
3968 186.65
3969 186.65
3970 186.7
3971 186.75
3972 186.75
3973 186.75
3974 186.8
3975 186.8
3976 186.8
3977 186.8
3978 186.8
3979 186.85
3980 186.85
3981 186.85
3982 186.85
3983 186.85
3984 186.85
3985 186.85
3986 186.85
3987 186.85
3988 186.85
3989 186.85
3990 186.85
3991 186.9
3992 186.9
3993 186.9
3994 186.9
3995 186.9
3996 186.9
3997 186.9
3998 186.9
3999 186.9
4000 186.9
4001 186.9
4002 186.95
4003 186.95
4004 186.95
4005 186.95
4006 187.0
4007 187.0
4008 187.0
4009 187.0
4010 187.05
4011 187.05
4012 187.05
4013 187.05
4014 187.05
4015 187.05
4016 187.05
4017 187.05
4018 187.1
4019 187.1
4020 187.1
4021 187.1
4022 187.1
4023 187.1
4024 187.1
4025 187.15
4026 187.15
4027 187.15
4028 187.2
4029 187.2
4030 187.2
4031 187.2
4032 187.2
4033 187.2
4034 187.2
4035 187.2
4036 187.2
4037 187.2
4038 187.2
4039 187.2
4040 187.2
4041 187.2
4042 187.25
4043 187.3
4044 187.3
4045 187.3
4046 187.3
4047 187.3
4048 187.3
4049 187.3
4050 187.3
4051 187.3
4052 187.3
4053 187.3
4054 187.3
4055 187.3
4056 187.3
4057 187.3
4058 187.3
4059 187.3
4060 187.3
4061 187.3
4062 187.35
4063 187.35
4064 187.35
4065 187.35
4066 187.35
4067 187.35
4068 187.35
4069 187.35
4070 187.35
4071 187.4
4072 187.4
4073 187.45
4074 187.45
4075 187.45
4076 187.45
4077 187.45
4078 187.45
4079 187.45
4080 187.45
4081 187.45
4082 187.45
4083 187.45
4084 187.45
4085 187.45
4086 187.45
4087 187.45
4088 187.45
4089 187.45
4090 187.45
4091 187.45
4092 187.45
4093 187.45
4094 187.45
4095 187.45
4096 187.45
4097 187.45
4098 187.45
4099 187.45
4100 187.45
4101 187.55
4102 187.55
4103 187.55
4104 187.55
4105 187.55
4106 187.55
4107 187.55
4108 187.55
4109 187.55
4110 187.55
4111 187.55
4112 187.55
4113 187.55
4114 187.55
4115 187.55
4116 187.55
4117 187.6
4118 187.65
4119 187.65
4120 187.65
4121 187.7
4122 187.7
4123 187.7
4124 187.7
4125 187.7
4126 187.7
4127 187.7
4128 187.7
4129 187.7
4130 187.75
4131 187.75
4132 187.75
4133 187.75
4134 187.75
4135 187.75
4136 187.75
4137 187.75
4138 187.75
4139 187.75
4140 187.75
4141 187.75
4142 187.75
4143 187.8
4144 187.8
4145 187.8
4146 187.8
4147 187.8
4148 187.8
4149 187.8
4150 187.8
4151 187.8
4152 187.8
4153 187.8
4154 187.9
4155 187.9
4156 187.9
4157 187.9
4158 187.9
4159 187.9
4160 187.95
4161 187.95
4162 187.95
4163 187.95
4164 187.95
4165 187.95
4166 187.95
4167 188.05
4168 188.05
4169 188.05
4170 188.05
4171 188.1
4172 188.1
4173 188.1
4174 188.1
4175 188.1
4176 188.1
4177 188.1
4178 188.1
4179 188.1
4180 188.1
4181 188.1
4182 188.1
4183 188.1
4184 188.1
4185 188.1
4186 188.1
4187 188.1
4188 188.1
4189 188.1
4190 188.1
4191 188.1
4192 188.1
4193 188.1
4194 188.15
4195 188.15
4196 188.15
4197 188.15
4198 188.15
4199 188.15
4200 188.2
4201 188.2
4202 188.2
4203 188.2
4204 188.2
4205 188.2
4206 188.2
4207 188.2
4208 188.2
4209 188.2
4210 188.2
4211 188.2
4212 188.2
4213 188.2
4214 188.2
4215 188.2
4216 188.2
4217 188.2
4218 188.2
4219 188.2
4220 188.2
4221 188.2
4222 188.2
4223 188.2
4224 188.2
4225 188.2
4226 188.2
4227 188.2
4228 188.2
4229 188.2
4230 188.2
4231 188.2
4232 188.2
4233 188.2
4234 188.2
4235 188.2
4236 188.2
4237 188.2
4238 188.2
4239 188.25
4240 188.25
4241 188.25
4242 188.3
4243 188.3
4244 188.3
4245 188.3
4246 188.3
4247 188.3
4248 188.3
4249 188.3
4250 188.3
4251 188.3
4252 188.3
4253 188.3
4254 188.3
4255 188.3
4256 188.35
4257 188.35
4258 188.35
4259 188.35
4260 188.35
4261 188.35
4262 188.35
4263 188.35
4264 188.35
4265 188.4
4266 188.4
4267 188.4
4268 188.45
4269 188.45
4270 188.45
4271 188.5
4272 188.5
4273 188.5
4274 188.5
4275 188.5
4276 188.55
4277 188.55
4278 188.55
4279 188.6
4280 188.6
4281 188.75
4282 188.8
4283 188.8
4284 188.8
4285 188.8
4286 188.8
4287 188.8
4288 188.8
4289 188.8
4290 188.85
4291 188.85
4292 188.9
4293 188.9
4294 188.9
4295 188.9
4296 188.95
4297 188.95
4298 188.95
4299 188.95
4300 188.95
4301 188.95
4302 188.95
4303 188.95
4304 188.95
4305 188.95
4306 188.95
4307 188.95
4308 188.95
4309 188.95
4310 188.95
4311 188.95
4312 189.0
4313 189.0
4314 189.0
4315 189.0
4316 189.0
4317 189.0
4318 189.0
4319 189.0
4320 189.0
4321 189.05
4322 189.05
4323 189.05
4324 189.05
4325 189.05
4326 189.1
4327 189.1
4328 189.1
4329 189.1
4330 189.1
4331 189.15
4332 189.15
4333 189.2
4334 189.2
4335 189.2
4336 189.2
4337 189.2
4338 189.2
4339 189.2
4340 189.2
4341 189.2
4342 189.2
4343 189.2
4344 189.2
4345 189.2
4346 189.2
4347 189.2
4348 189.2
4349 189.2
4350 189.2
4351 189.2
4352 189.2
4353 189.25
4354 189.25
4355 189.25
4356 189.25
4357 189.25
4358 189.25
4359 189.25
4360 189.25
4361 189.25
4362 189.25
4363 189.25
4364 189.25
4365 189.25
4366 189.25
4367 189.25
4368 189.25
4369 189.25
4370 189.25
4371 189.25
4372 189.25
4373 189.25
4374 189.25
4375 189.25
4376 189.3
4377 189.3
4378 189.3
4379 189.3
4380 189.3
4381 189.35
4382 189.35
4383 189.35
4384 189.35
4385 189.35
4386 189.35
4387 189.35
4388 189.35
4389 189.35
4390 189.35
4391 189.35
4392 189.35
4393 189.35
4394 189.35
4395 189.35
4396 189.4
4397 189.4
4398 189.4
4399 189.4
4400 189.4
4401 189.45
4402 189.45
4403 189.45
4404 189.45
4405 189.45
4406 189.45
4407 189.45
4408 189.45
4409 189.45
4410 189.45
4411 189.5
4412 189.5
4413 189.5
4414 189.5
4415 189.5
4416 189.5
4417 189.5
4418 189.5
4419 189.5
4420 189.5
4421 189.5
4422 189.5
4423 189.5
4424 189.5
4425 189.5
4426 189.5
4427 189.5
4428 189.55
4429 189.6
4430 189.6
4431 189.6
4432 189.6
4433 189.6
4434 189.6
4435 189.6
4436 189.6
4437 189.6
4438 189.6
4439 189.65
4440 189.65
4441 189.65
4442 189.65
4443 189.65
4444 189.65
4445 189.65
4446 189.65
4447 189.65
4448 189.65
4449 189.65
4450 189.65
4451 189.65
4452 189.65
4453 189.65
4454 189.65
4455 189.65
4456 189.65
4457 189.65
4458 189.65
4459 189.65
4460 189.65
4461 189.65
4462 189.65
4463 189.65
4464 189.65
4465 189.65
4466 189.7
4467 189.7
4468 189.7
4469 189.7
4470 189.7
4471 189.7
4472 189.7
4473 189.75
4474 189.75
4475 189.75
4476 189.75
4477 189.75
4478 189.75
4479 189.75
4480 189.75
4481 189.75
4482 189.75
4483 189.75
4484 189.75
4485 189.75
4486 189.75
4487 189.75
4488 189.75
4489 189.75
4490 189.75
4491 189.75
4492 189.75
4493 189.75
4494 189.75
4495 189.75
4496 189.75
4497 189.75
4498 189.75
4499 189.75
4500 189.75
4501 189.75
4502 189.75
4503 189.75
4504 189.75
4505 189.75
4506 189.75
4507 189.75
4508 189.75
4509 189.75
4510 189.75
4511 189.75
4512 189.75
4513 189.75
4514 189.75
4515 189.75
4516 189.8
4517 189.8
4518 189.8
4519 189.8
4520 189.8
4521 189.8
4522 189.85
4523 189.85
4524 189.85
4525 189.85
4526 189.95
4527 190.0
4528 190.0
4529 190.0
4530 190.05
4531 190.05
4532 190.05
4533 190.05
4534 190.1
4535 190.1
4536 190.1
4537 190.1
4538 190.1
4539 190.1
4540 190.1
4541 190.1
4542 190.1
4543 190.1
4544 190.1
4545 190.1
4546 190.1
4547 190.1
4548 190.15
4549 190.15
4550 190.15
4551 190.15
4552 190.15
4553 190.15
4554 190.15
4555 190.15
4556 190.15
4557 190.15
4558 190.15
4559 190.15
4560 190.2
4561 190.2
4562 190.2
4563 190.2
4564 190.2
4565 190.2
4566 190.2
4567 190.2
4568 190.2
4569 190.2
4570 190.25
4571 190.25
4572 190.25
4573 190.25
4574 190.25
4575 190.25
4576 190.25
4577 190.25
4578 190.25
4579 190.25
4580 190.25
4581 190.25
4582 190.25
4583 190.25
4584 190.25
4585 190.25
4586 190.25
4587 190.3
4588 190.3
4589 190.3
4590 190.3
4591 190.3
4592 190.3
4593 190.35
4594 190.35
4595 190.35
4596 190.35
4597 190.4
4598 190.4
4599 190.4
4600 190.4
4601 190.4
4602 190.4
4603 190.4
4604 190.4
4605 190.4
4606 190.4
4607 190.4
4608 190.4
4609 190.4
4610 190.4
4611 190.45
4612 190.5
4613 190.5
4614 190.5
4615 190.55
4616 190.55
4617 190.55
4618 190.55
4619 190.55
4620 190.55
4621 190.55
4622 190.55
4623 190.6
4624 190.6
4625 190.6
4626 190.6
4627 190.6
4628 190.6
4629 190.65
4630 190.65
4631 190.7
4632 190.7
4633 190.7
4634 190.7
4635 190.7
4636 190.7
4637 190.7
4638 190.7
4639 190.7
4640 190.7
4641 190.7
4642 190.7
4643 190.7
4644 190.7
4645 190.7
4646 190.7
4647 190.7
4648 190.7
4649 190.7
4650 190.7
4651 190.7
4652 190.7
4653 190.7
4654 190.7
4655 190.7
4656 190.7
4657 190.7
4658 190.7
4659 190.7
4660 190.7
4661 190.7
4662 190.7
4663 190.7
4664 190.7
4665 190.7
4666 190.75
4667 190.75
4668 190.75
4669 190.75
4670 190.75
4671 190.75
4672 190.75
4673 190.75
4674 190.75
4675 190.75
4676 190.75
4677 190.75
4678 190.75
4679 190.75
4680 190.75
4681 190.75
4682 190.75
4683 190.8
4684 190.8
4685 190.8
4686 190.8
4687 190.8
4688 190.8
4689 190.8
4690 190.8
4691 190.8
4692 190.8
4693 190.8
4694 190.8
4695 190.8
4696 190.85
4697 190.85
4698 190.85
4699 190.85
4700 190.85
4701 190.85
4702 190.85
4703 190.85
4704 190.85
4705 190.85
4706 190.85
4707 190.85
4708 190.85
4709 190.85
4710 190.85
4711 190.85
4712 190.85
4713 190.9
4714 190.9
4715 190.9
4716 190.95
4717 190.95
4718 190.95
4719 190.95
4720 190.95
4721 190.95
4722 190.95
4723 190.95
4724 190.95
4725 190.95
4726 191.0
4727 191.0
4728 191.0
4729 191.0
4730 191.05
4731 191.05
4732 191.05
4733 191.05
4734 191.05
4735 191.05
4736 191.05
4737 191.05
4738 191.05
4739 191.05
4740 191.05
4741 191.05
4742 191.05
4743 191.05
4744 191.05
4745 191.05
4746 191.05
4747 191.05
4748 191.05
4749 191.05
4750 191.05
4751 191.05
4752 191.05
4753 191.05
4754 191.05
4755 191.05
4756 191.05
4757 191.05
4758 191.05
4759 191.05
4760 191.05
4761 191.05
4762 191.1
4763 191.1
4764 191.1
4765 191.1
4766 191.15
4767 191.15
4768 191.15
4769 191.15
4770 191.15
4771 191.15
4772 191.15
4773 191.15
4774 191.15
4775 191.15
4776 191.15
4777 191.15
4778 191.15
4779 191.15
4780 191.15
4781 191.15
4782 191.15
4783 191.15
4784 191.15
4785 191.15
4786 191.15
4787 191.15
4788 191.2
4789 191.2
4790 191.2
4791 191.2
4792 191.2
4793 191.2
4794 191.2
4795 191.2
4796 191.25
4797 191.3
4798 191.3
4799 191.3
4800 191.3
4801 191.3
4802 191.3
4803 191.3
4804 191.3
4805 191.3
4806 191.3
4807 191.3
4808 191.3
4809 191.35
4810 191.35
4811 191.35
4812 191.35
4813 191.35
4814 191.35
4815 191.35
4816 191.35
4817 191.35
4818 191.35
4819 191.35
4820 191.35
4821 191.35
4822 191.4
4823 191.4
4824 191.4
4825 191.4
4826 191.4
4827 191.4
4828 191.4
4829 191.4
4830 191.4
4831 191.4
4832 191.4
4833 191.4
4834 191.4
4835 191.4
4836 191.4
4837 191.4
4838 191.45
4839 191.45
4840 191.45
4841 191.45
4842 191.45
4843 191.45
4844 191.45
4845 191.45
4846 191.45
4847 191.45
4848 191.45
4849 191.45
4850 191.45
4851 191.45
4852 191.45
4853 191.5
4854 191.5
4855 191.5
4856 191.5
4857 191.5
4858 191.5
4859 191.5
4860 191.5
4861 191.55
4862 191.55
4863 191.55
4864 191.55
4865 191.55
4866 191.55
4867 191.55
4868 191.55
4869 191.55
4870 191.6
4871 191.6
4872 191.6
4873 191.6
4874 191.6
4875 191.6
4876 191.6
4877 191.6
4878 191.6
4879 191.6
4880 191.6
4881 191.6
4882 191.6
4883 191.6
4884 191.6
4885 191.6
4886 191.6
4887 191.6
4888 191.6
4889 191.6
4890 191.6
4891 191.6
4892 191.6
4893 191.6
4894 191.6
4895 191.6
4896 191.6
4897 191.6
4898 191.65
4899 191.65
4900 191.65
4901 191.65
4902 191.65
4903 191.65
4904 191.7
4905 191.7
4906 191.75
4907 191.75
4908 191.75
4909 191.75
4910 191.75
4911 191.75
4912 191.75
4913 191.75
4914 191.75
4915 191.75
4916 191.75
4917 191.75
4918 191.75
4919 191.75
4920 191.8
4921 191.8
4922 191.8
4923 191.8
4924 191.8
4925 191.8
4926 191.85
4927 191.9
4928 191.9
4929 191.9
4930 191.9
4931 191.9
4932 191.9
4933 191.9
4934 191.9
4935 191.9
4936 191.9
4937 191.95
4938 191.95
4939 191.95
4940 191.95
4941 191.95
4942 192.0
4943 192.0
4944 192.0
4945 192.0
4946 192.0
4947 192.0
4948 192.0
4949 192.0
4950 192.0
4951 192.0
4952 192.0
4953 192.0
4954 192.0
4955 192.0
4956 192.0
4957 192.0
4958 192.0
4959 192.0
4960 192.0
4961 192.0
4962 192.0
4963 192.0
4964 192.0
4965 192.0
4966 192.05
4967 192.05
4968 192.05
4969 192.05
4970 192.05
4971 192.05
4972 192.05
4973 192.1
4974 192.1
4975 192.15
4976 192.15
4977 192.15
4978 192.15
4979 192.15
4980 192.15
4981 192.15
4982 192.15
4983 192.15
4984 192.15
4985 192.15
4986 192.15
4987 192.15
4988 192.15
4989 192.15
4990 192.15
4991 192.15
4992 192.15
4993 192.15
4994 192.15
4995 192.15
4996 192.15
4997 192.15
4998 192.15
4999 192.15
5000 192.15
5001 192.15
5002 192.15
5003 192.15
5004 192.15
5005 192.15
5006 192.15
5007 192.15
5008 192.15
5009 192.15
5010 192.15
5011 192.15
5012 192.15
5013 192.15
5014 192.15
5015 192.2
5016 192.2
5017 192.2
5018 192.2
5019 192.25
5020 192.25
5021 192.25
5022 192.25
5023 192.3
5024 192.3
5025 192.3
5026 192.3
5027 192.3
5028 192.3
5029 192.35
5030 192.4
5031 192.4
5032 192.4
5033 192.4
5034 192.45
5035 192.45
5036 192.45
5037 192.45
5038 192.45
5039 192.45
5040 192.45
5041 192.45
5042 192.45
5043 192.45
5044 192.5
5045 192.5
5046 192.5
5047 192.5
5048 192.5
5049 192.5
5050 192.5
5051 192.5
5052 192.5
5053 192.5
5054 192.5
5055 192.5
5056 192.5
5057 192.5
5058 192.5
5059 192.5
5060 192.5
5061 192.5
5062 192.5
5063 192.5
5064 192.55
5065 192.55
5066 192.55
5067 192.55
5068 192.55
5069 192.55
5070 192.55
5071 192.55
5072 192.55
5073 192.55
5074 192.55
5075 192.55
5076 192.55
5077 192.55
5078 192.55
5079 192.55
5080 192.55
5081 192.55
5082 192.55
5083 192.55
5084 192.55
5085 192.55
5086 192.55
5087 192.55
5088 192.55
5089 192.55
5090 192.55
5091 192.55
5092 192.55
5093 192.55
5094 192.55
5095 192.55
5096 192.55
5097 192.55
5098 192.55
5099 192.55
5100 192.55
5101 192.6
5102 192.6
5103 192.6
5104 192.6
5105 192.6
5106 192.6
5107 192.6
5108 192.6
5109 192.6
5110 192.6
5111 192.6
5112 192.6
5113 192.6
5114 192.6
5115 192.6
5116 192.6
5117 192.6
5118 192.6
5119 192.6
5120 192.6
5121 192.6
5122 192.6
5123 192.6
5124 192.6
5125 192.6
5126 192.6
5127 192.65
5128 192.65
5129 192.65
5130 192.65
5131 192.65
5132 192.65
5133 192.65
5134 192.65
5135 192.65
5136 192.65
5137 192.65
5138 192.65
5139 192.65
5140 192.65
5141 192.65
5142 192.65
5143 192.65
5144 192.65
5145 192.65
5146 192.65
5147 192.65
5148 192.65
5149 192.65
5150 192.65
5151 192.7
5152 192.7
5153 192.7
5154 192.7
5155 192.7
5156 192.7
5157 192.7
5158 192.7
5159 192.7
5160 192.7
5161 192.7
5162 192.7
5163 192.7
5164 192.7
5165 192.7
5166 192.7
5167 192.7
5168 192.75
5169 192.75
5170 192.75
5171 192.75
5172 192.75
5173 192.75
5174 192.8
5175 192.8
5176 192.85
5177 192.9
5178 192.9
5179 192.9
5180 192.9
5181 192.9
5182 192.9
5183 192.95
5184 192.95
5185 192.95
5186 192.95
5187 192.95
5188 193.0
5189 193.0
5190 193.0
5191 193.0
5192 193.0
5193 193.0
5194 193.0
5195 193.0
5196 193.0
5197 193.0
5198 193.0
5199 193.0
5200 193.05
5201 193.05
5202 193.05
5203 193.05
5204 193.05
5205 193.05
5206 193.05
5207 193.1
5208 193.1
5209 193.1
5210 193.1
5211 193.1
5212 193.1
5213 193.1
5214 193.1
5215 193.1
5216 193.1
5217 193.1
5218 193.1
5219 193.1
5220 193.1
5221 193.1
5222 193.1
5223 193.1
5224 193.1
5225 193.1
5226 193.1
5227 193.15
5228 193.15
5229 193.15
5230 193.15
5231 193.15
5232 193.15
5233 193.15
5234 193.3
5235 193.3
5236 193.3
5237 193.3
5238 193.3
5239 193.3
5240 193.3
5241 193.3
5242 193.3
5243 193.3
5244 193.3
5245 193.3
5246 193.3
5247 193.35
5248 193.35
5249 193.35
5250 193.35
5251 193.35
5252 193.35
5253 193.35
5254 193.35
5255 193.35
5256 193.35
5257 193.35
5258 193.35
5259 193.35
5260 193.35
5261 193.35
5262 193.35
5263 193.35
5264 193.35
5265 193.35
5266 193.45
5267 193.45
5268 193.45
5269 193.45
5270 193.45
5271 193.45
5272 193.45
5273 193.45
5274 193.45
5275 193.45
5276 193.45
5277 193.45
5278 193.45
5279 193.5
5280 193.5
5281 193.5
5282 193.5
5283 193.5
5284 193.5
5285 193.5
5286 193.55
5287 193.55
5288 193.55
5289 193.55
5290 193.55
5291 193.55
5292 193.55
5293 193.55
5294 193.55
5295 193.55
5296 193.55
5297 193.55
5298 193.55
5299 193.55
5300 193.55
5301 193.55
5302 193.55
5303 193.55
5304 193.55
5305 193.55
5306 193.55
5307 193.55
5308 193.55
5309 193.55
5310 193.55
5311 193.55
5312 193.55
5313 193.55
5314 193.55
5315 193.55
5316 193.55
5317 193.6
5318 193.6
5319 193.6
5320 193.6
5321 193.6
5322 193.6
5323 193.6
5324 193.6
5325 193.6
5326 193.6
5327 193.6
5328 193.6
5329 193.6
5330 193.6
5331 193.6
5332 193.6
5333 193.65
5334 193.65
5335 193.65
5336 193.65
5337 193.65
5338 193.65
5339 193.65
5340 193.65
5341 193.65
5342 193.65
5343 193.65
5344 193.65
5345 193.65
5346 193.65
5347 193.65
5348 193.65
5349 193.65
5350 193.65
5351 193.65
5352 193.7
5353 193.75
5354 193.75
5355 193.8
5356 193.8
5357 193.8
5358 193.8
5359 193.8
5360 193.8
5361 193.8
5362 193.8
5363 193.8
5364 193.8
5365 193.8
5366 193.8
5367 193.8
5368 193.8
5369 193.8
5370 193.8
5371 193.8
5372 193.8
5373 193.8
5374 193.8
5375 193.8
5376 193.8
5377 193.8
5378 193.8
5379 193.8
5380 193.8
5381 193.85
5382 193.85
5383 193.85
5384 193.85
5385 193.85
5386 193.85
5387 193.85
5388 193.85
5389 193.9
5390 193.9
5391 193.9
5392 193.9
5393 193.9
5394 193.9
5395 193.9
5396 193.9
5397 193.9
5398 193.9
5399 193.9
5400 193.9
5401 193.9
5402 193.9
5403 193.9
5404 193.9
5405 193.9
5406 193.9
5407 193.9
5408 193.9
5409 193.9
5410 193.9
5411 193.9
5412 193.9
5413 193.9
5414 193.9
5415 193.9
5416 193.9
5417 193.95
5418 193.95
5419 193.95
5420 193.95
5421 193.95
5422 193.95
5423 193.95
5424 193.95
5425 193.95
5426 193.95
5427 193.95
5428 193.95
5429 193.95
5430 193.95
5431 193.95
5432 193.95
5433 193.95
5434 193.95
5435 193.95
5436 193.95
5437 194.0
5438 194.0
5439 194.0
5440 194.0
5441 194.05
5442 194.05
5443 194.05
5444 194.05
5445 194.05
5446 194.1
5447 194.1
5448 194.1
5449 194.1
5450 194.15
5451 194.2
5452 194.2
5453 194.2
5454 194.2
5455 194.2
5456 194.2
5457 194.2
5458 194.2
5459 194.2
5460 194.2
5461 194.2
5462 194.2
5463 194.2
5464 194.2
5465 194.2
5466 194.2
5467 194.2
5468 194.25
5469 194.25
5470 194.25
5471 194.25
5472 194.25
5473 194.25
5474 194.25
5475 194.25
5476 194.25
5477 194.3
5478 194.3
5479 194.3
5480 194.3
5481 194.3
5482 194.3
5483 194.3
5484 194.3
5485 194.3
5486 194.3
5487 194.3
5488 194.3
5489 194.35
5490 194.35
5491 194.35
5492 194.35
5493 194.35
5494 194.35
5495 194.35
5496 194.35
5497 194.35
5498 194.35
5499 194.35
5500 194.35
5501 194.35
5502 194.35
5503 194.35
5504 194.35
5505 194.35
5506 194.35
5507 194.35
5508 194.35
5509 194.35
5510 194.35
5511 194.35
5512 194.35
5513 194.35
5514 194.35
5515 194.35
5516 194.35
5517 194.35
5518 194.35
5519 194.35
5520 194.35
5521 194.35
5522 194.35
5523 194.35
5524 194.35
5525 194.35
5526 194.35
5527 194.35
5528 194.35
5529 194.35
5530 194.35
5531 194.35
5532 194.35
5533 194.4
5534 194.4
5535 194.4
5536 194.4
5537 194.4
5538 194.4
5539 194.4
5540 194.4
5541 194.4
5542 194.4
5543 194.4
5544 194.4
5545 194.4
5546 194.45
5547 194.45
5548 194.5
5549 194.5
5550 194.5
5551 194.5
5552 194.5
5553 194.5
5554 194.5
5555 194.5
5556 194.5
5557 194.5
5558 194.5
5559 194.5
5560 194.5
5561 194.5
5562 194.5
5563 194.5
5564 194.5
5565 194.5
5566 194.5
5567 194.5
5568 194.5
5569 194.5
5570 194.5
5571 194.5
5572 194.5
5573 194.5
5574 194.5
5575 194.5
5576 194.5
5577 194.5
5578 194.5
5579 194.5
5580 194.5
5581 194.5
5582 194.5
5583 194.5
5584 194.5
5585 194.55
5586 194.55
5587 194.55
5588 194.55
5589 194.55
5590 194.55
5591 194.55
5592 194.55
5593 194.55
5594 194.55
5595 194.55
5596 194.55
5597 194.55
5598 194.55
5599 194.55
5600 194.55
5601 194.55
5602 194.55
5603 194.55
5604 194.55
5605 194.55
5606 194.55
5607 194.55
5608 194.55
5609 194.55
5610 194.55
5611 194.55
5612 194.55
5613 194.55
5614 194.55
5615 194.55
5616 194.55
5617 194.55
5618 194.55
5619 194.55
5620 194.6
5621 194.6
5622 194.6
5623 194.6
5624 194.65
5625 194.65
5626 194.65
5627 194.65
5628 194.65
5629 194.65
5630 194.65
5631 194.7
5632 194.7
5633 194.7
5634 194.75
5635 194.75
5636 194.75
5637 194.75
5638 194.75
5639 194.75
5640 194.75
5641 194.75
5642 194.75
5643 194.75
5644 194.75
5645 194.75
5646 194.75
5647 194.75
5648 194.75
5649 194.75
5650 194.75
5651 194.75
5652 194.75
5653 194.75
5654 194.75
5655 194.75
5656 194.75
5657 194.75
5658 194.75
5659 194.75
5660 194.75
5661 194.75
5662 194.8
5663 194.8
5664 194.8
5665 194.8
5666 194.8
5667 194.8
5668 194.8
5669 194.8
5670 194.8
5671 194.8
5672 194.8
5673 194.8
5674 194.8
5675 194.8
5676 194.8
5677 194.8
5678 194.8
5679 194.8
5680 194.8
5681 194.8
5682 194.8
5683 194.8
5684 194.8
5685 194.8
5686 194.8
5687 194.8
5688 194.8
5689 194.8
5690 194.8
5691 194.8
5692 194.8
5693 194.8
5694 194.8
5695 194.8
5696 194.8
5697 194.8
5698 194.8
5699 194.8
5700 194.8
5701 194.8
5702 194.8
5703 194.8
5704 194.8
5705 194.8
5706 194.8
5707 194.8
5708 194.8
5709 194.8
5710 194.8
5711 194.8
5712 194.8
5713 194.8
5714 194.8
5715 194.8
5716 194.8
5717 194.8
5718 194.8
5719 194.8
5720 194.8
5721 194.8
5722 194.8
5723 194.8
5724 194.8
5725 194.8
5726 194.85
5727 194.85
5728 194.85
5729 194.9
5730 194.9
5731 194.9
5732 194.9
5733 194.9
5734 194.9
5735 194.9
5736 194.9
5737 194.9
5738 194.9
5739 194.95
5740 194.95
5741 194.95
5742 194.95
5743 194.95
5744 194.95
5745 194.95
5746 194.95
5747 194.95
5748 194.95
5749 194.95
5750 194.95
5751 194.95
5752 194.95
5753 194.95
5754 194.95
5755 194.95
5756 194.95
5757 194.95
5758 194.95
5759 194.95
5760 194.95
5761 194.95
5762 194.95
5763 194.95
5764 194.95
5765 194.95
5766 194.95
5767 194.95
5768 194.95
5769 194.95
5770 194.95
5771 194.95
5772 194.95
5773 194.95
5774 195.0
5775 195.0
5776 195.0
5777 195.0
5778 195.0
5779 195.0
5780 195.0
5781 195.0
5782 195.0
5783 195.05
5784 195.05
5785 195.05
5786 195.05
5787 195.05
5788 195.1
5789 195.1
5790 195.1
5791 195.1
5792 195.1
5793 195.1
5794 195.1
5795 195.1
5796 195.1
5797 195.1
5798 195.1
5799 195.1
5800 195.1
5801 195.15
5802 195.2
5803 195.25
5804 195.25
5805 195.25
5806 195.25
5807 195.25
5808 195.25
5809 195.25
5810 195.25
5811 195.25
5812 195.25
5813 195.25
5814 195.25
5815 195.25
5816 195.25
5817 195.25
5818 195.25
5819 195.25
5820 195.25
5821 195.25
5822 195.25
5823 195.25
5824 195.25
5825 195.25
5826 195.25
5827 195.25
5828 195.25
5829 195.25
5830 195.25
5831 195.25
5832 195.25
5833 195.25
5834 195.25
5835 195.25
5836 195.25
5837 195.25
5838 195.25
5839 195.25
5840 195.25
5841 195.25
5842 195.25
5843 195.25
5844 195.25
5845 195.3
5846 195.3
5847 195.3
5848 195.3
5849 195.3
5850 195.3
5851 195.3
5852 195.3
5853 195.3
5854 195.3
5855 195.3
5856 195.3
5857 195.3
5858 195.3
5859 195.3
5860 195.3
5861 195.3
5862 195.3
5863 195.3
5864 195.3
5865 195.3
5866 195.3
5867 195.3
5868 195.3
5869 195.3
5870 195.3
5871 195.3
5872 195.3
5873 195.3
5874 195.3
5875 195.3
5876 195.3
5877 195.35
5878 195.35
5879 195.35
5880 195.35
5881 195.35
5882 195.35
5883 195.35
5884 195.35
5885 195.35
5886 195.4
5887 195.4
5888 195.4
5889 195.4
5890 195.4
5891 195.4
5892 195.4
5893 195.4
5894 195.4
5895 195.4
5896 195.4
5897 195.4
5898 195.4
5899 195.4
5900 195.4
5901 195.4
5902 195.4
5903 195.4
5904 195.4
5905 195.4
5906 195.4
5907 195.4
5908 195.4
5909 195.4
5910 195.4
5911 195.4
5912 195.4
5913 195.4
5914 195.4
5915 195.4
5916 195.4
5917 195.4
5918 195.4
5919 195.4
5920 195.4
5921 195.4
5922 195.4
5923 195.4
5924 195.4
5925 195.4
5926 195.4
5927 195.4
5928 195.4
5929 195.45
5930 195.45
5931 195.5
5932 195.5
5933 195.5
5934 195.5
5935 195.5
5936 195.5
5937 195.5
5938 195.55
5939 195.55
5940 195.55
5941 195.55
5942 195.55
5943 195.6
5944 195.6
5945 195.6
5946 195.6
5947 195.6
5948 195.6
5949 195.6
5950 195.6
5951 195.6
5952 195.65
5953 195.65
5954 195.65
5955 195.65
5956 195.65
5957 195.7
5958 195.7
5959 195.7
5960 195.7
5961 195.7
5962 195.7
5963 195.7
5964 195.7
5965 195.7
5966 195.7
5967 195.7
5968 195.7
5969 195.7
5970 195.7
5971 195.7
5972 195.7
5973 195.7
5974 195.7
5975 195.7
5976 195.7
5977 195.7
5978 195.7
5979 195.7
5980 195.7
5981 195.7
5982 195.7
5983 195.7
5984 195.7
5985 195.7
5986 195.7
5987 195.7
5988 195.7
5989 195.7
5990 195.7
5991 195.7
5992 195.7
5993 195.7
5994 195.7
5995 195.7
5996 195.7
5997 195.7
5998 195.7
5999 195.75
