#iterations fitness
0 0.0
1 0.1
2 0.2
3 0.45
4 0.55
5 0.6
6 1.15
7 1.25
8 1.4
9 1.6
10 1.8
11 1.9
12 2.2
13 2.2
14 2.25
15 2.3
16 2.3
17 2.55
18 2.65
19 2.9
20 2.9
21 3.1
22 3.45
23 3.7
24 3.95
25 4.05
26 4.15
27 4.4
28 4.55
29 5.05
30 5.25
31 5.35
32 5.45
33 5.5
34 5.65
35 5.85
36 6.3
37 6.4
38 7.05
39 7.5
40 7.65
41 7.8
42 8.05
43 8.1
44 8.35
45 8.45
46 8.45
47 8.75
48 8.85
49 9.0
50 9.25
51 9.35
52 9.6
53 9.65
54 10.05
55 10.35
56 10.55
57 10.6
58 10.75
59 10.95
60 10.95
61 11.0
62 11.3
63 11.5
64 11.65
65 11.85
66 11.9
67 12.0
68 12.05
69 12.15
70 12.25
71 12.55
72 12.6
73 12.65
74 12.85
75 12.95
76 13.0
77 13.2
78 13.25
79 13.3
80 13.4
81 13.5
82 13.6
83 13.8
84 13.85
85 14.0
86 14.2
87 14.25
88 14.3
89 14.5
90 14.7
91 14.7
92 15.05
93 15.35
94 15.4
95 15.5
96 15.55
97 15.75
98 16.1
99 16.45
100 16.9
101 17.1
102 17.2
103 17.25
104 17.5
105 17.8
106 17.85
107 18.2
108 18.45
109 18.55
110 18.65
111 19.15
112 19.3
113 19.3
114 19.55
115 19.65
116 19.85
117 20.0
118 20.15
119 20.75
120 20.95
121 21.45
122 21.65
123 21.75
124 21.9
125 21.9
126 22.05
127 22.3
128 22.4
129 22.55
130 22.65
131 22.8
132 23.0
133 23.25
134 23.4
135 23.5
136 23.75
137 23.95
138 24.0
139 24.05
140 24.2
141 24.55
142 24.75
143 25.0
144 25.0
145 25.15
146 25.2
147 25.25
148 25.35
149 25.55
150 25.75
151 25.95
152 26.35
153 26.55
154 26.55
155 26.65
156 26.85
157 27.0
158 27.1
159 27.35
160 27.4
161 27.4
162 27.55
163 27.6
164 27.75
165 27.75
166 27.95
167 28.15
168 28.2
169 28.4
170 28.5
171 28.5
172 28.55
173 28.7
174 28.75
175 29.0
176 29.25
177 29.3
178 29.3
179 29.55
180 29.55
181 29.65
182 29.8
183 29.9
184 30.0
185 30.05
186 30.2
187 30.35
188 30.35
189 30.5
190 30.6
191 30.65
192 30.7
193 31.0
194 31.3
195 31.4
196 31.5
197 31.55
198 31.6
199 31.8
200 31.85
201 31.9
202 31.9
203 32.05
204 32.25
205 32.4
206 32.6
207 32.7
208 32.85
209 33.05
210 33.3
211 33.4
212 33.65
213 33.8
214 34.0
215 34.05
216 34.2
217 34.35
218 34.6
219 34.7
220 34.9
221 34.9
222 34.9
223 35.1
224 35.2
225 35.25
226 35.55
227 35.75
228 35.75
229 35.85
230 35.95
231 36.1
232 36.3
233 36.45
234 36.75
235 37.1
236 37.2
237 37.2
238 37.25
239 37.4
240 37.45
241 37.55
242 37.55
243 37.95
244 38.0
245 38.0
246 38.0
247 38.2
248 38.3
249 38.6
250 38.65
251 38.95
252 39.15
253 39.25
254 39.4
255 39.65
256 39.65
257 39.85
258 40.1
259 40.3
260 40.4
261 40.65
262 40.8
263 40.85
264 41.15
265 41.15
266 41.25
267 41.4
268 41.4
269 41.4
270 41.4
271 41.45
272 41.75
273 41.9
274 42.15
275 42.2
276 42.45
277 42.65
278 42.7
279 42.95
280 43.05
281 43.15
282 43.35
283 43.35
284 43.5
285 43.6
286 43.65
287 43.9
288 43.95
289 44.15
290 44.25
291 44.35
292 44.45
293 44.6
294 44.75
295 44.85
296 44.85
297 44.95
298 45.0
299 45.05
300 45.2
301 45.35
302 45.35
303 45.5
304 45.9
305 46.1
306 46.15
307 46.25
308 46.4
309 46.45
310 46.6
311 46.7
312 46.85
313 46.9
314 47.0
315 47.1
316 47.2
317 47.35
318 47.6
319 47.8
320 47.85
321 47.9
322 48.05
323 48.25
324 48.4
325 48.45
326 48.6
327 48.85
328 48.95
329 49.0
330 49.2
331 49.3
332 49.35
333 49.45
334 49.45
335 49.5
336 49.7
337 49.9
338 49.9
339 50.15
340 50.25
341 50.45
342 50.65
343 50.8
344 50.9
345 50.95
346 51.15
347 51.15
348 51.2
349 51.2
350 51.45
351 51.6
352 51.85
353 51.9
354 52.15
355 52.4
356 52.4
357 52.45
358 52.55
359 52.65
360 52.75
361 52.75
362 52.85
363 52.9
364 52.9
365 53.0
366 53.0
367 53.1
368 53.1
369 53.45
370 53.5
371 53.65
372 53.95
373 54.0
374 54.0
375 54.2
376 54.3
377 54.4
378 54.4
379 54.4
380 54.45
381 54.55
382 54.6
383 54.9
384 54.95
385 55.25
386 55.6
387 55.6
388 55.65
389 55.8
390 55.9
391 55.95
392 56.0
393 56.05
394 56.05
395 56.25
396 56.4
397 56.45
398 56.5
399 56.55
400 56.6
401 56.75
402 56.8
403 57.0
404 57.1
405 57.15
406 57.2
407 57.25
408 57.45
409 57.45
410 57.5
411 57.6
412 57.6
413 57.8
414 57.85
415 58.0
416 58.1
417 58.1
418 58.35
419 58.4
420 58.4
421 58.4
422 58.5
423 58.65
424 58.8
425 58.95
426 59.1
427 59.15
428 59.15
429 59.25
430 59.35
431 59.5
432 59.7
433 60.0
434 60.05
435 60.1
436 60.1
437 60.4
438 60.65
439 60.75
440 60.85
441 60.9
442 61.0
443 61.05
444 61.25
445 61.4
446 61.4
447 61.5
448 61.6
449 61.85
450 61.9
451 62.1
452 62.2
453 62.25
454 62.25
455 62.25
456 62.3
457 62.3
458 62.6
459 62.6
460 62.75
461 62.85
462 63.0
463 63.15
464 63.35
465 63.45
466 63.6
467 63.6
468 63.65
469 64.1
470 64.45
471 64.5
472 64.65
473 64.7
474 64.7
475 64.7
476 64.75
477 65.0
478 65.05
479 65.05
480 65.15
481 65.2
482 65.25
483 65.25
484 65.35
485 65.6
486 65.75
487 65.75
488 65.75
489 65.85
490 65.85
491 65.95
492 66.05
493 66.35
494 66.35
495 66.4
496 66.5
497 66.55
498 66.55
499 66.65
500 66.75
501 66.9
502 67.05
503 67.2
504 67.25
505 67.5
506 67.75
507 67.8
508 67.95
509 68.05
510 68.15
511 68.15
512 68.3
513 68.35
514 68.6
515 68.65
516 68.7
517 68.8
518 68.8
519 68.85
520 69.1
521 69.15
522 69.4
523 69.5
524 69.75
525 69.8
526 69.85
527 69.95
528 70.15
529 70.25
530 70.45
531 70.65
532 70.85
533 70.95
534 71.1
535 71.35
536 71.35
537 71.35
538 71.5
539 71.6
540 71.6
541 71.8
542 71.8
543 71.95
544 72.1
545 72.35
546 72.55
547 72.65
548 72.65
549 72.8
550 72.8
551 72.95
552 73.1
553 73.2
554 73.45
555 73.55
556 73.6
557 73.65
558 73.75
559 73.85
560 73.9
561 74.0
562 74.15
563 74.3
564 74.3
565 74.4
566 74.5
567 74.55
568 74.55
569 74.6
570 74.75
571 74.95
572 74.95
573 74.95
574 75.1
575 75.25
576 75.35
577 75.5
578 75.5
579 75.6
580 75.8
581 75.85
582 76.05
583 76.05
584 76.3
585 76.3
586 76.3
587 76.4
588 76.45
589 76.55
590 76.65
591 76.7
592 76.7
593 76.75
594 76.85
595 77.2
596 77.25
597 77.25
598 77.3
599 77.3
600 77.45
601 77.55
602 77.9
603 78.0
604 78.0
605 78.2
606 78.2
607 78.5
608 78.55
609 78.7
610 78.75
611 78.8
612 78.85
613 78.95
614 79.0
615 79.1
616 79.15
617 79.25
618 79.4
619 79.4
620 79.5
621 79.5
622 79.6
623 79.65
624 79.65
625 79.8
626 79.85
627 79.9
628 80.0
629 80.2
630 80.35
631 80.4
632 80.4
633 80.45
634 80.6
635 80.6
636 80.8
637 80.85
638 80.9
639 80.9
640 80.9
641 80.9
642 80.9
643 81.1
644 81.2
645 81.25
646 81.35
647 81.6
648 81.6
649 81.6
650 81.65
651 81.65
652 81.75
653 81.75
654 81.8
655 81.8
656 81.85
657 81.95
658 81.95
659 82.0
660 82.05
661 82.05
662 82.05
663 82.1
664 82.15
665 82.25
666 82.3
667 82.45
668 82.5
669 82.5
670 82.5
671 82.5
672 82.55
673 82.7
674 82.75
675 82.8
676 82.8
677 82.85
678 82.9
679 82.95
680 82.95
681 83.1
682 83.2
683 83.2
684 83.5
685 83.55
686 83.6
687 83.65
688 83.85
689 83.85
690 83.85
691 83.9
692 84.0
693 84.1
694 84.1
695 84.4
696 84.6
697 84.7
698 84.95
699 84.95
700 85.1
701 85.1
702 85.1
703 85.35
704 85.4
705 85.5
706 85.65
707 85.7
708 85.7
709 85.85
710 85.85
711 86.0
712 86.2
713 86.25
714 86.25
715 86.3
716 86.45
717 86.45
718 86.65
719 86.75
720 86.75
721 86.8
722 86.9
723 87.0
724 87.05
725 87.1
726 87.1
727 87.15
728 87.25
729 87.25
730 87.25
731 87.3
732 87.35
733 87.35
734 87.35
735 87.35
736 87.5
737 87.85
738 88.15
739 88.2
740 88.2
741 88.3
742 88.3
743 88.35
744 88.4
745 88.45
746 88.45
747 88.45
748 88.45
749 88.45
750 88.65
751 88.8
752 88.8
753 88.85
754 88.85
755 88.9
756 88.9
757 89.1
758 89.1
759 89.25
760 89.35
761 89.35
762 89.35
763 89.6
764 89.8
765 89.85
766 89.95
767 90.05
768 90.1
769 90.15
770 90.25
771 90.55
772 90.55
773 90.6
774 90.65
775 90.85
776 91.15
777 91.3
778 91.3
779 91.35
780 91.35
781 91.35
782 91.35
783 91.4
784 91.4
785 91.55
786 91.55
787 91.55
788 91.65
789 91.7
790 91.7
791 91.7
792 91.9
793 92.0
794 92.1
795 92.15
796 92.2
797 92.4
798 92.55
799 92.75
800 92.9
801 92.95
802 93.1
803 93.2
804 93.25
805 93.3
806 93.4
807 93.4
808 93.55
809 93.75
810 93.85
811 93.95
812 93.95
813 94.0
814 94.15
815 94.3
816 94.3
817 94.35
818 94.4
819 94.4
820 94.4
821 94.45
822 94.5
823 94.55
824 94.7
825 94.7
826 94.85
827 94.95
828 95.0
829 95.0
830 95.05
831 95.1
832 95.15
833 95.3
834 95.4
835 95.5
836 95.6
837 95.6
838 95.65
839 95.65
840 95.7
841 95.7
842 96.05
843 96.15
844 96.4
845 96.6
846 96.65
847 96.8
848 96.85
849 96.95
850 97.1
851 97.15
852 97.2
853 97.3
854 97.35
855 97.45
856 97.45
857 97.5
858 97.55
859 97.6
860 97.65
861 97.7
862 97.8
863 97.8
864 97.95
865 98.15
866 98.2
867 98.3
868 98.35
869 98.35
870 98.4
871 98.45
872 98.65
873 98.95
874 99.0
875 99.2
876 99.25
877 99.3
878 99.35
879 99.45
880 99.45
881 99.5
882 99.55
883 99.65
884 99.75
885 99.8
886 99.8
887 100.05
888 100.1
889 100.2
890 100.25
891 100.35
892 100.4
893 100.4
894 100.4
895 100.65
896 100.65
897 100.65
898 100.85
899 100.9
900 100.95
901 100.95
902 101.25
903 101.3
904 101.35
905 101.35
906 101.45
907 101.45
908 101.5
909 101.55
910 101.65
911 101.7
912 101.7
913 101.7
914 101.9
915 102.0
916 102.0
917 102.0
918 102.1
919 102.15
920 102.2
921 102.35
922 102.35
923 102.4
924 102.6
925 102.6
926 102.65
927 102.7
928 102.8
929 102.8
930 102.8
931 103.05
932 103.15
933 103.2
934 103.4
935 103.5
936 103.55
937 103.75
938 103.75
939 103.85
940 103.9
941 104.05
942 104.05
943 104.1
944 104.2
945 104.4
946 104.55
947 104.7
948 104.75
949 104.75
950 104.85
951 104.85
952 104.95
953 105.1
954 105.1
955 105.1
956 105.1
957 105.1
958 105.2
959 105.4
960 105.55
961 105.6
962 105.65
963 105.75
964 105.75
965 105.9
966 105.9
967 106.05
968 106.05
969 106.15
970 106.15
971 106.2
972 106.2
973 106.3
974 106.3
975 106.3
976 106.35
977 106.35
978 106.5
979 106.5
980 106.5
981 106.55
982 106.6
983 106.8
984 106.8
985 106.85
986 106.9
987 106.9
988 106.95
989 107.0
990 107.0
991 107.05
992 107.15
993 107.3
994 107.35
995 107.4
996 107.4
997 107.55
998 107.7
999 107.8
1000 107.9
1001 107.9
1002 108.0
1003 108.05
1004 108.05
1005 108.1
1006 108.1
1007 108.1
1008 108.2
1009 108.2
1010 108.2
1011 108.25
1012 108.25
1013 108.45
1014 108.55
1015 108.55
1016 108.7
1017 108.85
1018 108.85
1019 108.85
1020 108.85
1021 108.9
1022 108.9
1023 108.9
1024 109.0
1025 109.15
1026 109.25
1027 109.3
1028 109.35
1029 109.6
1030 109.65
1031 109.65
1032 109.65
1033 109.65
1034 109.65
1035 109.65
1036 109.65
1037 109.8
1038 109.8
1039 109.95
1040 109.95
1041 110.05
1042 110.05
1043 110.1
1044 110.1
1045 110.1
1046 110.15
1047 110.15
1048 110.25
1049 110.35
1050 110.35
1051 110.5
1052 110.55
1053 110.7
1054 110.8
1055 110.8
1056 110.8
1057 110.85
1058 110.9
1059 110.9
1060 110.95
1061 111.0
1062 111.0
1063 111.0
1064 111.05
1065 111.05
1066 111.1
1067 111.1
1068 111.1
1069 111.2
1070 111.35
1071 111.55
1072 111.55
1073 111.7
1074 111.7
1075 111.7
1076 111.8
1077 111.85
1078 111.85
1079 111.9
1080 112.15
1081 112.15
1082 112.2
1083 112.25
1084 112.25
1085 112.5
1086 112.55
1087 112.6
1088 112.8
1089 112.9
1090 112.9
1091 112.95
1092 112.95
1093 113.0
1094 113.1
1095 113.1
1096 113.1
1097 113.1
1098 113.1
1099 113.1
1100 113.4
1101 113.4
1102 113.4
1103 113.5
1104 113.65
1105 113.75
1106 113.75
1107 113.9
1108 113.95
1109 113.95
1110 114.0
1111 114.1
1112 114.15
1113 114.3
1114 114.4
1115 114.4
1116 114.45
1117 114.45
1118 114.55
1119 114.6
1120 114.6
1121 114.6
1122 114.65
1123 114.8
1124 114.85
1125 114.95
1126 115.0
1127 115.2
1128 115.3
1129 115.3
1130 115.3
1131 115.3
1132 115.5
1133 115.5
1134 115.65
1135 115.65
1136 115.8
1137 115.85
1138 115.85
1139 115.9
1140 116.0
1141 116.05
1142 116.3
1143 116.3
1144 116.45
1145 116.55
1146 116.55
1147 116.55
1148 116.7
1149 116.7
1150 116.7
1151 116.7
1152 116.75
1153 116.8
1154 116.95
1155 116.95
1156 117.0
1157 117.1
1158 117.15
1159 117.2
1160 117.35
1161 117.4
1162 117.45
1163 117.65
1164 117.65
1165 117.7
1166 117.7
1167 117.85
1168 117.85
1169 117.9
1170 117.9
1171 117.9
1172 117.95
1173 117.95
1174 117.95
1175 117.95
1176 118.1
1177 118.1
1178 118.15
1179 118.15
1180 118.2
1181 118.2
1182 118.2
1183 118.25
1184 118.4
1185 118.45
1186 118.45
1187 118.45
1188 118.45
1189 118.6
1190 118.6
1191 118.75
1192 118.8
1193 118.85
1194 118.85
1195 118.9
1196 118.95
1197 119.0
1198 119.0
1199 119.15
1200 119.15
1201 119.25
1202 119.25
1203 119.3
1204 119.35
1205 119.4
1206 119.4
1207 119.45
1208 119.45
1209 119.45
1210 119.45
1211 119.5
1212 119.5
1213 119.55
1214 119.55
1215 119.65
1216 119.65
1217 119.65
1218 119.7
1219 119.7
1220 119.7
1221 119.7
1222 119.7
1223 119.75
1224 119.75
1225 119.75
1226 119.75
1227 119.75
1228 119.75
1229 119.75
1230 119.75
1231 119.75
1232 119.8
1233 119.8
1234 119.85
1235 119.95
1236 119.95
1237 119.95
1238 120.1
1239 120.15
1240 120.15
1241 120.15
1242 120.15
1243 120.15
1244 120.2
1245 120.25
1246 120.25
1247 120.25
1248 120.3
1249 120.3
1250 120.35
1251 120.35
1252 120.4
1253 120.4
1254 120.5
1255 120.6
1256 120.6
1257 120.6
1258 120.6
1259 120.75
1260 120.85
1261 120.9
1262 120.9
1263 120.9
1264 120.9
1265 120.9
1266 121.0
1267 121.0
1268 121.1
1269 121.15
1270 121.15
1271 121.25
1272 121.3
1273 121.45
1274 121.5
1275 121.55
1276 121.65
1277 121.7
1278 121.75
1279 121.8
1280 121.8
1281 121.9
1282 122.0
1283 122.0
1284 122.0
1285 122.0
1286 122.05
1287 122.15
1288 122.15
1289 122.25
1290 122.25
1291 122.25
1292 122.35
1293 122.45
1294 122.5
1295 122.65
1296 122.65
1297 122.7
1298 122.7
1299 122.75
1300 122.75
1301 122.75
1302 122.85
1303 122.95
1304 123.0
1305 123.0
1306 123.1
1307 123.2
1308 123.2
1309 123.2
1310 123.3
1311 123.3
1312 123.35
1313 123.45
1314 123.5
1315 123.5
1316 123.5
1317 123.55
1318 123.65
1319 123.65
1320 123.65
1321 123.65
1322 123.65
1323 123.65
1324 123.75
1325 123.8
1326 123.85
1327 124.0
1328 124.15
1329 124.25
1330 124.25
1331 124.3
1332 124.4
1333 124.5
1334 124.6
1335 124.6
1336 124.7
1337 124.75
1338 124.75
1339 124.85
1340 124.9
1341 125.0
1342 125.05
1343 125.05
1344 125.05
1345 125.05
1346 125.05
1347 125.1
1348 125.15
1349 125.2
1350 125.25
1351 125.25
1352 125.35
1353 125.5
1354 125.55
1355 125.55
1356 125.55
1357 125.65
1358 125.8
1359 125.8
1360 125.8
1361 126.0
1362 126.0
1363 126.15
1364 126.15
1365 126.15
1366 126.2
1367 126.2
1368 126.2
1369 126.25
1370 126.3
1371 126.3
1372 126.3
1373 126.3
1374 126.35
1375 126.35
1376 126.4
1377 126.45
1378 126.45
1379 126.5
1380 126.6
1381 126.65
1382 126.7
1383 126.75
1384 126.85
1385 126.85
1386 126.9
1387 126.9
1388 127.1
1389 127.2
1390 127.2
1391 127.3
1392 127.35
1393 127.35
1394 127.4
1395 127.4
1396 127.4
1397 127.5
1398 127.55
1399 127.6
1400 127.7
1401 127.8
1402 127.8
1403 127.9
1404 127.95
1405 128.05
1406 128.05
1407 128.05
1408 128.05
1409 128.15
1410 128.3
1411 128.3
1412 128.3
1413 128.5
1414 128.55
1415 128.55
1416 128.6
1417 128.6
1418 128.6
1419 128.65
1420 128.7
1421 128.7
1422 128.8
1423 128.85
1424 128.9
1425 129.0
1426 129.05
1427 129.05
1428 129.1
1429 129.15
1430 129.25
1431 129.3
1432 129.3
1433 129.3
1434 129.3
1435 129.4
1436 129.7
1437 129.7
1438 129.75
1439 129.85
1440 129.85
1441 129.85
1442 129.85
1443 129.95
1444 130.0
1445 130.0
1446 130.0
1447 130.0
1448 130.0
1449 130.0
1450 130.0
1451 130.0
1452 130.0
1453 130.0
1454 130.05
1455 130.1
1456 130.15
1457 130.3
1458 130.3
1459 130.35
1460 130.35
1461 130.35
1462 130.35
1463 130.35
1464 130.35
1465 130.4
1466 130.4
1467 130.4
1468 130.4
1469 130.4
1470 130.45
1471 130.5
1472 130.6
1473 130.6
1474 130.7
1475 130.8
1476 130.85
1477 130.9
1478 130.95
1479 131.0
1480 131.15
1481 131.2
1482 131.25
1483 131.25
1484 131.25
1485 131.25
1486 131.25
1487 131.25
1488 131.3
1489 131.4
1490 131.45
1491 131.65
1492 131.65
1493 131.65
1494 131.65
1495 131.65
1496 131.65
1497 131.65
1498 131.9
1499 131.95
1500 132.0
1501 132.05
1502 132.05
1503 132.2
1504 132.2
1505 132.2
1506 132.2
1507 132.25
1508 132.3
1509 132.3
1510 132.35
1511 132.35
1512 132.35
1513 132.4
1514 132.4
1515 132.4
1516 132.4
1517 132.45
1518 132.5
1519 132.5
1520 132.5
1521 132.6
1522 132.6
1523 132.6
1524 132.75
1525 132.8
1526 132.85
1527 132.95
1528 132.95
1529 133.05
1530 133.05
1531 133.1
1532 133.1
1533 133.1
1534 133.15
1535 133.2
1536 133.3
1537 133.3
1538 133.3
1539 133.35
1540 133.55
1541 133.55
1542 133.65
1543 133.65
1544 133.7
1545 133.75
1546 133.8
1547 133.9
1548 134.0
1549 134.05
1550 134.05
1551 134.05
1552 134.05
1553 134.1
1554 134.15
1555 134.15
1556 134.15
1557 134.15
1558 134.2
1559 134.2
1560 134.2
1561 134.2
1562 134.25
1563 134.25
1564 134.3
1565 134.45
1566 134.5
1567 134.55
1568 134.6
1569 134.85
1570 134.95
1571 134.95
1572 135.05
1573 135.05
1574 135.1
1575 135.15
1576 135.25
1577 135.25
1578 135.25
1579 135.25
1580 135.25
1581 135.3
1582 135.3
1583 135.3
1584 135.4
1585 135.4
1586 135.45
1587 135.55
1588 135.6
1589 135.6
1590 135.6
1591 135.6
1592 135.6
1593 135.6
1594 135.65
1595 135.7
1596 135.8
1597 135.8
1598 135.8
1599 135.8
1600 135.8
1601 135.8
1602 135.8
1603 135.8
1604 135.8
1605 135.85
1606 135.9
1607 135.95
1608 136.2
1609 136.25
1610 136.25
1611 136.25
1612 136.25
1613 136.35
1614 136.35
1615 136.35
1616 136.35
1617 136.5
1618 136.55
1619 136.55
1620 136.65
1621 136.7
1622 136.7
1623 136.7
1624 136.75
1625 136.75
1626 136.85
1627 136.95
1628 137.0
1629 137.4
1630 137.4
1631 137.4
1632 137.4
1633 137.5
1634 137.5
1635 137.5
1636 137.55
1637 137.55
1638 137.55
1639 137.65
1640 137.75
1641 137.8
1642 137.8
1643 137.8
1644 137.85
1645 137.85
1646 137.9
1647 137.9
1648 138.0
1649 138.0
1650 138.05
1651 138.05
1652 138.1
1653 138.15
1654 138.25
1655 138.3
1656 138.3
1657 138.3
1658 138.3
1659 138.3
1660 138.3
1661 138.4
1662 138.55
1663 138.6
1664 138.65
1665 138.85
1666 138.85
1667 138.85
1668 138.9
1669 138.9
1670 138.9
1671 138.9
1672 138.9
1673 138.95
1674 138.95
1675 139.0
1676 139.0
1677 139.0
1678 139.1
1679 139.1
1680 139.15
1681 139.25
1682 139.25
1683 139.35
1684 139.35
1685 139.35
1686 139.45
1687 139.45
1688 139.45
1689 139.55
1690 139.65
1691 139.65
1692 139.65
1693 139.7
1694 139.7
1695 139.8
1696 139.9
1697 139.9
1698 139.95
1699 140.05
1700 140.05
1701 140.1
1702 140.1
1703 140.15
1704 140.15
1705 140.15
1706 140.15
1707 140.15
1708 140.15
1709 140.15
1710 140.2
1711 140.25
1712 140.45
1713 140.45
1714 140.45
1715 140.5
1716 140.55
1717 140.55
1718 140.55
1719 140.6
1720 140.6
1721 140.6
1722 140.6
1723 140.6
1724 140.65
1725 140.7
1726 140.75
1727 140.8
1728 140.8
1729 140.8
1730 140.9
1731 140.95
1732 140.95
1733 141.05
1734 141.05
1735 141.05
1736 141.05
1737 141.1
1738 141.1
1739 141.1
1740 141.15
1741 141.2
1742 141.25
1743 141.25
1744 141.3
1745 141.35
1746 141.35
1747 141.35
1748 141.45
1749 141.45
1750 141.45
1751 141.45
1752 141.5
1753 141.55
1754 141.55
1755 141.65
1756 141.75
1757 141.9
1758 142.05
1759 142.05
1760 142.05
1761 142.1
1762 142.15
1763 142.15
1764 142.15
1765 142.25
1766 142.25
1767 142.25
1768 142.25
1769 142.25
1770 142.3
1771 142.3
1772 142.3
1773 142.3
1774 142.35
1775 142.35
1776 142.35
1777 142.35
1778 142.4
1779 142.45
1780 142.5
1781 142.55
1782 142.6
1783 142.6
1784 142.65
1785 142.75
1786 142.8
1787 142.8
1788 142.8
1789 142.85
1790 142.9
1791 142.9
1792 142.9
1793 142.9
1794 142.9
1795 142.95
1796 143.0
1797 143.1
1798 143.1
1799 143.25
1800 143.25
1801 143.25
1802 143.25
1803 143.25
1804 143.3
1805 143.3
1806 143.3
1807 143.3
1808 143.3
1809 143.3
1810 143.3
1811 143.3
1812 143.35
1813 143.45
1814 143.45
1815 143.45
1816 143.45
1817 143.5
1818 143.5
1819 143.5
1820 143.5
1821 143.5
1822 143.5
1823 143.55
1824 143.55
1825 143.55
1826 143.55
1827 143.55
1828 143.55
1829 143.6
1830 143.65
1831 143.65
1832 143.7
1833 143.7
1834 143.75
1835 143.75
1836 143.75
1837 143.8
1838 143.8
1839 143.8
1840 143.85
1841 143.85
1842 143.85
1843 143.85
1844 143.85
1845 143.85
1846 143.85
1847 143.85
1848 143.85
1849 143.95
1850 144.05
1851 144.05
1852 144.15
1853 144.15
1854 144.2
1855 144.25
1856 144.25
1857 144.3
1858 144.35
1859 144.55
1860 144.6
1861 144.6
1862 144.6
1863 144.6
1864 144.6
1865 144.75
1866 144.95
1867 144.95
1868 144.95
1869 144.95
1870 144.95
1871 145.1
1872 145.2
1873 145.2
1874 145.2
1875 145.2
1876 145.2
1877 145.25
1878 145.25
1879 145.35
1880 145.35
1881 145.4
1882 145.4
1883 145.45
1884 145.45
1885 145.45
1886 145.5
1887 145.6
1888 145.6
1889 145.6
1890 145.6
1891 145.65
1892 145.65
1893 145.65
1894 145.7
1895 145.85
1896 145.85
1897 145.85
1898 145.85
1899 145.95
1900 146.05
1901 146.05
1902 146.05
1903 146.05
1904 146.1
1905 146.15
1906 146.2
1907 146.2
1908 146.2
1909 146.2
1910 146.2
1911 146.2
1912 146.4
1913 146.4
1914 146.4
1915 146.4
1916 146.4
1917 146.4
1918 146.4
1919 146.4
1920 146.45
1921 146.45
1922 146.5
1923 146.55
1924 146.55
1925 146.55
1926 146.6
1927 146.6
1928 146.6
1929 146.6
1930 146.6
1931 146.65
1932 146.65
1933 146.65
1934 146.75
1935 146.75
1936 146.75
1937 146.75
1938 146.8
1939 146.85
1940 146.9
1941 146.95
1942 146.95
1943 146.95
1944 146.95
1945 147.0
1946 147.0
1947 147.05
1948 147.05
1949 147.05
1950 147.2
1951 147.25
1952 147.35
1953 147.35
1954 147.35
1955 147.35
1956 147.35
1957 147.5
1958 147.55
1959 147.55
1960 147.55
1961 147.55
1962 147.65
1963 147.65
1964 147.65
1965 147.65
1966 147.75
1967 147.75
1968 147.85
1969 147.95
1970 148.0
1971 148.05
1972 148.1
1973 148.15
1974 148.2
1975 148.2
1976 148.2
1977 148.25
1978 148.25
1979 148.25
1980 148.35
1981 148.35
1982 148.35
1983 148.4
1984 148.45
1985 148.45
1986 148.45
1987 148.45
1988 148.45
1989 148.45
1990 148.45
1991 148.55
1992 148.6
1993 148.6
1994 148.6
1995 148.6
1996 148.65
1997 148.65
1998 148.65
1999 148.65
2000 148.65
2001 148.65
2002 148.75
2003 148.75
2004 148.75
2005 148.75
2006 148.8
2007 148.8
2008 148.8
2009 148.8
2010 148.8
2011 148.95
2012 149.0
2013 149.0
2014 149.0
2015 149.05
2016 149.05
2017 149.05
2018 149.1
2019 149.1
2020 149.1
2021 149.1
2022 149.15
2023 149.25
2024 149.25
2025 149.25
2026 149.25
2027 149.25
2028 149.25
2029 149.25
2030 149.25
2031 149.25
2032 149.25
2033 149.3
2034 149.3
2035 149.35
2036 149.35
2037 149.35
2038 149.4
2039 149.4
2040 149.55
2041 149.6
2042 149.75
2043 149.75
2044 149.75
2045 149.75
2046 149.8
2047 149.8
2048 149.85
2049 149.9
2050 150.0
2051 150.0
2052 150.05
2053 150.05
2054 150.05
2055 150.1
2056 150.1
2057 150.15
2058 150.2
2059 150.25
2060 150.3
2061 150.35
2062 150.35
2063 150.4
2064 150.4
2065 150.4
2066 150.45
2067 150.45
2068 150.45
2069 150.55
2070 150.55
2071 150.6
2072 150.6
2073 150.6
2074 150.65
2075 150.7
2076 150.75
2077 150.8
2078 150.85
2079 150.85
2080 150.9
2081 150.9
2082 150.95
2083 151.0
2084 151.0
2085 151.05
2086 151.05
2087 151.1
2088 151.1
2089 151.15
2090 151.2
2091 151.2
2092 151.2
2093 151.25
2094 151.25
2095 151.3
2096 151.3
2097 151.35
2098 151.4
2099 151.4
2100 151.4
2101 151.4
2102 151.45
2103 151.45
2104 151.45
2105 151.45
2106 151.45
2107 151.55
2108 151.55
2109 151.55
2110 151.65
2111 151.65
2112 151.65
2113 151.65
2114 151.7
2115 151.7
2116 151.8
2117 151.8
2118 151.8
2119 151.8
2120 151.8
2121 151.8
2122 151.8
2123 151.8
2124 151.8
2125 151.85
2126 151.85
2127 151.85
2128 151.85
2129 151.85
2130 151.85
2131 151.85
2132 151.85
2133 152.0
2134 152.15
2135 152.15
2136 152.15
2137 152.2
2138 152.2
2139 152.2
2140 152.25
2141 152.25
2142 152.25
2143 152.25
2144 152.25
2145 152.3
2146 152.3
2147 152.3
2148 152.3
2149 152.3
2150 152.3
2151 152.35
2152 152.4
2153 152.6
2154 152.6
2155 152.6
2156 152.6
2157 152.7
2158 152.7
2159 152.7
2160 152.7
2161 152.7
2162 152.7
2163 152.85
2164 153.0
2165 153.05
2166 153.1
2167 153.2
2168 153.2
2169 153.25
2170 153.3
2171 153.3
2172 153.4
2173 153.45
2174 153.55
2175 153.55
2176 153.55
2177 153.55
2178 153.55
2179 153.55
2180 153.6
2181 153.65
2182 153.7
2183 153.7
2184 153.75
2185 153.75
2186 153.8
2187 153.8
2188 153.8
2189 153.85
2190 153.95
2191 153.95
2192 153.95
2193 153.95
2194 153.95
2195 153.95
2196 153.95
2197 154.05
2198 154.05
2199 154.05
2200 154.1
2201 154.2
2202 154.2
2203 154.25
2204 154.25
2205 154.3
2206 154.3
2207 154.35
2208 154.35
2209 154.35
2210 154.35
2211 154.35
2212 154.45
2213 154.45
2214 154.45
2215 154.45
2216 154.55
2217 154.55
2218 154.55
2219 154.6
2220 154.6
2221 154.65
2222 154.65
2223 154.65
2224 154.75
2225 154.8
2226 154.85
2227 154.9
2228 154.9
2229 154.95
2230 154.95
2231 154.95
2232 154.95
2233 155.0
2234 155.0
2235 155.0
2236 155.0
2237 155.1
2238 155.1
2239 155.1
2240 155.1
2241 155.2
2242 155.2
2243 155.2
2244 155.2
2245 155.2
2246 155.45
2247 155.45
2248 155.45
2249 155.45
2250 155.5
2251 155.6
2252 155.75
2253 155.75
2254 155.8
2255 155.8
2256 155.95
2257 155.95
2258 155.95
2259 155.95
2260 155.95
2261 156.0
2262 156.0
2263 156.0
2264 156.0
2265 156.0
2266 156.0
2267 156.0
2268 156.0
2269 156.0
2270 156.0
2271 156.1
2272 156.1
2273 156.1
2274 156.1
2275 156.1
2276 156.15
2277 156.15
2278 156.15
2279 156.15
2280 156.15
2281 156.15
2282 156.2
2283 156.2
2284 156.2
2285 156.2
2286 156.2
2287 156.2
2288 156.2
2289 156.3
2290 156.3
2291 156.35
2292 156.4
2293 156.4
2294 156.45
2295 156.45
2296 156.45
2297 156.5
2298 156.5
2299 156.5
2300 156.5
2301 156.55
2302 156.6
2303 156.6
2304 156.65
2305 156.7
2306 156.7
2307 156.7
2308 156.75
2309 156.75
2310 156.9
2311 156.9
2312 156.9
2313 156.9
2314 156.95
2315 156.95
2316 156.95
2317 156.95
2318 157.05
2319 157.15
2320 157.15
2321 157.2
2322 157.2
2323 157.2
2324 157.2
2325 157.3
2326 157.3
2327 157.35
2328 157.35
2329 157.35
2330 157.35
2331 157.4
2332 157.4
2333 157.4
2334 157.4
2335 157.4
2336 157.4
2337 157.4
2338 157.4
2339 157.4
2340 157.4
2341 157.45
2342 157.45
2343 157.5
2344 157.55
2345 157.55
2346 157.55
2347 157.55
2348 157.55
2349 157.6
2350 157.6
2351 157.6
2352 157.6
2353 157.6
2354 157.6
2355 157.6
2356 157.65
2357 157.7
2358 157.7
2359 157.7
2360 157.75
2361 157.75
2362 157.75
2363 157.8
2364 157.8
2365 157.8
2366 157.8
2367 157.8
2368 157.8
2369 157.8
2370 157.8
2371 157.8
2372 157.8
2373 157.8
2374 157.85
2375 157.85
2376 157.9
2377 157.9
2378 158.0
2379 158.0
2380 158.0
2381 158.0
2382 158.0
2383 158.1
2384 158.15
2385 158.15
2386 158.15
2387 158.15
2388 158.15
2389 158.15
2390 158.25
2391 158.25
2392 158.3
2393 158.3
2394 158.3
2395 158.3
2396 158.3
2397 158.3
2398 158.3
2399 158.35
2400 158.45
2401 158.45
2402 158.45
2403 158.45
2404 158.45
2405 158.45
2406 158.5
2407 158.5
2408 158.5
2409 158.5
2410 158.5
2411 158.55
2412 158.6
2413 158.65
2414 158.65
2415 158.65
2416 158.65
2417 158.7
2418 158.75
2419 158.8
2420 158.8
2421 158.8
2422 158.8
2423 158.85
2424 158.85
2425 158.85
2426 158.9
2427 158.9
2428 158.9
2429 158.95
2430 158.95
2431 158.95
2432 158.95
2433 158.95
2434 158.95
2435 159.05
2436 159.15
2437 159.2
2438 159.25
2439 159.25
2440 159.3
2441 159.3
2442 159.3
2443 159.3
2444 159.3
2445 159.3
2446 159.35
2447 159.35
2448 159.35
2449 159.35
2450 159.35
2451 159.35
2452 159.35
2453 159.4
2454 159.45
2455 159.45
2456 159.5
2457 159.55
2458 159.6
2459 159.65
2460 159.65
2461 159.65
2462 159.75
2463 159.8
2464 159.8
2465 159.85
2466 159.85
2467 159.9
2468 159.9
2469 159.95
2470 159.95
2471 159.95
2472 159.95
2473 159.95
2474 159.95
2475 159.95
2476 159.95
2477 159.95
2478 159.95
2479 160.05
2480 160.05
2481 160.05
2482 160.05
2483 160.05
2484 160.05
2485 160.1
2486 160.15
2487 160.25
2488 160.3
2489 160.35
2490 160.35
2491 160.35
2492 160.4
2493 160.5
2494 160.5
2495 160.55
2496 160.6
2497 160.6
2498 160.6
2499 160.65
2500 160.75
2501 160.75
2502 160.75
2503 160.75
2504 160.8
2505 160.8
2506 160.8
2507 160.8
2508 160.85
2509 160.85
2510 160.85
2511 160.9
2512 160.9
2513 160.9
2514 160.9
2515 160.9
2516 160.9
2517 160.9
2518 160.9
2519 160.9
2520 160.9
2521 160.9
2522 160.95
2523 160.95
2524 161.0
2525 161.0
2526 161.0
2527 161.0
2528 161.0
2529 161.0
2530 161.0
2531 161.05
2532 161.05
2533 161.1
2534 161.1
2535 161.1
2536 161.1
2537 161.2
2538 161.2
2539 161.2
2540 161.2
2541 161.25
2542 161.25
2543 161.25
2544 161.25
2545 161.25
2546 161.25
2547 161.35
2548 161.4
2549 161.45
2550 161.45
2551 161.45
2552 161.5
2553 161.5
2554 161.5
2555 161.55
2556 161.55
2557 161.55
2558 161.55
2559 161.55
2560 161.55
2561 161.55
2562 161.55
2563 161.55
2564 161.55
2565 161.65
2566 161.65
2567 161.7
2568 161.7
2569 161.7
2570 161.7
2571 161.7
2572 161.7
2573 161.7
2574 161.7
2575 161.7
2576 161.75
2577 161.75
2578 161.75
2579 161.8
2580 161.8
2581 161.8
2582 161.9
2583 161.9
2584 161.9
2585 161.9
2586 161.9
2587 161.9
2588 161.9
2589 161.9
2590 161.9
2591 161.9
2592 161.9
2593 161.95
2594 162.05
2595 162.05
2596 162.05
2597 162.1
2598 162.1
2599 162.15
2600 162.15
2601 162.2
2602 162.3
2603 162.3
2604 162.45
2605 162.45
2606 162.45
2607 162.45
2608 162.45
2609 162.45
2610 162.45
2611 162.45
2612 162.5
2613 162.5
2614 162.5
2615 162.5
2616 162.5
2617 162.5
2618 162.5
2619 162.55
2620 162.55
2621 162.6
2622 162.6
2623 162.6
2624 162.6
2625 162.65
2626 162.75
2627 162.75
2628 162.8
2629 162.8
2630 162.85
2631 162.9
2632 162.9
2633 162.9
2634 162.9
2635 162.9
2636 162.9
2637 162.9
2638 162.9
2639 162.9
2640 162.9
2641 163.0
2642 163.05
2643 163.05
2644 163.1
2645 163.15
2646 163.15
2647 163.25
2648 163.25
2649 163.25
2650 163.25
2651 163.25
2652 163.3
2653 163.3
2654 163.3
2655 163.3
2656 163.3
2657 163.3
2658 163.35
2659 163.4
2660 163.45
2661 163.5
2662 163.5
2663 163.5
2664 163.5
2665 163.55
2666 163.55
2667 163.55
2668 163.55
2669 163.55
2670 163.6
2671 163.6
2672 163.6
2673 163.65
2674 163.65
2675 163.65
2676 163.65
2677 163.65
2678 163.7
2679 163.7
2680 163.7
2681 163.7
2682 163.7
2683 163.7
2684 163.7
2685 163.75
2686 163.75
2687 163.8
2688 163.8
2689 163.8
2690 163.8
2691 163.8
2692 163.85
2693 163.85
2694 163.85
2695 163.85
2696 163.9
2697 163.9
2698 163.9
2699 163.9
2700 163.9
2701 163.95
2702 163.95
2703 163.95
2704 163.95
2705 163.95
2706 163.95
2707 163.95
2708 163.95
2709 163.95
2710 163.95
2711 163.95
2712 164.05
2713 164.05
2714 164.05
2715 164.1
2716 164.15
2717 164.15
2718 164.2
2719 164.2
2720 164.2
2721 164.2
2722 164.2
2723 164.2
2724 164.2
2725 164.2
2726 164.25
2727 164.25
2728 164.25
2729 164.3
2730 164.3
2731 164.35
2732 164.35
2733 164.35
2734 164.35
2735 164.35
2736 164.35
2737 164.35
2738 164.35
2739 164.45
2740 164.5
2741 164.5
2742 164.5
2743 164.55
2744 164.55
2745 164.55
2746 164.55
2747 164.55
2748 164.55
2749 164.55
2750 164.55
2751 164.55
2752 164.55
2753 164.55
2754 164.6
2755 164.65
2756 164.65
2757 164.7
2758 164.75
2759 164.75
2760 164.75
2761 164.8
2762 164.85
2763 164.85
2764 164.85
2765 164.85
2766 164.85
2767 164.85
2768 164.9
2769 164.95
2770 164.95
2771 164.95
2772 165.0
2773 165.05
2774 165.05
2775 165.05
2776 165.05
2777 165.05
2778 165.1
2779 165.1
2780 165.15
2781 165.15
2782 165.2
2783 165.25
2784 165.25
2785 165.3
2786 165.3
2787 165.3
2788 165.3
2789 165.3
2790 165.35
2791 165.35
2792 165.35
2793 165.35
2794 165.35
2795 165.35
2796 165.35
2797 165.35
2798 165.35
2799 165.4
2800 165.4
2801 165.4
2802 165.4
2803 165.4
2804 165.4
2805 165.4
2806 165.4
2807 165.4
2808 165.45
2809 165.45
2810 165.5
2811 165.55
2812 165.55
2813 165.65
2814 165.65
2815 165.65
2816 165.65
2817 165.65
2818 165.65
2819 165.65
2820 165.65
2821 165.7
2822 165.7
2823 165.75
2824 165.75
2825 165.85
2826 165.85
2827 165.85
2828 165.85
2829 165.85
2830 165.85
2831 165.85
2832 165.85
2833 165.85
2834 165.85
2835 165.85
2836 165.9
2837 165.9
2838 165.9
2839 165.9
2840 165.9
2841 165.9
2842 165.9
2843 165.9
2844 165.95
2845 165.95
2846 166.0
2847 166.0
2848 166.0
2849 166.05
2850 166.05
2851 166.1
2852 166.1
2853 166.1
2854 166.1
2855 166.1
2856 166.1
2857 166.1
2858 166.1
2859 166.1
2860 166.15
2861 166.15
2862 166.15
2863 166.2
2864 166.2
2865 166.2
2866 166.2
2867 166.2
2868 166.2
2869 166.2
2870 166.25
2871 166.25
2872 166.25
2873 166.25
2874 166.25
2875 166.25
2876 166.25
2877 166.25
2878 166.25
2879 166.25
2880 166.25
2881 166.25
2882 166.25
2883 166.25
2884 166.25
2885 166.25
2886 166.3
2887 166.3
2888 166.3
2889 166.3
2890 166.3
2891 166.3
2892 166.3
2893 166.3
2894 166.3
2895 166.35
2896 166.35
2897 166.35
2898 166.35
2899 166.35
2900 166.4
2901 166.45
2902 166.5
2903 166.5
2904 166.5
2905 166.5
2906 166.55
2907 166.55
2908 166.55
2909 166.55
2910 166.6
2911 166.6
2912 166.65
2913 166.65
2914 166.65
2915 166.7
2916 166.7
2917 166.8
2918 166.8
2919 166.8
2920 166.8
2921 166.8
2922 166.8
2923 166.8
2924 166.85
2925 166.85
2926 166.9
2927 166.95
2928 166.95
2929 166.95
2930 166.95
2931 166.95
2932 166.95
2933 166.95
2934 166.95
2935 166.95
2936 166.95
2937 166.95
2938 167.0
2939 167.0
2940 167.05
2941 167.15
2942 167.15
2943 167.15
2944 167.2
2945 167.2
2946 167.25
2947 167.25
2948 167.3
2949 167.3
2950 167.3
2951 167.3
2952 167.3
2953 167.3
2954 167.3
2955 167.3
2956 167.3
2957 167.45
2958 167.45
2959 167.5
2960 167.6
2961 167.6
2962 167.6
2963 167.65
2964 167.65
2965 167.65
2966 167.65
2967 167.7
2968 167.7
2969 167.75
2970 167.75
2971 167.75
2972 167.75
2973 167.75
2974 167.75
2975 167.75
2976 167.8
2977 167.8
2978 167.8
2979 167.8
2980 167.8
2981 167.8
2982 167.8
2983 167.9
2984 167.9
2985 167.9
2986 167.95
2987 168.0
2988 168.0
2989 168.0
2990 168.0
2991 168.0
2992 168.0
2993 168.1
2994 168.1
2995 168.1
2996 168.15
2997 168.2
2998 168.25
2999 168.25
3000 168.25
3001 168.25
3002 168.25
3003 168.25
3004 168.25
3005 168.25
3006 168.3
3007 168.3
3008 168.35
3009 168.35
3010 168.35
3011 168.35
3012 168.35
3013 168.35
3014 168.4
3015 168.45
3016 168.5
3017 168.55
3018 168.55
3019 168.55
3020 168.55
3021 168.6
3022 168.65
3023 168.65
3024 168.65
3025 168.65
3026 168.65
3027 168.7
3028 168.7
3029 168.7
3030 168.75
3031 168.75
3032 168.8
3033 168.8
3034 168.85
3035 168.85
3036 168.85
3037 168.85
3038 168.85
3039 168.85
3040 168.85
3041 168.9
3042 168.9
3043 168.95
3044 168.95
3045 169.05
3046 169.1
3047 169.1
3048 169.1
3049 169.1
3050 169.1
3051 169.2
3052 169.2
3053 169.2
3054 169.2
3055 169.25
3056 169.25
3057 169.3
3058 169.3
3059 169.3
3060 169.3
3061 169.3
3062 169.3
3063 169.3
3064 169.3
3065 169.3
3066 169.3
3067 169.3
3068 169.3
3069 169.3
3070 169.3
3071 169.3
3072 169.3
3073 169.3
3074 169.3
3075 169.3
3076 169.35
3077 169.45
3078 169.45
3079 169.45
3080 169.45
3081 169.45
3082 169.6
3083 169.6
3084 169.6
3085 169.65
3086 169.7
3087 169.7
3088 169.7
3089 169.75
3090 169.75
3091 169.8
3092 169.85
3093 169.85
3094 169.85
3095 169.85
3096 169.85
3097 169.85
3098 169.85
3099 169.85
3100 169.85
3101 169.85
3102 169.85
3103 169.85
3104 169.85
3105 169.85
3106 169.85
3107 169.85
3108 169.85
3109 169.85
3110 169.9
3111 169.95
3112 169.95
3113 169.95
3114 170.0
3115 170.0
3116 170.05
3117 170.05
3118 170.05
3119 170.1
3120 170.1
3121 170.2
3122 170.25
3123 170.25
3124 170.25
3125 170.25
3126 170.25
3127 170.25
3128 170.25
3129 170.3
3130 170.3
3131 170.3
3132 170.35
3133 170.35
3134 170.35
3135 170.4
3136 170.4
3137 170.4
3138 170.45
3139 170.45
3140 170.5
3141 170.5
3142 170.5
3143 170.5
3144 170.5
3145 170.5
3146 170.5
3147 170.5
3148 170.5
3149 170.5
3150 170.5
3151 170.5
3152 170.5
3153 170.55
3154 170.55
3155 170.55
3156 170.55
3157 170.55
3158 170.55
3159 170.55
3160 170.6
3161 170.6
3162 170.6
3163 170.75
3164 170.75
3165 170.75
3166 170.85
3167 170.85
3168 170.85
3169 170.85
3170 170.85
3171 170.9
3172 171.0
3173 171.0
3174 171.0
3175 171.0
3176 171.0
3177 171.0
3178 171.0
3179 171.0
3180 171.0
3181 171.0
3182 171.0
3183 171.05
3184 171.05
3185 171.05
3186 171.1
3187 171.15
3188 171.15
3189 171.2
3190 171.2
3191 171.2
3192 171.25
3193 171.25
3194 171.25
3195 171.25
3196 171.3
3197 171.35
3198 171.35
3199 171.35
3200 171.35
3201 171.35
3202 171.35
3203 171.35
3204 171.35
3205 171.4
3206 171.45
3207 171.45
3208 171.45
3209 171.45
3210 171.45
3211 171.45
3212 171.5
3213 171.5
3214 171.5
3215 171.5
3216 171.5
3217 171.5
3218 171.5
3219 171.5
3220 171.5
3221 171.5
3222 171.55
3223 171.65
3224 171.65
3225 171.65
3226 171.65
3227 171.65
3228 171.65
3229 171.65
3230 171.8
3231 171.8
3232 171.85
3233 171.9
3234 171.9
3235 171.9
3236 171.95
3237 172.0
3238 172.0
3239 172.05
3240 172.05
3241 172.05
3242 172.05
3243 172.05
3244 172.05
3245 172.05
3246 172.05
3247 172.05
3248 172.05
3249 172.1
3250 172.15
3251 172.15
3252 172.2
3253 172.2
3254 172.2
3255 172.2
3256 172.25
3257 172.25
3258 172.25
3259 172.25
3260 172.25
3261 172.25
3262 172.25
3263 172.25
3264 172.25
3265 172.3
3266 172.3
3267 172.3
3268 172.3
3269 172.35
3270 172.35
3271 172.35
3272 172.35
3273 172.35
3274 172.4
3275 172.45
3276 172.45
3277 172.45
3278 172.45
3279 172.45
3280 172.45
3281 172.5
3282 172.5
3283 172.55
3284 172.55
3285 172.55
3286 172.6
3287 172.6
3288 172.6
3289 172.6
3290 172.65
3291 172.65
3292 172.7
3293 172.75
3294 172.75
3295 172.75
3296 172.75
3297 172.75
3298 172.75
3299 172.75
3300 172.75
3301 172.75
3302 172.8
3303 172.8
3304 172.8
3305 172.8
3306 172.8
3307 172.85
3308 172.85
3309 172.9
3310 172.9
3311 172.95
3312 172.95
3313 172.95
3314 172.95
3315 173.0
3316 173.0
3317 173.0
3318 173.0
3319 173.15
3320 173.15
3321 173.15
3322 173.15
3323 173.15
3324 173.2
3325 173.25
3326 173.25
3327 173.25
3328 173.25
3329 173.25
3330 173.25
3331 173.25
3332 173.25
3333 173.25
3334 173.25
3335 173.25
3336 173.25
3337 173.25
3338 173.25
3339 173.25
3340 173.25
3341 173.25
3342 173.25
3343 173.25
3344 173.3
3345 173.4
3346 173.4
3347 173.45
3348 173.45
3349 173.5
3350 173.55
3351 173.55
3352 173.55
3353 173.55
3354 173.6
3355 173.6
3356 173.6
3357 173.6
3358 173.6
3359 173.6
3360 173.6
3361 173.6
3362 173.65
3363 173.65
3364 173.65
3365 173.65
3366 173.65
3367 173.65
3368 173.65
3369 173.65
3370 173.65
3371 173.65
3372 173.65
3373 173.7
3374 173.7
3375 173.75
3376 173.75
3377 173.75
3378 173.75
3379 173.75
3380 173.8
3381 173.8
3382 173.85
3383 173.85
3384 173.85
3385 173.85
3386 173.85
3387 173.85
3388 173.85
3389 173.85
3390 173.85
3391 173.9
3392 173.9
3393 173.9
3394 173.9
3395 174.0
3396 174.0
3397 174.0
3398 174.0
3399 174.0
3400 174.0
3401 174.05
3402 174.1
3403 174.15
3404 174.15
3405 174.15
3406 174.15
3407 174.15
3408 174.15
3409 174.25
3410 174.25
3411 174.25
3412 174.25
3413 174.25
3414 174.25
3415 174.25
3416 174.3
3417 174.3
3418 174.3
3419 174.3
3420 174.3
3421 174.3
3422 174.3
3423 174.3
3424 174.3
3425 174.3
3426 174.35
3427 174.35
3428 174.4
3429 174.4
3430 174.4
3431 174.4
3432 174.4
3433 174.45
3434 174.45
3435 174.45
3436 174.5
3437 174.6
3438 174.6
3439 174.6
3440 174.6
3441 174.6
3442 174.6
3443 174.65
3444 174.65
3445 174.65
3446 174.7
3447 174.7
3448 174.7
3449 174.7
3450 174.7
3451 174.7
3452 174.75
3453 174.75
3454 174.8
3455 174.8
3456 174.8
3457 174.8
3458 174.8
3459 174.8
3460 174.8
3461 174.8
3462 174.8
3463 174.8
3464 174.8
3465 174.8
3466 174.85
3467 174.85
3468 174.85
3469 174.85
3470 174.85
3471 174.85
3472 174.85
3473 174.95
3474 174.95
3475 174.95
3476 174.95
3477 174.95
3478 174.95
3479 174.95
3480 174.95
3481 174.95
3482 174.95
3483 174.95
3484 174.95
3485 174.95
3486 175.0
3487 175.0
3488 175.0
3489 175.05
3490 175.1
3491 175.1
3492 175.1
3493 175.15
3494 175.25
3495 175.25
3496 175.25
3497 175.3
3498 175.3
3499 175.3
3500 175.3
3501 175.3
3502 175.3
3503 175.3
3504 175.3
3505 175.3
3506 175.3
3507 175.3
3508 175.3
3509 175.35
3510 175.35
3511 175.35
3512 175.4
3513 175.4
3514 175.4
3515 175.4
3516 175.5
3517 175.5
3518 175.6
3519 175.6
3520 175.6
3521 175.6
3522 175.6
3523 175.6
3524 175.6
3525 175.6
3526 175.6
3527 175.6
3528 175.65
3529 175.7
3530 175.7
3531 175.7
3532 175.75
3533 175.75
3534 175.75
3535 175.75
3536 175.75
3537 175.75
3538 175.8
3539 175.8
3540 175.8
3541 175.8
3542 175.8
3543 175.8
3544 175.8
3545 175.8
3546 175.8
3547 175.8
3548 175.8
3549 175.8
3550 175.8
3551 175.8
3552 175.85
3553 175.85
3554 175.85
3555 175.85
3556 175.85
3557 175.85
3558 175.85
3559 175.9
3560 175.9
3561 175.95
3562 175.95
3563 175.95
3564 175.95
3565 175.95
3566 175.95
3567 175.95
3568 176.0
3569 176.0
3570 176.05
3571 176.05
3572 176.05
3573 176.05
3574 176.05
3575 176.05
3576 176.1
3577 176.1
3578 176.1
3579 176.1
3580 176.1
3581 176.1
3582 176.15
3583 176.15
3584 176.15
3585 176.3
3586 176.3
3587 176.3
3588 176.35
3589 176.4
3590 176.4
3591 176.4
3592 176.4
3593 176.4
3594 176.4
3595 176.4
3596 176.4
3597 176.4
3598 176.4
3599 176.4
3600 176.45
3601 176.45
3602 176.45
3603 176.45
3604 176.45
3605 176.45
3606 176.45
3607 176.45
3608 176.5
3609 176.5
3610 176.5
3611 176.5
3612 176.5
3613 176.5
3614 176.55
3615 176.6
3616 176.6
3617 176.65
3618 176.65
3619 176.7
3620 176.7
3621 176.7
3622 176.7
3623 176.8
3624 176.8
3625 176.8
3626 176.8
3627 176.85
3628 176.85
3629 176.85
3630 176.9
3631 176.9
3632 176.9
3633 176.9
3634 176.9
3635 176.9
3636 176.9
3637 176.95
3638 176.95
3639 176.95
3640 176.95
3641 176.95
3642 176.95
3643 176.95
3644 176.95
3645 177.0
3646 177.0
3647 177.0
3648 177.0
3649 177.05
3650 177.05
3651 177.05
3652 177.05
3653 177.05
3654 177.05
3655 177.05
3656 177.05
3657 177.15
3658 177.15
3659 177.15
3660 177.15
3661 177.15
3662 177.2
3663 177.2
3664 177.2
3665 177.2
3666 177.2
3667 177.25
3668 177.25
3669 177.3
3670 177.3
3671 177.3
3672 177.4
3673 177.4
3674 177.45
3675 177.45
3676 177.45
3677 177.45
3678 177.45
3679 177.45
3680 177.45
3681 177.5
3682 177.6
3683 177.6
3684 177.6
3685 177.65
3686 177.65
3687 177.65
3688 177.65
3689 177.65
3690 177.65
3691 177.65
3692 177.65
3693 177.65
3694 177.65
3695 177.65
3696 177.65
3697 177.7
3698 177.7
3699 177.75
3700 177.75
3701 177.75
3702 177.75
3703 177.75
3704 177.75
3705 177.75
3706 177.75
3707 177.75
3708 177.75
3709 177.8
3710 177.8
3711 177.8
3712 177.85
3713 177.85
3714 177.85
3715 177.9
3716 177.9
3717 178.0
3718 178.0
3719 178.05
3720 178.05
3721 178.05
3722 178.05
3723 178.05
3724 178.1
3725 178.1
3726 178.15
3727 178.15
3728 178.15
3729 178.15
3730 178.15
3731 178.15
3732 178.2
3733 178.2
3734 178.2
3735 178.2
3736 178.2
3737 178.2
3738 178.2
3739 178.25
3740 178.25
3741 178.3
3742 178.3
3743 178.3
3744 178.3
3745 178.3
3746 178.3
3747 178.35
3748 178.35
3749 178.35
3750 178.35
3751 178.35
3752 178.4
3753 178.4
3754 178.45
3755 178.5
3756 178.5
3757 178.5
3758 178.5
3759 178.55
3760 178.65
3761 178.65
3762 178.65
3763 178.65
3764 178.65
3765 178.65
3766 178.65
3767 178.65
3768 178.65
3769 178.65
3770 178.65
3771 178.65
3772 178.65
3773 178.65
3774 178.7
3775 178.7
3776 178.7
3777 178.7
3778 178.7
3779 178.7
3780 178.7
3781 178.7
3782 178.7
3783 178.75
3784 178.75
3785 178.75
3786 178.75
3787 178.75
3788 178.75
3789 178.8
3790 178.8
3791 178.8
3792 178.8
3793 178.8
3794 178.9
3795 178.95
3796 179.0
3797 179.0
3798 179.0
3799 179.0
3800 179.0
3801 179.0
3802 179.0
3803 179.0
3804 179.0
3805 179.0
3806 179.0
3807 179.0
3808 179.0
3809 179.0
3810 179.0
3811 179.0
3812 179.0
3813 179.0
3814 179.0
3815 179.05
3816 179.05
3817 179.05
3818 179.1
3819 179.1
3820 179.1
3821 179.2
3822 179.2
3823 179.3
3824 179.3
3825 179.3
3826 179.3
3827 179.3
3828 179.3
3829 179.3
3830 179.3
3831 179.3
3832 179.3
3833 179.35
3834 179.35
3835 179.35
3836 179.35
3837 179.35
3838 179.35
3839 179.35
3840 179.35
3841 179.35
3842 179.35
3843 179.35
3844 179.35
3845 179.35
3846 179.35
3847 179.35
3848 179.35
3849 179.35
3850 179.35
3851 179.35
3852 179.35
3853 179.35
3854 179.35
3855 179.35
3856 179.35
3857 179.35
3858 179.35
3859 179.35
3860 179.35
3861 179.35
3862 179.35
3863 179.35
3864 179.35
3865 179.35
3866 179.35
3867 179.35
3868 179.35
3869 179.4
3870 179.4
3871 179.4
3872 179.4
3873 179.4
3874 179.4
3875 179.4
3876 179.4
3877 179.45
3878 179.45
3879 179.45
3880 179.45
3881 179.45
3882 179.45
3883 179.45
3884 179.45
3885 179.45
3886 179.45
3887 179.45
3888 179.45
3889 179.5
3890 179.5
3891 179.5
3892 179.5
3893 179.55
3894 179.55
3895 179.55
3896 179.55
3897 179.55
3898 179.55
3899 179.55
3900 179.55
3901 179.55
3902 179.55
3903 179.55
3904 179.55
3905 179.55
3906 179.55
3907 179.55
3908 179.55
3909 179.55
3910 179.55
3911 179.55
3912 179.55
3913 179.55
3914 179.55
3915 179.55
3916 179.55
3917 179.55
3918 179.6
3919 179.65
3920 179.65
3921 179.65
3922 179.7
3923 179.7
3924 179.7
3925 179.7
3926 179.7
3927 179.75
3928 179.75
3929 179.75
3930 179.75
3931 179.75
3932 179.75
3933 179.75
3934 179.75
3935 179.75
3936 179.75
3937 179.75
3938 179.75
3939 179.75
3940 179.75
3941 179.75
3942 179.75
3943 179.75
3944 179.75
3945 179.75
3946 179.75
3947 179.75
3948 179.75
3949 179.75
3950 179.75
3951 179.75
3952 179.85
3953 179.85
3954 179.85
3955 179.85
3956 179.85
3957 179.85
3958 179.85
3959 179.85
3960 179.85
3961 179.85
3962 179.85
3963 179.85
3964 179.85
3965 179.85
3966 179.85
3967 179.85
3968 179.85
3969 179.85
3970 179.85
3971 179.85
3972 179.85
3973 179.85
3974 179.85
3975 180.0
3976 180.0
3977 180.0
3978 180.0
3979 180.0
3980 180.0
3981 180.0
3982 180.0
3983 180.05
3984 180.05
3985 180.05
3986 180.05
3987 180.05
3988 180.05
3989 180.05
3990 180.05
3991 180.1
3992 180.1
3993 180.2
3994 180.2
3995 180.2
3996 180.2
3997 180.2
3998 180.2
3999 180.2
4000 180.2
4001 180.2
4002 180.2
4003 180.2
4004 180.2
4005 180.25
4006 180.25
4007 180.25
4008 180.25
4009 180.25
4010 180.25
4011 180.25
4012 180.25
4013 180.25
4014 180.25
4015 180.25
4016 180.25
4017 180.25
4018 180.3
4019 180.3
4020 180.3
4021 180.3
4022 180.35
4023 180.35
4024 180.35
4025 180.35
4026 180.35
4027 180.35
4028 180.35
4029 180.35
4030 180.35
4031 180.35
4032 180.35
4033 180.35
4034 180.35
4035 180.35
4036 180.35
4037 180.35
4038 180.35
4039 180.35
4040 180.35
4041 180.35
4042 180.35
4043 180.35
4044 180.4
4045 180.4
4046 180.4
4047 180.4
4048 180.4
4049 180.4
4050 180.45
4051 180.45
4052 180.45
4053 180.45
4054 180.45
4055 180.45
4056 180.5
4057 180.5
4058 180.5
4059 180.5
4060 180.5
4061 180.55
4062 180.55
4063 180.6
4064 180.6
4065 180.6
4066 180.6
4067 180.6
4068 180.6
4069 180.6
4070 180.6
4071 180.6
4072 180.6
4073 180.6
4074 180.6
4075 180.6
4076 180.6
4077 180.6
4078 180.6
4079 180.6
4080 180.65
4081 180.65
4082 180.65
4083 180.65
4084 180.7
4085 180.7
4086 180.7
4087 180.7
4088 180.7
4089 180.7
4090 180.7
4091 180.7
4092 180.7
4093 180.7
4094 180.8
4095 180.8
4096 180.85
4097 180.95
4098 180.95
4099 181.0
4100 181.0
4101 181.0
4102 181.0
4103 181.05
4104 181.05
4105 181.05
4106 181.05
4107 181.05
4108 181.05
4109 181.1
4110 181.15
4111 181.25
4112 181.25
4113 181.25
4114 181.25
4115 181.3
4116 181.3
4117 181.3
4118 181.3
4119 181.3
4120 181.3
4121 181.35
4122 181.35
4123 181.35
4124 181.35
4125 181.35
4126 181.35
4127 181.35
4128 181.35
4129 181.35
4130 181.35
4131 181.35
4132 181.35
4133 181.35
4134 181.35
4135 181.35
4136 181.35
4137 181.35
4138 181.4
4139 181.4
4140 181.4
4141 181.4
4142 181.4
4143 181.4
4144 181.4
4145 181.4
4146 181.4
4147 181.4
4148 181.4
4149 181.4
4150 181.4
4151 181.4
4152 181.4
4153 181.4
4154 181.4
4155 181.4
4156 181.4
4157 181.5
4158 181.5
4159 181.5
4160 181.5
4161 181.5
4162 181.5
4163 181.5
4164 181.5
4165 181.5
4166 181.5
4167 181.5
4168 181.5
4169 181.5
4170 181.5
4171 181.5
4172 181.5
4173 181.5
4174 181.5
4175 181.5
4176 181.5
4177 181.5
4178 181.5
4179 181.5
4180 181.5
4181 181.55
4182 181.55
4183 181.55
4184 181.55
4185 181.55
4186 181.6
4187 181.6
4188 181.6
4189 181.6
4190 181.6
4191 181.6
4192 181.6
4193 181.6
4194 181.6
4195 181.6
4196 181.6
4197 181.6
4198 181.6
4199 181.6
4200 181.6
4201 181.6
4202 181.6
4203 181.6
4204 181.6
4205 181.6
4206 181.6
4207 181.6
4208 181.6
4209 181.6
4210 181.6
4211 181.6
4212 181.6
4213 181.6
4214 181.6
4215 181.6
4216 181.65
4217 181.65
4218 181.7
4219 181.7
4220 181.75
4221 181.85
4222 181.85
4223 181.85
4224 181.85
4225 181.85
4226 181.85
4227 181.85
4228 181.85
4229 181.9
4230 181.9
4231 181.9
4232 181.9
4233 181.9
4234 181.9
4235 181.9
4236 181.9
4237 181.9
4238 181.9
4239 181.9
4240 181.95
4241 181.95
4242 181.95
4243 181.95
4244 181.95
4245 181.95
4246 181.95
4247 182.0
4248 182.0
4249 182.0
4250 182.0
4251 182.0
4252 182.0
4253 182.0
4254 182.0
4255 182.0
4256 182.0
4257 182.0
4258 182.05
4259 182.05
4260 182.05
4261 182.05
4262 182.05
4263 182.1
4264 182.1
4265 182.1
4266 182.1
4267 182.1
4268 182.1
4269 182.1
4270 182.1
4271 182.1
4272 182.1
4273 182.1
4274 182.15
4275 182.15
4276 182.15
4277 182.15
4278 182.15
4279 182.15
4280 182.2
4281 182.2
4282 182.2
4283 182.2
4284 182.2
4285 182.2
4286 182.2
4287 182.2
4288 182.2
4289 182.2
4290 182.2
4291 182.2
4292 182.2
4293 182.2
4294 182.2
4295 182.2
4296 182.2
4297 182.2
4298 182.2
4299 182.2
4300 182.25
4301 182.25
4302 182.25
4303 182.25
4304 182.25
4305 182.3
4306 182.3
4307 182.35
4308 182.35
4309 182.35
4310 182.4
4311 182.4
4312 182.4
4313 182.4
4314 182.4
4315 182.4
4316 182.4
4317 182.4
4318 182.4
4319 182.4
4320 182.4
4321 182.4
4322 182.4
4323 182.4
4324 182.4
4325 182.4
4326 182.4
4327 182.4
4328 182.4
4329 182.4
4330 182.4
4331 182.45
4332 182.45
4333 182.45
4334 182.45
4335 182.45
4336 182.45
4337 182.45
4338 182.45
4339 182.45
4340 182.45
4341 182.45
4342 182.5
4343 182.5
4344 182.5
4345 182.5
4346 182.5
4347 182.5
4348 182.5
4349 182.5
4350 182.5
4351 182.5
4352 182.5
4353 182.5
4354 182.5
4355 182.5
4356 182.5
4357 182.5
4358 182.5
4359 182.5
4360 182.5
4361 182.5
4362 182.5
4363 182.5
4364 182.5
4365 182.5
4366 182.55
4367 182.55
4368 182.55
4369 182.55
4370 182.55
4371 182.55
4372 182.55
4373 182.55
4374 182.55
4375 182.55
4376 182.55
4377 182.55
4378 182.55
4379 182.55
4380 182.55
4381 182.55
4382 182.55
4383 182.6
4384 182.6
4385 182.65
4386 182.65
4387 182.65
4388 182.65
4389 182.65
4390 182.65
4391 182.65
4392 182.65
4393 182.65
4394 182.75
4395 182.75
4396 182.75
4397 182.8
4398 182.85
4399 182.85
4400 182.85
4401 182.9
4402 182.9
4403 182.9
4404 182.95
4405 183.0
4406 183.0
4407 183.0
4408 183.05
4409 183.05
4410 183.05
4411 183.05
4412 183.05
4413 183.1
4414 183.1
4415 183.1
4416 183.1
4417 183.1
4418 183.1
4419 183.1
4420 183.1
4421 183.1
4422 183.1
4423 183.1
4424 183.1
4425 183.1
4426 183.1
4427 183.1
4428 183.1
4429 183.1
4430 183.1
4431 183.1
4432 183.15
4433 183.15
4434 183.15
4435 183.25
4436 183.25
4437 183.25
4438 183.25
4439 183.3
4440 183.3
4441 183.3
4442 183.3
4443 183.3
4444 183.3
4445 183.3
4446 183.3
4447 183.3
4448 183.3
4449 183.3
4450 183.3
4451 183.3
4452 183.35
4453 183.35
4454 183.35
4455 183.35
4456 183.35
4457 183.35
4458 183.35
4459 183.35
4460 183.35
4461 183.35
4462 183.35
4463 183.4
4464 183.4
4465 183.4
4466 183.4
4467 183.4
4468 183.4
4469 183.4
4470 183.4
4471 183.4
4472 183.4
4473 183.45
4474 183.45
4475 183.45
4476 183.45
4477 183.5
4478 183.5
4479 183.5
4480 183.5
4481 183.5
4482 183.5
4483 183.5
4484 183.5
4485 183.5
4486 183.55
4487 183.55
4488 183.55
4489 183.55
4490 183.55
4491 183.55
4492 183.55
4493 183.6
4494 183.65
4495 183.7
4496 183.7
4497 183.7
4498 183.7
4499 183.7
4500 183.7
4501 183.7
4502 183.7
4503 183.7
4504 183.7
4505 183.7
4506 183.7
4507 183.7
4508 183.7
4509 183.7
4510 183.7
4511 183.7
4512 183.7
4513 183.7
4514 183.7
4515 183.7
4516 183.8
4517 183.8
4518 183.8
4519 183.8
4520 183.8
4521 183.85
4522 183.85
4523 183.85
4524 183.85
4525 183.85
4526 183.85
4527 183.85
4528 183.85
4529 183.85
4530 183.85
4531 183.85
4532 183.85
4533 183.9
4534 183.95
4535 183.95
4536 183.95
4537 183.95
4538 183.95
4539 183.95
4540 183.95
4541 183.95
4542 183.95
4543 183.95
4544 183.95
4545 183.95
4546 183.95
4547 183.95
4548 183.95
4549 183.95
4550 183.95
4551 183.95
4552 183.95
4553 184.0
4554 184.05
4555 184.05
4556 184.05
4557 184.05
4558 184.05
4559 184.05
4560 184.05
4561 184.1
4562 184.1
4563 184.1
4564 184.1
4565 184.1
4566 184.1
4567 184.2
4568 184.2
4569 184.3
4570 184.3
4571 184.3
4572 184.3
4573 184.3
4574 184.3
4575 184.3
4576 184.35
4577 184.4
4578 184.4
4579 184.4
4580 184.4
4581 184.4
4582 184.45
4583 184.5
4584 184.5
4585 184.5
4586 184.5
4587 184.5
4588 184.5
4589 184.5
4590 184.5
4591 184.5
4592 184.5
4593 184.5
4594 184.5
4595 184.5
4596 184.5
4597 184.5
4598 184.5
4599 184.5
4600 184.5
4601 184.5
4602 184.5
4603 184.55
4604 184.55
4605 184.6
4606 184.6
4607 184.6
4608 184.6
4609 184.6
4610 184.6
4611 184.65
4612 184.65
4613 184.65
4614 184.65
4615 184.65
4616 184.65
4617 184.65
4618 184.65
4619 184.65
4620 184.65
4621 184.65
4622 184.65
4623 184.65
4624 184.65
4625 184.65
4626 184.65
4627 184.65
4628 184.65
4629 184.65
4630 184.65
4631 184.65
4632 184.65
4633 184.65
4634 184.65
4635 184.65
4636 184.65
4637 184.65
4638 184.65
4639 184.65
4640 184.65
4641 184.65
4642 184.65
4643 184.65
4644 184.75
4645 184.75
4646 184.75
4647 184.75
4648 184.75
4649 184.75
4650 184.8
4651 184.8
4652 184.8
4653 184.8
4654 184.8
4655 184.8
4656 184.8
4657 184.8
4658 184.85
4659 184.85
4660 184.85
4661 184.85
4662 184.9
4663 184.9
4664 184.9
4665 184.9
4666 184.9
4667 184.9
4668 184.9
4669 184.95
4670 184.95
4671 184.95
4672 184.95
4673 184.95
4674 184.95
4675 184.95
4676 184.95
4677 184.95
4678 184.95
4679 184.95
4680 184.95
4681 184.95
4682 184.95
4683 184.95
4684 184.95
4685 185.0
4686 185.0
4687 185.0
4688 185.0
4689 185.0
4690 185.0
4691 185.0
4692 185.0
4693 185.0
4694 185.0
4695 185.0
4696 185.0
4697 185.0
4698 185.0
4699 185.0
4700 185.05
4701 185.1
4702 185.1
4703 185.15
4704 185.15
4705 185.15
4706 185.15
4707 185.15
4708 185.15
4709 185.15
4710 185.15
4711 185.15
4712 185.15
4713 185.15
4714 185.15
4715 185.15
4716 185.15
4717 185.15
4718 185.15
4719 185.15
4720 185.15
4721 185.15
4722 185.15
4723 185.15
4724 185.15
4725 185.15
4726 185.15
4727 185.15
4728 185.2
4729 185.2
4730 185.2
4731 185.2
4732 185.2
4733 185.2
4734 185.2
4735 185.2
4736 185.2
4737 185.25
4738 185.25
4739 185.25
4740 185.25
4741 185.25
4742 185.25
4743 185.25
4744 185.25
4745 185.25
4746 185.25
4747 185.25
4748 185.25
4749 185.25
4750 185.25
4751 185.25
4752 185.25
4753 185.25
4754 185.25
4755 185.25
4756 185.25
4757 185.25
4758 185.25
4759 185.25
4760 185.25
4761 185.25
4762 185.25
4763 185.25
4764 185.25
4765 185.25
4766 185.25
4767 185.25
4768 185.25
4769 185.25
4770 185.25
4771 185.25
4772 185.25
4773 185.3
4774 185.3
4775 185.35
4776 185.35
4777 185.35
4778 185.35
4779 185.35
4780 185.35
4781 185.35
4782 185.35
4783 185.35
4784 185.35
4785 185.35
4786 185.35
4787 185.35
4788 185.35
4789 185.35
4790 185.35
4791 185.4
4792 185.4
4793 185.4
4794 185.4
4795 185.4
4796 185.4
4797 185.4
4798 185.4
4799 185.6
4800 185.6
4801 185.6
4802 185.6
4803 185.6
4804 185.6
4805 185.6
4806 185.6
4807 185.6
4808 185.6
4809 185.6
4810 185.6
4811 185.6
4812 185.6
4813 185.6
4814 185.6
4815 185.6
4816 185.6
4817 185.6
4818 185.6
4819 185.6
4820 185.6
4821 185.6
4822 185.6
4823 185.6
4824 185.6
4825 185.6
4826 185.6
4827 185.6
4828 185.6
4829 185.6
4830 185.6
4831 185.75
4832 185.75
4833 185.75
4834 185.8
4835 185.8
4836 185.8
4837 185.8
4838 185.8
4839 185.8
4840 185.8
4841 185.85
4842 185.85
4843 185.85
4844 185.85
4845 185.85
4846 185.85
4847 185.85
4848 185.85
4849 185.85
4850 185.85
4851 185.85
4852 185.85
4853 185.9
4854 185.95
4855 185.95
4856 185.95
4857 185.95
4858 185.95
4859 185.95
4860 185.95
4861 185.95
4862 185.95
4863 185.95
4864 185.95
4865 186.05
4866 186.05
4867 186.05
4868 186.05
4869 186.05
4870 186.05
4871 186.05
4872 186.05
4873 186.1
4874 186.1
4875 186.1
4876 186.1
4877 186.1
4878 186.1
4879 186.1
4880 186.1
4881 186.1
4882 186.1
4883 186.2
4884 186.2
4885 186.2
4886 186.2
4887 186.2
4888 186.2
4889 186.25
4890 186.3
4891 186.3
4892 186.3
4893 186.3
4894 186.3
4895 186.3
4896 186.3
4897 186.3
4898 186.35
4899 186.35
4900 186.35
4901 186.35
4902 186.4
4903 186.4
4904 186.4
4905 186.4
4906 186.4
4907 186.4
4908 186.4
4909 186.4
4910 186.4
4911 186.4
4912 186.4
4913 186.4
4914 186.4
4915 186.4
4916 186.4
4917 186.4
4918 186.4
4919 186.4
4920 186.45
4921 186.45
4922 186.45
4923 186.45
4924 186.55
4925 186.55
4926 186.55
4927 186.55
4928 186.55
4929 186.55
4930 186.55
4931 186.55
4932 186.55
4933 186.55
4934 186.55
4935 186.55
4936 186.55
4937 186.6
4938 186.6
4939 186.6
4940 186.6
4941 186.6
4942 186.6
4943 186.65
4944 186.65
4945 186.65
4946 186.65
4947 186.65
4948 186.65
4949 186.65
4950 186.7
4951 186.7
4952 186.7
4953 186.7
4954 186.75
4955 186.75
4956 186.75
4957 186.75
4958 186.75
4959 186.8
4960 186.8
4961 186.8
4962 186.8
4963 186.8
4964 186.8
4965 186.8
4966 186.85
4967 186.85
4968 186.85
4969 186.85
4970 186.85
4971 186.85
4972 186.85
4973 186.85
4974 186.85
4975 186.85
4976 186.85
4977 186.85
4978 186.85
4979 186.85
4980 186.95
4981 186.95
4982 186.95
4983 186.95
4984 186.95
4985 186.95
4986 187.0
4987 187.0
4988 187.0
4989 187.05
4990 187.05
4991 187.05
4992 187.05
4993 187.05
4994 187.05
4995 187.05
4996 187.05
4997 187.05
4998 187.05
4999 187.05
5000 187.05
5001 187.05
5002 187.05
5003 187.05
5004 187.05
5005 187.05
5006 187.05
5007 187.05
5008 187.05
5009 187.05
5010 187.15
5011 187.15
5012 187.15
5013 187.15
5014 187.15
5015 187.15
5016 187.15
5017 187.15
5018 187.15
5019 187.15
5020 187.15
5021 187.15
5022 187.15
5023 187.15
5024 187.15
5025 187.15
5026 187.2
5027 187.2
5028 187.2
5029 187.2
5030 187.2
5031 187.2
5032 187.2
5033 187.2
5034 187.2
5035 187.2
5036 187.3
5037 187.3
5038 187.3
5039 187.3
5040 187.3
5041 187.3
5042 187.3
5043 187.35
5044 187.35
5045 187.35
5046 187.35
5047 187.35
5048 187.35
5049 187.35
5050 187.35
5051 187.35
5052 187.4
5053 187.4
5054 187.4
5055 187.4
5056 187.4
5057 187.4
5058 187.4
5059 187.4
5060 187.4
5061 187.4
5062 187.4
5063 187.4
5064 187.4
5065 187.4
5066 187.4
5067 187.4
5068 187.4
5069 187.4
5070 187.4
5071 187.4
5072 187.4
5073 187.4
5074 187.4
5075 187.4
5076 187.4
5077 187.4
5078 187.4
5079 187.4
5080 187.4
5081 187.4
5082 187.4
5083 187.4
5084 187.4
5085 187.4
5086 187.4
5087 187.4
5088 187.4
5089 187.4
5090 187.45
5091 187.45
5092 187.45
5093 187.45
5094 187.45
5095 187.5
5096 187.55
5097 187.55
5098 187.55
5099 187.55
5100 187.55
5101 187.55
5102 187.55
5103 187.55
5104 187.55
5105 187.6
5106 187.6
5107 187.6
5108 187.6
5109 187.6
5110 187.6
5111 187.6
5112 187.6
5113 187.6
5114 187.6
5115 187.65
5116 187.65
5117 187.65
5118 187.65
5119 187.65
5120 187.65
5121 187.65
5122 187.65
5123 187.65
5124 187.65
5125 187.65
5126 187.65
5127 187.65
5128 187.65
5129 187.65
5130 187.65
5131 187.65
5132 187.65
5133 187.7
5134 187.7
5135 187.7
5136 187.7
5137 187.7
5138 187.7
5139 187.7
5140 187.7
5141 187.75
5142 187.75
5143 187.8
5144 187.8
5145 187.8
5146 187.8
5147 187.8
5148 187.8
5149 187.8
5150 187.8
5151 187.8
5152 187.8
5153 187.8
5154 187.85
5155 187.85
5156 187.85
5157 187.85
5158 187.85
5159 187.85
5160 187.85
5161 187.85
5162 187.85
5163 187.9
5164 187.9
5165 187.9
5166 187.9
5167 187.9
5168 187.9
5169 187.9
5170 187.9
5171 187.9
5172 187.9
5173 187.9
5174 187.9
5175 187.9
5176 187.9
5177 187.9
5178 187.9
5179 187.9
5180 187.9
5181 187.9
5182 187.9
5183 187.9
5184 187.9
5185 187.9
5186 187.9
5187 187.9
5188 187.9
5189 187.9
5190 187.9
5191 187.9
5192 187.9
5193 187.9
5194 187.9
5195 187.9
5196 187.9
5197 187.9
5198 187.9
5199 187.95
5200 187.95
5201 187.95
5202 187.95
5203 187.95
5204 188.0
5205 188.0
5206 188.0
5207 188.0
5208 188.0
5209 188.0
5210 188.0
5211 188.0
5212 188.0
5213 188.0
5214 188.0
5215 188.0
5216 188.0
5217 188.0
5218 188.0
5219 188.0
5220 188.0
5221 188.0
5222 188.0
5223 188.0
5224 188.0
5225 188.0
5226 188.0
5227 188.0
5228 188.0
5229 188.05
5230 188.05
5231 188.05
5232 188.05
5233 188.1
5234 188.1
5235 188.1
5236 188.1
5237 188.15
5238 188.15
5239 188.15
5240 188.15
5241 188.15
5242 188.15
5243 188.15
5244 188.15
5245 188.15
5246 188.15
5247 188.15
5248 188.2
5249 188.2
5250 188.2
5251 188.2
5252 188.2
5253 188.2
5254 188.2
5255 188.2
5256 188.2
5257 188.2
5258 188.2
5259 188.2
5260 188.2
5261 188.2
5262 188.2
5263 188.2
5264 188.25
5265 188.25
5266 188.25
5267 188.25
5268 188.25
5269 188.25
5270 188.25
5271 188.25
5272 188.25
5273 188.25
5274 188.25
5275 188.35
5276 188.35
5277 188.35
5278 188.35
5279 188.35
5280 188.35
5281 188.4
5282 188.4
5283 188.4
5284 188.45
5285 188.45
5286 188.45
5287 188.45
5288 188.45
5289 188.45
5290 188.45
5291 188.45
5292 188.55
5293 188.55
5294 188.55
5295 188.55
5296 188.55
5297 188.55
5298 188.55
5299 188.55
5300 188.55
5301 188.6
5302 188.6
5303 188.6
5304 188.6
5305 188.6
5306 188.6
5307 188.6
5308 188.6
5309 188.6
5310 188.6
5311 188.6
5312 188.6
5313 188.6
5314 188.6
5315 188.6
5316 188.6
5317 188.6
5318 188.6
5319 188.6
5320 188.6
5321 188.6
5322 188.6
5323 188.6
5324 188.6
5325 188.65
5326 188.65
5327 188.65
5328 188.65
5329 188.65
5330 188.65
5331 188.65
5332 188.65
5333 188.65
5334 188.65
5335 188.65
5336 188.65
5337 188.65
5338 188.65
5339 188.65
5340 188.7
5341 188.7
5342 188.7
5343 188.7
5344 188.7
5345 188.7
5346 188.7
5347 188.7
5348 188.7
5349 188.7
5350 188.7
5351 188.7
5352 188.7
5353 188.7
5354 188.7
5355 188.7
5356 188.7
5357 188.75
5358 188.75
5359 188.75
5360 188.75
5361 188.75
5362 188.75
5363 188.75
5364 188.75
5365 188.75
5366 188.75
5367 188.75
5368 188.75
5369 188.75
5370 188.8
5371 188.8
5372 188.8
5373 188.8
5374 188.8
5375 188.8
5376 188.8
5377 188.8
5378 188.8
5379 188.8
5380 188.8
5381 188.8
5382 188.8
5383 188.8
5384 188.8
5385 188.8
5386 188.8
5387 188.8
5388 188.8
5389 188.8
5390 188.8
5391 188.8
5392 188.8
5393 188.8
5394 188.8
5395 188.8
5396 188.8
5397 188.8
5398 188.8
5399 188.8
5400 188.8
5401 188.85
5402 188.85
5403 188.85
5404 188.85
5405 188.85
5406 188.85
5407 188.85
5408 188.9
5409 188.9
5410 188.9
5411 188.95
5412 189.0
5413 189.0
5414 189.0
5415 189.0
5416 189.0
5417 189.0
5418 189.0
5419 189.0
5420 189.0
5421 189.0
5422 189.0
5423 189.05
5424 189.05
5425 189.05
5426 189.05
5427 189.05
5428 189.05
5429 189.05
5430 189.1
5431 189.15
5432 189.15
5433 189.15
5434 189.15
5435 189.15
5436 189.15
5437 189.15
5438 189.25
5439 189.25
5440 189.25
5441 189.25
5442 189.25
5443 189.25
5444 189.25
5445 189.25
5446 189.25
5447 189.25
5448 189.25
5449 189.25
5450 189.25
5451 189.25
5452 189.25
5453 189.3
5454 189.3
5455 189.3
5456 189.3
5457 189.3
5458 189.3
5459 189.3
5460 189.3
5461 189.3
5462 189.3
5463 189.3
5464 189.3
5465 189.3
5466 189.3
5467 189.3
5468 189.3
5469 189.3
5470 189.3
5471 189.3
5472 189.3
5473 189.3
5474 189.3
5475 189.3
5476 189.3
5477 189.3
5478 189.3
5479 189.3
5480 189.3
5481 189.3
5482 189.3
5483 189.35
5484 189.35
5485 189.35
5486 189.35
5487 189.35
5488 189.35
5489 189.4
5490 189.4
5491 189.4
5492 189.4
5493 189.4
5494 189.4
5495 189.4
5496 189.4
5497 189.4
5498 189.4
5499 189.4
5500 189.4
5501 189.4
5502 189.4
5503 189.4
5504 189.45
5505 189.45
5506 189.45
5507 189.5
5508 189.55
5509 189.55
5510 189.55
5511 189.55
5512 189.55
5513 189.55
5514 189.55
5515 189.55
5516 189.55
5517 189.55
5518 189.55
5519 189.55
5520 189.55
5521 189.55
5522 189.55
5523 189.55
5524 189.55
5525 189.55
5526 189.55
5527 189.55
5528 189.55
5529 189.55
5530 189.55
5531 189.55
5532 189.55
5533 189.55
5534 189.55
5535 189.55
5536 189.55
5537 189.65
5538 189.65
5539 189.65
5540 189.65
5541 189.65
5542 189.7
5543 189.7
5544 189.7
5545 189.7
5546 189.7
5547 189.7
5548 189.7
5549 189.7
5550 189.7
5551 189.7
5552 189.7
5553 189.7
5554 189.7
5555 189.7
5556 189.7
5557 189.7
5558 189.7
5559 189.7
5560 189.7
5561 189.7
5562 189.7
5563 189.7
5564 189.7
5565 189.7
5566 189.7
5567 189.7
5568 189.7
5569 189.7
5570 189.7
5571 189.7
5572 189.7
5573 189.7
5574 189.7
5575 189.7
5576 189.7
5577 189.7
5578 189.75
5579 189.75
5580 189.75
5581 189.75
5582 189.75
5583 189.75
5584 189.75
5585 189.75
5586 189.75
5587 189.8
5588 189.8
5589 189.8
5590 189.8
5591 189.85
5592 189.85
5593 189.85
5594 189.85
5595 189.85
5596 189.85
5597 189.85
5598 189.85
5599 189.85
5600 189.85
5601 189.85
5602 189.85
5603 189.85
5604 189.85
5605 189.85
5606 189.85
5607 189.85
5608 189.85
5609 189.9
5610 189.9
5611 189.9
5612 189.9
5613 189.9
5614 189.9
5615 189.9
5616 189.9
5617 189.9
5618 189.9
5619 189.9
5620 189.9
5621 189.95
5622 189.95
5623 189.95
5624 189.95
5625 189.95
5626 189.95
5627 189.95
5628 189.95
5629 189.95
5630 189.95
5631 189.95
5632 189.95
5633 189.95
5634 190.05
5635 190.05
5636 190.1
5637 190.1
5638 190.1
5639 190.1
5640 190.1
5641 190.1
5642 190.1
5643 190.1
5644 190.1
5645 190.1
5646 190.1
5647 190.15
5648 190.15
5649 190.15
5650 190.15
5651 190.15
5652 190.15
5653 190.15
5654 190.15
5655 190.15
5656 190.15
5657 190.15
5658 190.15
5659 190.15
5660 190.15
5661 190.15
5662 190.15
5663 190.15
5664 190.15
5665 190.15
5666 190.15
5667 190.15
5668 190.15
5669 190.15
5670 190.15
5671 190.2
5672 190.25
5673 190.25
5674 190.25
5675 190.25
5676 190.25
5677 190.25
5678 190.25
5679 190.25
5680 190.25
5681 190.25
5682 190.25
5683 190.25
5684 190.25
5685 190.25
5686 190.25
5687 190.3
5688 190.3
5689 190.3
5690 190.3
5691 190.3
5692 190.3
5693 190.35
5694 190.35
5695 190.35
5696 190.35
5697 190.35
5698 190.35
5699 190.35
5700 190.35
5701 190.35
5702 190.35
5703 190.35
5704 190.35
5705 190.35
5706 190.35
5707 190.4
5708 190.4
5709 190.4
5710 190.4
5711 190.4
5712 190.45
5713 190.45
5714 190.45
5715 190.45
5716 190.45
5717 190.5
5718 190.5
5719 190.5
5720 190.5
5721 190.5
5722 190.5
5723 190.5
5724 190.5
5725 190.5
5726 190.55
5727 190.55
5728 190.55
5729 190.55
5730 190.55
5731 190.55
5732 190.55
5733 190.55
5734 190.55
5735 190.55
5736 190.55
5737 190.55
5738 190.55
5739 190.55
5740 190.55
5741 190.55
5742 190.6
5743 190.6
5744 190.6
5745 190.6
5746 190.6
5747 190.6
5748 190.6
5749 190.6
5750 190.6
5751 190.6
5752 190.6
5753 190.6
5754 190.6
5755 190.6
5756 190.6
5757 190.6
5758 190.6
5759 190.6
5760 190.6
5761 190.6
5762 190.6
5763 190.6
5764 190.6
5765 190.6
5766 190.6
5767 190.6
5768 190.65
5769 190.65
5770 190.65
5771 190.65
5772 190.65
5773 190.65
5774 190.65
5775 190.65
5776 190.65
5777 190.65
5778 190.65
5779 190.65
5780 190.65
5781 190.65
5782 190.65
5783 190.65
5784 190.65
5785 190.65
5786 190.65
5787 190.65
5788 190.65
5789 190.65
5790 190.65
5791 190.65
5792 190.65
5793 190.65
5794 190.65
5795 190.65
5796 190.65
5797 190.7
5798 190.7
5799 190.7
5800 190.7
5801 190.7
5802 190.7
5803 190.7
5804 190.7
5805 190.7
5806 190.7
5807 190.7
5808 190.75
5809 190.75
5810 190.75
5811 190.75
5812 190.75
5813 190.75
5814 190.75
5815 190.75
5816 190.75
5817 190.75
5818 190.75
5819 190.75
5820 190.75
5821 190.75
5822 190.75
5823 190.75
5824 190.75
5825 190.75
5826 190.75
5827 190.75
5828 190.75
5829 190.75
5830 190.75
5831 190.75
5832 190.75
5833 190.75
5834 190.75
5835 190.75
5836 190.75
5837 190.75
5838 190.75
5839 190.75
5840 190.75
5841 190.75
5842 190.75
5843 190.75
5844 190.75
5845 190.75
5846 190.75
5847 190.75
5848 190.75
5849 190.75
5850 190.8
5851 190.8
5852 190.8
5853 190.8
5854 190.8
5855 190.8
5856 190.8
5857 190.8
5858 190.8
5859 190.8
5860 190.8
5861 190.8
5862 190.8
5863 190.8
5864 190.8
5865 190.8
5866 190.8
5867 190.8
5868 190.8
5869 190.8
5870 190.8
5871 190.8
5872 190.8
5873 190.8
5874 190.8
5875 190.8
5876 190.8
5877 190.8
5878 190.8
5879 190.8
5880 190.8
5881 190.8
5882 190.8
5883 190.8
5884 190.8
5885 190.8
5886 190.8
5887 190.8
5888 190.8
5889 190.8
5890 190.8
5891 190.8
5892 190.8
5893 190.8
5894 190.8
5895 190.85
5896 190.85
5897 190.85
5898 190.85
5899 190.85
5900 190.85
5901 190.85
5902 190.85
5903 190.85
5904 190.85
5905 190.85
5906 190.85
5907 190.85
5908 190.85
5909 190.85
5910 190.85
5911 190.85
5912 190.85
5913 190.85
5914 190.9
5915 190.9
5916 190.9
5917 190.9
5918 190.9
5919 190.9
5920 190.9
5921 190.9
5922 190.9
5923 190.9
5924 190.9
5925 190.9
5926 190.9
5927 190.9
5928 190.9
5929 190.9
5930 190.9
5931 190.9
5932 190.9
5933 190.9
5934 190.9
5935 190.9
5936 190.9
5937 190.9
5938 190.9
5939 190.9
5940 190.9
5941 190.9
5942 190.9
5943 190.9
5944 190.9
5945 190.9
5946 190.9
5947 190.9
5948 190.9
5949 190.9
5950 190.9
5951 190.9
5952 190.9
5953 190.9
5954 190.9
5955 190.9
5956 190.9
5957 190.95
5958 190.95
5959 190.95
5960 190.95
5961 190.95
5962 190.95
5963 190.95
5964 190.95
5965 190.95
5966 190.95
5967 190.95
5968 190.95
5969 190.95
5970 190.95
5971 190.95
5972 190.95
5973 190.95
5974 190.95
5975 190.95
5976 190.95
5977 191.0
5978 191.0
5979 191.0
5980 191.0
5981 191.0
5982 191.0
5983 191.0
5984 191.0
5985 191.05
5986 191.05
5987 191.05
5988 191.05
5989 191.05
5990 191.05
5991 191.05
5992 191.1
5993 191.1
5994 191.1
5995 191.1
5996 191.1
5997 191.1
5998 191.1
5999 191.1
