#iterations fitness
0 0.0
1 0.05
2 0.3
3 0.5
4 0.75
5 0.8
6 0.9
7 1.0
8 1.05
9 1.3
10 1.4
11 1.4
12 1.4
13 1.45
14 1.5
15 1.65
16 1.75
17 1.75
18 1.75
19 1.75
20 1.75
21 1.75
22 1.85
23 1.9
24 1.9
25 1.95
26 2.0
27 2.0
28 2.05
29 2.05
30 2.05
31 2.1
32 2.1
33 2.1
34 2.2
35 2.2
36 2.25
37 2.25
38 2.35
39 2.35
40 2.35
41 2.35
42 2.35
43 2.35
44 2.35
45 2.35
46 2.35
47 2.35
48 2.6
49 2.6
50 2.6
51 2.6
52 2.6
53 2.6
54 2.6
55 2.65
56 2.65
57 2.65
58 2.65
59 2.7
60 2.7
61 2.7
62 2.7
63 2.7
64 2.7
65 2.7
66 2.7
67 2.7
68 2.8
69 2.8
70 2.8
71 2.8
72 2.8
73 2.8
74 2.8
75 2.8
76 2.95
77 2.95
78 3.1
79 3.25
80 3.25
81 3.25
82 3.25
83 3.25
84 3.25
85 3.25
86 3.25
87 3.25
88 3.25
89 3.4
90 3.4
91 3.4
92 3.4
93 3.4
94 3.4
95 3.4
96 3.4
97 3.45
98 3.55
99 3.55
100 3.55
101 3.55
102 3.55
103 3.65
104 3.65
105 3.7
106 3.7
107 3.7
108 3.75
109 3.85
110 3.85
111 3.95
112 3.95
113 3.95
114 3.95
115 4.05
116 4.1
117 4.15
118 4.15
119 4.15
120 4.15
121 4.15
122 4.15
123 4.15
124 4.15
125 4.15
126 4.15
127 4.15
128 4.15
129 4.15
130 4.15
131 4.25
132 4.25
133 4.25
134 4.25
135 4.25
136 4.25
137 4.3
138 4.3
139 4.3
140 4.3
141 4.3
142 4.3
143 4.3
144 4.3
145 4.3
146 4.3
147 4.3
148 4.3
149 4.35
150 4.35
151 4.35
152 4.4
153 4.4
154 4.4
155 4.45
156 4.55
157 4.55
158 4.55
159 4.55
160 4.55
161 4.55
162 4.55
163 4.6
164 4.65
165 4.7
166 4.7
167 4.75
168 4.8
169 4.8
170 4.8
171 4.85
172 4.85
173 4.85
174 5.05
175 5.05
176 5.15
177 5.15
178 5.15
179 5.15
180 5.15
181 5.15
182 5.15
183 5.15
184 5.2
185 5.2
186 5.2
187 5.2
188 5.2
189 5.2
190 5.2
191 5.3
192 5.3
193 5.3
194 5.3
195 5.35
196 5.35
197 5.35
198 5.35
199 5.35
200 5.35
201 5.35
202 5.35
203 5.35
204 5.35
205 5.35
206 5.35
207 5.35
208 5.35
209 5.35
210 5.35
211 5.35
212 5.6
213 5.6
214 5.6
215 5.6
216 5.65
217 5.65
218 5.65
219 5.65
220 5.65
221 5.65
222 5.7
223 5.7
224 5.7
225 5.75
226 5.75
227 5.75
228 5.75
229 5.8
230 5.8
231 5.8
232 5.8
233 5.8
234 5.85
235 5.95
236 5.95
237 5.95
238 5.95
239 5.95
240 5.95
241 5.95
242 5.95
243 5.95
244 5.95
245 5.95
246 6.05
247 6.05
248 6.15
249 6.2
250 6.3
251 6.3
252 6.3
253 6.3
254 6.3
255 6.3
256 6.3
257 6.3
258 6.3
259 6.3
260 6.3
261 6.35
262 6.35
263 6.4
264 6.55
265 6.7
266 6.7
267 6.8
268 6.8
269 6.8
270 6.8
271 6.8
272 6.8
273 6.8
274 6.8
275 6.9
276 6.9
277 6.9
278 6.9
279 6.9
280 6.9
281 6.9
282 6.95
283 6.95
284 6.95
285 6.95
286 7.0
287 7.0
288 7.0
289 7.0
290 7.0
291 7.05
292 7.05
293 7.05
294 7.05
295 7.05
296 7.1
297 7.1
298 7.1
299 7.1
300 7.1
301 7.1
302 7.1
303 7.1
304 7.1
305 7.15
306 7.15
307 7.2
308 7.25
309 7.25
310 7.25
311 7.25
312 7.35
313 7.35
314 7.35
315 7.35
316 7.35
317 7.35
318 7.35
319 7.35
320 7.35
321 7.35
322 7.5
323 7.5
324 7.5
325 7.6
326 7.6
327 7.6
328 7.6
329 7.6
330 7.6
331 7.6
332 7.6
333 7.6
334 7.6
335 7.6
336 7.6
337 7.6
338 7.6
339 7.6
340 7.6
341 7.6
342 7.6
343 7.7
344 7.7
345 7.8
346 7.8
347 7.8
348 7.8
349 7.8
350 7.9
351 7.9
352 7.9
353 7.9
354 7.95
355 7.95
356 7.95
357 7.95
358 7.95
359 8.0
360 8.0
361 8.0
362 8.0
363 8.0
364 8.0
365 8.0
366 8.0
367 8.0
368 8.0
369 8.1
370 8.15
371 8.2
372 8.2
373 8.2
374 8.2
375 8.2
376 8.2
377 8.2
378 8.2
379 8.2
380 8.25
381 8.25
382 8.25
383 8.25
384 8.5
385 8.55
386 8.55
387 8.55
388 8.55
389 8.55
390 8.55
391 8.55
392 8.65
393 8.65
394 8.65
395 8.65
396 8.65
397 8.65
398 8.65
399 8.75
400 8.75
401 8.85
402 8.85
403 8.85
404 8.85
405 8.9
406 8.9
407 8.95
408 8.95
409 8.95
410 8.95
411 8.95
412 9.0
413 9.0
414 9.0
415 9.0
416 9.1
417 9.1
418 9.15
419 9.15
420 9.15
421 9.15
422 9.15
423 9.25
424 9.25
425 9.25
426 9.25
427 9.25
428 9.3
429 9.3
430 9.3
431 9.3
432 9.5
433 9.5
434 9.5
435 9.5
436 9.5
437 9.5
438 9.5
439 9.5
440 9.55
441 9.7
442 9.7
443 9.7
444 9.7
445 9.7
446 9.7
447 9.7
448 9.7
449 9.7
450 9.75
451 9.8
452 9.8
453 9.85
454 9.9
455 9.9
456 9.95
457 10.0
458 10.0
459 10.0
460 10.05
461 10.1
462 10.1
463 10.1
464 10.1
465 10.1
466 10.2
467 10.25
468 10.25
469 10.25
470 10.3
471 10.3
472 10.3
473 10.3
474 10.3
475 10.3
476 10.3
477 10.3
478 10.3
479 10.3
480 10.4
481 10.4
482 10.4
483 10.4
484 10.4
485 10.4
486 10.4
487 10.4
488 10.45
489 10.45
490 10.45
491 10.5
492 10.55
493 10.65
494 10.65
495 10.65
496 10.65
497 10.65
498 10.7
499 10.7
500 10.7
501 10.7
502 10.7
503 10.7
504 10.7
505 10.7
506 10.7
507 10.7
508 10.7
509 10.7
510 10.7
511 10.85
512 10.85
513 10.85
514 10.85
515 10.85
516 10.85
517 10.9
518 10.9
519 10.95
520 10.95
521 10.95
522 10.95
523 10.95
524 10.95
525 10.95
526 10.95
527 10.95
528 11.0
529 11.05
530 11.15
531 11.15
532 11.15
533 11.15
534 11.2
535 11.2
536 11.2
537 11.2
538 11.4
539 11.4
540 11.4
541 11.4
542 11.4
543 11.55
544 11.55
545 11.55
546 11.6
547 11.6
548 11.6
549 11.6
550 11.6
551 11.6
552 11.6
553 11.6
554 11.6
555 11.6
556 11.6
557 11.6
558 11.6
559 11.6
560 11.6
561 11.6
562 11.6
563 11.75
564 11.75
565 11.8
566 11.8
567 11.8
568 11.8
569 11.85
570 11.85
571 11.9
572 11.9
573 11.9
574 11.9
575 11.9
576 12.0
577 12.0
578 12.0
579 12.0
580 12.0
581 12.0
582 12.0
583 12.0
584 12.0
585 12.0
586 12.0
587 12.0
588 12.0
589 12.0
590 12.0
591 12.0
592 12.05
593 12.05
594 12.05
595 12.05
596 12.05
597 12.2
598 12.2
599 12.2
600 12.25
601 12.3
602 12.3
603 12.35
604 12.35
605 12.35
606 12.35
607 12.45
608 12.45
609 12.45
610 12.45
611 12.45
612 12.45
613 12.45
614 12.55
615 12.6
616 12.65
617 12.75
618 12.75
619 13.15
620 13.15
621 13.15
622 13.15
623 13.2
624 13.2
625 13.2
626 13.2
627 13.2
628 13.2
629 13.2
630 13.2
631 13.2
632 13.3
633 13.35
634 13.35
635 13.35
636 13.35
637 13.35
638 13.35
639 13.35
640 13.35
641 13.35
642 13.35
643 13.35
644 13.35
645 13.35
646 13.35
647 13.4
648 13.4
649 13.4
650 13.4
651 13.4
652 13.4
653 13.45
654 13.45
655 13.45
656 13.6
657 13.6
658 13.6
659 13.6
660 13.6
661 13.6
662 13.7
663 13.7
664 13.7
665 13.7
666 13.7
667 13.85
668 13.85
669 13.85
670 13.85
671 13.85
672 13.85
673 13.9
674 13.9
675 13.9
676 13.9
677 13.95
678 13.95
679 13.95
680 14.0
681 14.0
682 14.0
683 14.05
684 14.05
685 14.05
686 14.05
687 14.05
688 14.05
689 14.1
690 14.1
691 14.1
692 14.1
693 14.25
694 14.35
695 14.35
696 14.35
697 14.35
698 14.35
699 14.35
700 14.35
701 14.35
702 14.35
703 14.35
704 14.35
705 14.35
706 14.35
707 14.35
708 14.35
709 14.4
710 14.45
711 14.5
712 14.5
713 14.6
714 14.6
715 14.6
716 14.6
717 14.7
718 14.7
719 14.7
720 14.7
721 14.8
722 14.9
723 14.9
724 14.9
725 14.9
726 14.9
727 14.9
728 14.9
729 14.9
730 14.9
731 14.9
732 15.0
733 15.0
734 15.0
735 15.0
736 15.0
737 15.0
738 15.0
739 15.0
740 15.0
741 15.0
742 15.0
743 15.0
744 15.0
745 15.0
746 15.0
747 15.0
748 15.0
749 15.0
750 15.05
751 15.05
752 15.05
753 15.1
754 15.1
755 15.1
756 15.15
757 15.15
758 15.2
759 15.2
760 15.25
761 15.25
762 15.25
763 15.25
764 15.35
765 15.35
766 15.35
767 15.35
768 15.35
769 15.35
770 15.5
771 15.5
772 15.5
773 15.5
774 15.55
775 15.55
776 15.55
777 15.55
778 15.55
779 15.55
780 15.55
781 15.7
782 15.7
783 15.75
784 15.75
785 15.75
786 15.75
787 15.75
788 15.75
789 15.8
790 15.8
791 15.85
792 15.85
793 15.85
794 15.85
795 15.85
796 15.95
797 15.95
798 15.95
799 15.95
800 16.05
801 16.05
802 16.1
803 16.1
804 16.1
805 16.1
806 16.1
807 16.1
808 16.1
809 16.15
810 16.15
811 16.15
812 16.15
813 16.15
814 16.15
815 16.15
816 16.15
817 16.15
818 16.2
819 16.2
820 16.4
821 16.4
822 16.4
823 16.4
824 16.4
825 16.4
826 16.4
827 16.65
828 16.65
829 16.65
830 16.65
831 16.65
832 16.65
833 16.65
834 16.65
835 16.65
836 16.65
837 16.65
838 16.7
839 16.7
840 16.7
841 16.7
842 16.7
843 16.7
844 16.7
845 16.8
846 16.8
847 16.85
848 16.85
849 16.9
850 16.9
851 16.9
852 16.9
853 16.9
854 16.95
855 16.95
856 17.0
857 17.0
858 17.1
859 17.1
860 17.1
861 17.1
862 17.2
863 17.2
864 17.2
865 17.2
866 17.2
867 17.2
868 17.25
869 17.25
870 17.25
871 17.35
872 17.45
873 17.45
874 17.45
875 17.45
876 17.45
877 17.45
878 17.45
879 17.45
880 17.45
881 17.45
882 17.45
883 17.5
884 17.5
885 17.5
886 17.6
887 17.6
888 17.75
889 17.75
890 17.8
891 17.8
892 17.8
893 17.8
894 17.8
895 17.8
896 17.85
897 18.0
898 18.0
899 18.0
900 18.0
901 18.1
902 18.1
903 18.1
904 18.1
905 18.1
906 18.1
907 18.1
908 18.1
909 18.1
910 18.1
911 18.1
912 18.1
913 18.1
914 18.25
915 18.25
916 18.25
917 18.25
918 18.25
919 18.35
920 18.35
921 18.35
922 18.4
923 18.45
924 18.45
925 18.45
926 18.45
927 18.45
928 18.5
929 18.5
930 18.5
931 18.5
932 18.55
933 18.55
934 18.55
935 18.55
936 18.65
937 18.65
938 18.65
939 18.65
940 18.65
941 18.65
942 18.65
943 18.7
944 18.7
945 18.7
946 18.7
947 18.7
948 18.7
949 18.7
950 18.7
951 18.7
952 18.7
953 18.75
954 18.75
955 18.75
956 18.75
957 18.75
958 18.8
959 18.9
960 18.9
961 18.9
962 18.9
963 18.9
964 18.95
965 18.95
966 18.95
967 18.95
968 18.95
969 18.95
970 18.95
971 18.95
972 18.95
973 18.95
974 18.95
975 18.95
976 19.0
977 19.0
978 19.0
979 19.05
980 19.1
981 19.15
982 19.15
983 19.15
984 19.15
985 19.15
986 19.3
987 19.3
988 19.3
989 19.3
990 19.35
991 19.35
992 19.55
993 19.6
994 19.6
995 19.6
996 19.6
997 19.6
998 19.6
999 19.65
1000 19.7
1001 19.75
1002 19.8
1003 19.9
1004 19.9
1005 19.9
1006 19.9
1007 19.9
1008 19.9
1009 19.95
1010 20.0
1011 20.0
1012 20.0
1013 20.05
1014 20.05
1015 20.05
1016 20.05
1017 20.1
1018 20.15
1019 20.15
1020 20.15
1021 20.2
1022 20.25
1023 20.25
1024 20.35
1025 20.4
1026 20.4
1027 20.4
1028 20.5
1029 20.5
1030 20.5
1031 20.5
1032 20.5
1033 20.5
1034 20.5
1035 20.5
1036 20.5
1037 20.5
1038 20.55
1039 20.55
1040 20.55
1041 20.55
1042 20.55
1043 20.55
1044 20.55
1045 20.6
1046 20.6
1047 20.6
1048 20.6
1049 20.6
1050 20.6
1051 20.65
1052 20.65
1053 20.65
1054 20.65
1055 20.65
1056 20.9
1057 20.9
1058 21.0
1059 21.0
1060 21.0
1061 21.0
1062 21.0
1063 21.05
1064 21.05
1065 21.05
1066 21.1
1067 21.15
1068 21.15
1069 21.15
1070 21.15
1071 21.15
1072 21.2
1073 21.2
1074 21.2
1075 21.2
1076 21.2
1077 21.2
1078 21.2
1079 21.2
1080 21.2
1081 21.2
1082 21.2
1083 21.2
1084 21.2
1085 21.2
1086 21.2
1087 21.2
1088 21.2
1089 21.2
1090 21.2
1091 21.2
1092 21.2
1093 21.2
1094 21.25
1095 21.25
1096 21.25
1097 21.25
1098 21.25
1099 21.4
1100 21.4
1101 21.4
1102 21.45
1103 21.45
1104 21.45
1105 21.45
1106 21.45
1107 21.45
1108 21.45
1109 21.45
1110 21.45
1111 21.45
1112 21.5
1113 21.5
1114 21.5
1115 21.5
1116 21.5
1117 21.5
1118 21.5
1119 21.5
1120 21.5
1121 21.6
1122 21.6
1123 21.65
1124 21.65
1125 21.65
1126 21.8
1127 21.8
1128 21.8
1129 21.8
1130 21.8
1131 21.8
1132 21.8
1133 21.8
1134 21.8
1135 21.8
1136 21.8
1137 21.8
1138 21.9
1139 21.9
1140 21.9
1141 21.9
1142 21.9
1143 21.9
1144 21.9
1145 21.9
1146 21.9
1147 21.9
1148 22.0
1149 22.0
1150 22.0
1151 22.0
1152 22.05
1153 22.05
1154 22.05
1155 22.05
1156 22.1
1157 22.1
1158 22.1
1159 22.2
1160 22.2
1161 22.2
1162 22.2
1163 22.2
1164 22.2
1165 22.35
1166 22.4
1167 22.5
1168 22.5
1169 22.65
1170 22.65
1171 22.7
1172 22.7
1173 22.75
1174 22.75
1175 22.75
1176 22.8
1177 22.8
1178 22.85
1179 22.9
1180 22.9
1181 22.9
1182 22.9
1183 22.95
1184 22.95
1185 22.95
1186 22.95
1187 22.95
1188 22.95
1189 22.95
1190 22.95
1191 22.95
1192 23.05
1193 23.1
1194 23.1
1195 23.2
1196 23.2
1197 23.2
1198 23.2
1199 23.2
1200 23.2
1201 23.2
1202 23.25
1203 23.3
1204 23.3
1205 23.3
1206 23.3
1207 23.35
1208 23.35
1209 23.35
1210 23.35
1211 23.35
1212 23.35
1213 23.4
1214 23.4
1215 23.4
1216 23.4
1217 23.4
1218 23.4
1219 23.4
1220 23.4
1221 23.4
1222 23.4
1223 23.45
1224 23.45
1225 23.45
1226 23.45
1227 23.45
1228 23.45
1229 23.5
1230 23.5
1231 23.65
1232 23.65
1233 23.65
1234 23.65
1235 23.7
1236 23.8
1237 23.8
1238 23.8
1239 23.8
1240 23.9
1241 23.95
1242 23.95
1243 23.95
1244 23.95
1245 23.95
1246 23.95
1247 23.95
1248 23.95
1249 23.95
1250 23.95
1251 23.95
1252 23.95
1253 23.95
1254 23.95
1255 23.95
1256 23.95
1257 23.95
1258 23.95
1259 23.95
1260 23.95
1261 23.95
1262 23.95
1263 24.0
1264 24.25
1265 24.35
1266 24.35
1267 24.35
1268 24.35
1269 24.35
1270 24.35
1271 24.45
1272 24.5
1273 24.5
1274 24.5
1275 24.5
1276 24.5
1277 24.5
1278 24.5
1279 24.5
1280 24.55
1281 24.55
1282 24.55
1283 24.55
1284 24.55
1285 24.55
1286 24.6
1287 24.6
1288 24.7
1289 24.7
1290 24.75
1291 24.75
1292 24.75
1293 24.75
1294 24.75
1295 24.75
1296 24.75
1297 24.75
1298 24.75
1299 24.75
1300 24.75
1301 24.75
1302 24.75
1303 24.75
1304 24.75
1305 24.75
1306 24.8
1307 24.8
1308 24.9
1309 24.95
1310 24.95
1311 24.95
1312 24.95
1313 24.95
1314 24.95
1315 24.95
1316 24.95
1317 24.95
1318 24.95
1319 24.95
1320 24.95
1321 24.95
1322 24.95
1323 24.95
1324 24.95
1325 24.95
1326 25.05
1327 25.15
1328 25.15
1329 25.15
1330 25.15
1331 25.15
1332 25.15
1333 25.15
1334 25.2
1335 25.3
1336 25.3
1337 25.3
1338 25.35
1339 25.35
1340 25.4
1341 25.4
1342 25.4
1343 25.4
1344 25.45
1345 25.45
1346 25.45
1347 25.45
1348 25.45
1349 25.45
1350 25.45
1351 25.45
1352 25.45
1353 25.45
1354 25.65
1355 25.65
1356 25.8
1357 25.8
1358 25.9
1359 25.9
1360 25.95
1361 25.95
1362 25.95
1363 26.0
1364 26.0
1365 26.05
1366 26.1
1367 26.1
1368 26.15
1369 26.15
1370 26.15
1371 26.15
1372 26.2
1373 26.2
1374 26.2
1375 26.2
1376 26.2
1377 26.2
1378 26.2
1379 26.25
1380 26.25
1381 26.25
1382 26.25
1383 26.25
1384 26.25
1385 26.25
1386 26.25
1387 26.25
1388 26.25
1389 26.25
1390 26.25
1391 26.25
1392 26.35
1393 26.35
1394 26.35
1395 26.35
1396 26.35
1397 26.35
1398 26.45
1399 26.45
1400 26.55
1401 26.55
1402 26.55
1403 26.55
1404 26.55
1405 26.6
1406 26.6
1407 26.6
1408 26.6
1409 26.6
1410 26.8
1411 26.8
1412 26.8
1413 26.8
1414 26.8
1415 26.85
1416 26.85
1417 26.85
1418 26.85
1419 26.85
1420 26.85
1421 26.85
1422 26.85
1423 26.85
1424 26.85
1425 26.95
1426 26.95
1427 27.1
1428 27.1
1429 27.1
1430 27.1
1431 27.1
1432 27.1
1433 27.15
1434 27.2
1435 27.2
1436 27.2
1437 27.2
1438 27.2
1439 27.2
1440 27.25
1441 27.25
1442 27.25
1443 27.25
1444 27.5
1445 27.5
1446 27.5
1447 27.5
1448 27.5
1449 27.5
1450 27.5
1451 27.55
1452 27.55
1453 27.55
1454 27.55
1455 27.55
1456 27.55
1457 27.55
1458 27.55
1459 27.55
1460 27.55
1461 27.55
1462 27.6
1463 27.6
1464 27.6
1465 27.6
1466 27.6
1467 27.6
1468 27.6
1469 27.6
1470 27.6
1471 27.6
1472 27.6
1473 27.7
1474 27.7
1475 27.7
1476 27.75
1477 27.75
1478 27.75
1479 27.75
1480 27.85
1481 27.9
1482 27.95
1483 28.05
1484 28.05
1485 28.05
1486 28.1
1487 28.1
1488 28.15
1489 28.2
1490 28.2
1491 28.2
1492 28.25
1493 28.25
1494 28.3
1495 28.5
1496 28.5
1497 28.5
1498 28.5
1499 28.5
1500 28.5
1501 28.5
1502 28.55
1503 28.55
1504 28.55
1505 28.55
1506 28.55
1507 28.55
1508 28.55
1509 28.55
1510 28.55
1511 28.55
1512 28.55
1513 28.55
1514 28.55
1515 28.55
1516 28.55
1517 28.55
1518 28.6
1519 28.65
1520 28.7
1521 28.7
1522 28.7
1523 28.7
1524 28.7
1525 28.7
1526 28.7
1527 28.7
1528 28.7
1529 28.8
1530 28.8
1531 28.8
1532 28.8
1533 28.8
1534 28.85
1535 28.85
1536 28.85
1537 28.85
1538 28.85
1539 28.9
1540 29.0
1541 29.0
1542 29.0
1543 29.0
1544 29.0
1545 29.05
1546 29.05
1547 29.05
1548 29.05
1549 29.05
1550 29.05
1551 29.05
1552 29.05
1553 29.1
1554 29.1
1555 29.1
1556 29.1
1557 29.2
1558 29.2
1559 29.2
1560 29.25
1561 29.3
1562 29.3
1563 29.3
1564 29.3
1565 29.3
1566 29.3
1567 29.3
1568 29.3
1569 29.3
1570 29.3
1571 29.3
1572 29.3
1573 29.4
1574 29.4
1575 29.4
1576 29.4
1577 29.4
1578 29.55
1579 29.6
1580 29.6
1581 29.6
1582 29.65
1583 29.65
1584 29.65
1585 29.65
1586 29.65
1587 29.65
1588 29.65
1589 29.65
1590 29.7
1591 29.7
1592 29.75
1593 29.75
1594 29.75
1595 29.75
1596 29.8
1597 29.8
1598 29.8
1599 29.85
1600 29.85
1601 29.85
1602 29.85
1603 29.85
1604 29.9
1605 29.9
1606 29.9
1607 29.9
1608 30.0
1609 30.0
1610 30.05
1611 30.05
1612 30.05
1613 30.05
1614 30.05
1615 30.05
1616 30.1
1617 30.1
1618 30.1
1619 30.1
1620 30.1
1621 30.15
1622 30.15
1623 30.15
1624 30.3
1625 30.5
1626 30.5
1627 30.6
1628 30.6
1629 30.6
1630 30.6
1631 30.6
1632 30.6
1633 30.7
1634 30.7
1635 30.7
1636 30.7
1637 30.75
1638 30.95
1639 30.95
1640 30.95
1641 30.95
1642 30.95
1643 30.95
1644 30.95
1645 31.05
1646 31.05
1647 31.05
1648 31.05
1649 31.05
1650 31.1
1651 31.1
1652 31.2
1653 31.2
1654 31.3
1655 31.3
1656 31.35
1657 31.35
1658 31.35
1659 31.4
1660 31.4
1661 31.45
1662 31.45
1663 31.45
1664 31.45
1665 31.45
1666 31.45
1667 31.7
1668 31.7
1669 31.7
1670 31.7
1671 31.7
1672 31.7
1673 31.7
1674 31.7
1675 31.7
1676 31.8
1677 31.8
1678 31.8
1679 31.8
1680 31.8
1681 31.8
1682 31.8
1683 31.8
1684 31.8
1685 31.8
1686 31.85
1687 31.85
1688 31.85
1689 31.9
1690 31.9
1691 32.0
1692 32.0
1693 32.0
1694 32.0
1695 32.0
1696 32.2
1697 32.2
1698 32.2
1699 32.2
1700 32.25
1701 32.25
1702 32.25
1703 32.25
1704 32.35
1705 32.35
1706 32.35
1707 32.35
1708 32.35
1709 32.35
1710 32.35
1711 32.4
1712 32.4
1713 32.4
1714 32.45
1715 32.5
1716 32.5
1717 32.5
1718 32.5
1719 32.5
1720 32.5
1721 32.5
1722 32.55
1723 32.55
1724 32.55
1725 32.55
1726 32.55
1727 32.55
1728 32.55
1729 32.55
1730 32.55
1731 32.55
1732 32.55
1733 32.55
1734 32.55
1735 32.55
1736 32.55
1737 32.55
1738 32.6
1739 32.6
1740 32.6
1741 32.6
1742 32.6
1743 32.6
1744 32.6
1745 32.65
1746 32.65
1747 32.65
1748 32.75
1749 32.75
1750 32.75
1751 32.8
1752 32.8
1753 32.85
1754 32.85
1755 32.85
1756 32.85
1757 32.85
1758 32.85
1759 32.85
1760 32.85
1761 32.9
1762 32.9
1763 32.95
1764 32.95
1765 32.95
1766 32.95
1767 32.95
1768 33.0
1769 33.05
1770 33.05
1771 33.05
1772 33.05
1773 33.05
1774 33.05
1775 33.05
1776 33.1
1777 33.1
1778 33.1
1779 33.1
1780 33.1
1781 33.1
1782 33.1
1783 33.15
1784 33.15
1785 33.15
1786 33.15
1787 33.15
1788 33.15
1789 33.15
1790 33.2
1791 33.2
1792 33.2
1793 33.2
1794 33.2
1795 33.2
1796 33.2
1797 33.2
1798 33.2
1799 33.2
1800 33.2
1801 33.2
1802 33.2
1803 33.2
1804 33.2
1805 33.2
1806 33.2
1807 33.25
1808 33.25
1809 33.25
1810 33.25
1811 33.25
1812 33.25
1813 33.3
1814 33.3
1815 33.4
1816 33.4
1817 33.4
1818 33.4
1819 33.45
1820 33.45
1821 33.45
1822 33.45
1823 33.5
1824 33.5
1825 33.5
1826 33.5
1827 33.5
1828 33.5
1829 33.5
1830 33.5
1831 33.6
1832 33.6
1833 33.6
1834 33.65
1835 33.65
1836 33.65
1837 33.7
1838 33.75
1839 33.75
1840 33.75
1841 33.75
1842 33.75
1843 33.75
1844 33.85
1845 33.85
1846 33.85
1847 33.85
1848 33.95
1849 33.95
1850 34.0
1851 34.1
1852 34.1
1853 34.1
1854 34.1
1855 34.15
1856 34.2
1857 34.2
1858 34.35
1859 34.4
1860 34.4
1861 34.4
1862 34.4
1863 34.4
1864 34.45
1865 34.5
1866 34.5
1867 34.5
1868 34.6
1869 34.6
1870 34.6
1871 34.6
1872 34.6
1873 34.6
1874 34.6
1875 34.6
1876 34.6
1877 34.6
1878 34.6
1879 34.6
1880 34.65
1881 34.7
1882 34.7
1883 34.7
1884 34.7
1885 34.7
1886 34.7
1887 34.7
1888 34.7
1889 34.7
1890 34.7
1891 34.7
1892 34.7
1893 34.7
1894 34.7
1895 34.7
1896 34.75
1897 34.75
1898 34.75
1899 34.75
1900 34.75
1901 34.75
1902 34.75
1903 34.8
1904 35.0
1905 35.05
1906 35.05
1907 35.05
1908 35.05
1909 35.1
1910 35.1
1911 35.1
1912 35.1
1913 35.1
1914 35.15
1915 35.15
1916 35.2
1917 35.2
1918 35.2
1919 35.2
1920 35.2
1921 35.2
1922 35.2
1923 35.4
1924 35.4
1925 35.5
1926 35.5
1927 35.6
1928 35.6
1929 35.7
1930 35.7
1931 35.7
1932 35.7
1933 35.7
1934 35.75
1935 35.75
1936 35.8
1937 35.8
1938 36.05
1939 36.05
1940 36.05
1941 36.05
1942 36.05
1943 36.05
1944 36.05
1945 36.05
1946 36.05
1947 36.05
1948 36.05
1949 36.05
1950 36.05
1951 36.05
1952 36.05
1953 36.05
1954 36.05
1955 36.05
1956 36.05
1957 36.05
1958 36.05
1959 36.05
1960 36.05
1961 36.05
1962 36.05
1963 36.05
1964 36.05
1965 36.1
1966 36.1
1967 36.1
1968 36.1
1969 36.1
1970 36.1
1971 36.15
1972 36.15
1973 36.15
1974 36.2
1975 36.2
1976 36.2
1977 36.3
1978 36.35
1979 36.35
1980 36.35
1981 36.35
1982 36.35
1983 36.35
1984 36.4
1985 36.4
1986 36.4
1987 36.4
1988 36.45
1989 36.45
1990 36.45
1991 36.45
1992 36.45
1993 36.45
1994 36.5
1995 36.5
1996 36.5
1997 36.5
1998 36.55
1999 36.55
2000 36.55
2001 36.55
2002 36.6
2003 36.65
2004 36.65
2005 36.65
2006 36.65
2007 36.65
2008 36.65
2009 36.75
2010 36.75
2011 36.75
2012 36.75
2013 36.75
2014 36.8
2015 36.8
2016 36.8
2017 36.8
2018 36.8
2019 36.85
2020 36.85
2021 36.9
2022 36.9
2023 36.9
2024 36.9
2025 36.95
2026 36.95
2027 36.95
2028 36.95
2029 36.95
2030 36.95
2031 36.95
2032 36.95
2033 36.95
2034 36.95
2035 36.95
2036 37.0
2037 37.0
2038 37.0
2039 37.0
2040 37.0
2041 37.0
2042 37.05
2043 37.15
2044 37.15
2045 37.25
2046 37.25
2047 37.25
2048 37.25
2049 37.45
2050 37.55
2051 37.55
2052 37.55
2053 37.65
2054 37.65
2055 37.65
2056 37.65
2057 37.8
2058 37.8
2059 37.8
2060 37.85
2061 37.85
2062 37.85
2063 37.85
2064 37.85
2065 37.85
2066 38.05
2067 38.05
2068 38.1
2069 38.1
2070 38.1
2071 38.15
2072 38.15
2073 38.15
2074 38.15
2075 38.15
2076 38.15
2077 38.15
2078 38.15
2079 38.15
2080 38.2
2081 38.2
2082 38.2
2083 38.2
2084 38.2
2085 38.2
2086 38.2
2087 38.2
2088 38.25
2089 38.25
2090 38.25
2091 38.25
2092 38.25
2093 38.25
2094 38.25
2095 38.25
2096 38.25
2097 38.25
2098 38.3
2099 38.35
2100 38.35
2101 38.35
2102 38.4
2103 38.45
2104 38.5
2105 38.5
2106 38.5
2107 38.5
2108 38.6
2109 38.6
2110 38.6
2111 38.6
2112 38.65
2113 38.7
2114 38.8
2115 38.8
2116 38.8
2117 38.9
2118 39.0
2119 39.0
2120 39.0
2121 39.0
2122 39.0
2123 39.0
2124 39.0
2125 39.0
2126 39.0
2127 39.0
2128 39.0
2129 39.0
2130 39.0
2131 39.05
2132 39.05
2133 39.05
2134 39.05
2135 39.05
2136 39.05
2137 39.05
2138 39.15
2139 39.15
2140 39.15
2141 39.15
2142 39.15
2143 39.15
2144 39.15
2145 39.15
2146 39.15
2147 39.15
2148 39.15
2149 39.15
2150 39.15
2151 39.3
2152 39.3
2153 39.3
2154 39.3
2155 39.3
2156 39.3
2157 39.3
2158 39.3
2159 39.3
2160 39.3
2161 39.3
2162 39.3
2163 39.4
2164 39.4
2165 39.45
2166 39.45
2167 39.45
2168 39.45
2169 39.45
2170 39.5
2171 39.5
2172 39.6
2173 39.7
2174 39.7
2175 39.7
2176 39.7
2177 39.7
2178 39.7
2179 39.7
2180 39.7
2181 39.7
2182 39.75
2183 39.75
2184 39.8
2185 39.8
2186 39.85
2187 39.85
2188 39.85
2189 39.85
2190 39.85
2191 39.85
2192 39.85
2193 39.85
2194 39.85
2195 39.9
2196 39.9
2197 39.9
2198 39.9
2199 39.9
2200 39.9
2201 39.9
2202 39.9
2203 39.9
2204 40.0
2205 40.0
2206 40.0
2207 40.0
2208 40.0
2209 40.1
2210 40.1
2211 40.1
2212 40.1
2213 40.1
2214 40.1
2215 40.1
2216 40.15
2217 40.15
2218 40.15
2219 40.15
2220 40.2
2221 40.2
2222 40.2
2223 40.2
2224 40.2
2225 40.2
2226 40.35
2227 40.4
2228 40.4
2229 40.4
2230 40.4
2231 40.45
2232 40.45
2233 40.45
2234 40.45
2235 40.5
2236 40.5
2237 40.55
2238 40.55
2239 40.55
2240 40.55
2241 40.55
2242 40.55
2243 40.55
2244 40.55
2245 40.55
2246 40.55
2247 40.6
2248 40.6
2249 40.65
2250 40.65
2251 40.65
2252 40.75
2253 40.75
2254 40.75
2255 40.8
2256 40.8
2257 40.8
2258 40.8
2259 40.8
2260 40.85
2261 40.85
2262 40.85
2263 40.85
2264 40.9
2265 40.9
2266 40.9
2267 40.9
2268 40.9
2269 40.9
2270 40.95
2271 40.95
2272 41.05
2273 41.15
2274 41.2
2275 41.2
2276 41.25
2277 41.25
2278 41.25
2279 41.25
2280 41.25
2281 41.25
2282 41.3
2283 41.3
2284 41.3
2285 41.3
2286 41.35
2287 41.35
2288 41.35
2289 41.4
2290 41.4
2291 41.4
2292 41.4
2293 41.4
2294 41.4
2295 41.4
2296 41.4
2297 41.4
2298 41.4
2299 41.4
2300 41.4
2301 41.4
2302 41.4
2303 41.4
2304 41.4
2305 41.4
2306 41.4
2307 41.4
2308 41.4
2309 41.5
2310 41.5
2311 41.55
2312 41.55
2313 41.55
2314 41.55
2315 41.55
2316 41.55
2317 41.55
2318 41.55
2319 41.55
2320 41.55
2321 41.55
2322 41.6
2323 41.6
2324 41.6
2325 41.6
2326 41.6
2327 41.6
2328 41.6
2329 41.6
2330 41.65
2331 41.65
2332 41.7
2333 41.7
2334 41.8
2335 41.8
2336 41.85
2337 41.9
2338 41.9
2339 41.9
2340 41.9
2341 41.9
2342 41.95
2343 41.95
2344 41.95
2345 41.95
2346 41.95
2347 41.95
2348 41.95
2349 42.0
2350 42.0
2351 42.0
2352 42.0
2353 42.0
2354 42.0
2355 42.0
2356 42.0
2357 42.0
2358 42.0
2359 42.0
2360 42.0
2361 42.0
2362 42.1
2363 42.1
2364 42.1
2365 42.1
2366 42.1
2367 42.2
2368 42.25
2369 42.25
2370 42.25
2371 42.25
2372 42.25
2373 42.4
2374 42.4
2375 42.4
2376 42.5
2377 42.5
2378 42.55
2379 42.55
2380 42.55
2381 42.55
2382 42.55
2383 42.55
2384 42.55
2385 42.55
2386 42.55
2387 42.55
2388 42.55
2389 42.6
2390 42.6
2391 42.6
2392 42.6
2393 42.6
2394 42.6
2395 42.6
2396 42.65
2397 42.65
2398 42.85
2399 42.9
2400 42.9
2401 42.95
2402 42.95
2403 42.95
2404 42.95
2405 42.95
2406 42.95
2407 42.95
2408 43.05
2409 43.05
2410 43.05
2411 43.05
2412 43.05
2413 43.05
2414 43.05
2415 43.05
2416 43.05
2417 43.05
2418 43.05
2419 43.1
2420 43.1
2421 43.1
2422 43.1
2423 43.15
2424 43.15
2425 43.2
2426 43.3
2427 43.3
2428 43.3
2429 43.3
2430 43.3
2431 43.3
2432 43.35
2433 43.35
2434 43.5
2435 43.5
2436 43.5
2437 43.5
2438 43.6
2439 43.6
2440 43.6
2441 43.6
2442 43.6
2443 43.65
2444 43.65
2445 43.65
2446 43.7
2447 43.7
2448 43.85
2449 43.85
2450 43.85
2451 43.85
2452 43.85
2453 43.9
2454 43.95
2455 43.95
2456 43.95
2457 43.95
2458 43.95
2459 44.15
2460 44.15
2461 44.15
2462 44.15
2463 44.15
2464 44.15
2465 44.2
2466 44.25
2467 44.25
2468 44.25
2469 44.25
2470 44.25
2471 44.25
2472 44.25
2473 44.25
2474 44.25
2475 44.25
2476 44.3
2477 44.3
2478 44.35
2479 44.35
2480 44.35
2481 44.35
2482 44.35
2483 44.35
2484 44.35
2485 44.35
2486 44.35
2487 44.4
2488 44.45
2489 44.5
2490 44.5
2491 44.5
2492 44.5
2493 44.5
2494 44.5
2495 44.55
2496 44.55
2497 44.55
2498 44.55
2499 44.55
2500 44.55
2501 44.55
2502 44.55
2503 44.55
2504 44.55
2505 44.55
2506 44.55
2507 44.55
2508 44.55
2509 44.8
2510 44.8
2511 44.85
2512 44.85
2513 44.85
2514 44.9
2515 45.0
2516 45.0
2517 45.0
2518 45.0
2519 45.0
2520 45.0
2521 45.0
2522 45.0
2523 45.0
2524 45.0
2525 45.0
2526 45.0
2527 45.0
2528 45.0
2529 45.25
2530 45.25
2531 45.35
2532 45.35
2533 45.35
2534 45.4
2535 45.4
2536 45.4
2537 45.4
2538 45.4
2539 45.4
2540 45.4
2541 45.4
2542 45.4
2543 45.45
2544 45.45
2545 45.6
2546 45.6
2547 45.6
2548 45.6
2549 45.6
2550 45.6
2551 45.6
2552 45.6
2553 45.6
2554 45.6
2555 45.65
2556 45.65
2557 45.65
2558 45.65
2559 45.65
2560 45.65
2561 45.65
2562 45.65
2563 45.7
2564 45.7
2565 45.7
2566 45.7
2567 45.7
2568 45.7
2569 45.7
2570 45.75
2571 45.75
2572 45.75
2573 45.75
2574 45.75
2575 45.75
2576 45.95
2577 45.95
2578 45.95
2579 45.95
2580 45.95
2581 45.95
2582 45.95
2583 45.95
2584 45.95
2585 45.95
2586 45.95
2587 45.95
2588 46.0
2589 46.1
2590 46.1
2591 46.1
2592 46.1
2593 46.25
2594 46.3
2595 46.3
2596 46.3
2597 46.3
2598 46.3
2599 46.35
2600 46.4
2601 46.4
2602 46.4
2603 46.4
2604 46.4
2605 46.4
2606 46.4
2607 46.45
2608 46.45
2609 46.45
2610 46.45
2611 46.45
2612 46.45
2613 46.5
2614 46.5
2615 46.5
2616 46.5
2617 46.5
2618 46.6
2619 46.6
2620 46.6
2621 46.75
2622 46.75
2623 46.8
2624 46.8
2625 46.8
2626 46.8
2627 46.8
2628 46.8
2629 46.95
2630 46.95
2631 47.0
2632 47.05
2633 47.05
2634 47.05
2635 47.05
2636 47.15
2637 47.15
2638 47.2
2639 47.25
2640 47.25
2641 47.25
2642 47.25
2643 47.25
2644 47.25
2645 47.3
2646 47.3
2647 47.45
2648 47.45
2649 47.45
2650 47.45
2651 47.5
2652 47.5
2653 47.6
2654 47.6
2655 47.6
2656 47.6
2657 47.6
2658 47.6
2659 47.6
2660 47.6
2661 47.6
2662 47.6
2663 47.6
2664 47.6
2665 47.65
2666 47.65
2667 47.65
2668 47.65
2669 47.65
2670 47.65
2671 47.65
2672 47.65
2673 47.65
2674 47.65
2675 47.7
2676 47.7
2677 47.8
2678 47.8
2679 47.8
2680 47.8
2681 47.8
2682 47.8
2683 47.85
2684 47.85
2685 47.85
2686 47.85
2687 47.85
2688 47.85
2689 47.9
2690 47.9
2691 47.9
2692 47.9
2693 47.9
2694 47.9
2695 47.9
2696 47.9
2697 47.95
2698 47.95
2699 48.0
2700 48.0
2701 48.0
2702 48.1
2703 48.1
2704 48.1
2705 48.15
2706 48.3
2707 48.4
2708 48.4
2709 48.4
2710 48.4
2711 48.4
2712 48.4
2713 48.4
2714 48.4
2715 48.4
2716 48.4
2717 48.4
2718 48.4
2719 48.4
2720 48.4
2721 48.4
2722 48.45
2723 48.45
2724 48.45
2725 48.45
2726 48.45
2727 48.45
2728 48.45
2729 48.5
2730 48.55
2731 48.6
2732 48.65
2733 48.65
2734 48.65
2735 48.65
2736 48.7
2737 48.7
2738 48.7
2739 48.7
2740 48.7
2741 48.7
2742 48.7
2743 48.7
2744 48.75
2745 48.75
2746 48.75
2747 48.75
2748 48.75
2749 48.75
2750 48.75
2751 48.75
2752 48.8
2753 48.8
2754 48.8
2755 48.8
2756 48.8
2757 48.8
2758 48.8
2759 48.9
2760 48.95
2761 48.95
2762 48.95
2763 49.0
2764 49.0
2765 49.0
2766 49.05
2767 49.05
2768 49.05
2769 49.05
2770 49.05
2771 49.05
2772 49.15
2773 49.15
2774 49.15
2775 49.15
2776 49.25
2777 49.45
2778 49.45
2779 49.45
2780 49.45
2781 49.5
2782 49.5
2783 49.5
2784 49.5
2785 49.5
2786 49.5
2787 49.5
2788 49.5
2789 49.5
2790 49.5
2791 49.5
2792 49.55
2793 49.55
2794 49.55
2795 49.55
2796 49.55
2797 49.55
2798 49.55
2799 49.55
2800 49.7
2801 49.7
2802 49.7
2803 49.7
2804 49.7
2805 49.7
2806 49.7
2807 49.7
2808 49.7
2809 49.7
2810 49.75
2811 49.75
2812 49.75
2813 49.75
2814 49.75
2815 49.75
2816 49.75
2817 49.75
2818 49.75
2819 49.75
2820 49.75
2821 49.75
2822 49.75
2823 49.75
2824 49.75
2825 49.75
2826 49.75
2827 49.75
2828 49.75
2829 49.75
2830 49.75
2831 49.75
2832 49.75
2833 49.75
2834 49.8
2835 49.85
2836 49.85
2837 49.85
2838 49.85
2839 49.85
2840 49.9
2841 49.9
2842 49.9
2843 50.0
2844 50.0
2845 50.1
2846 50.1
2847 50.1
2848 50.1
2849 50.1
2850 50.15
2851 50.15
2852 50.15
2853 50.15
2854 50.15
2855 50.15
2856 50.15
2857 50.15
2858 50.15
2859 50.2
2860 50.2
2861 50.2
2862 50.25
2863 50.25
2864 50.25
2865 50.25
2866 50.25
2867 50.25
2868 50.25
2869 50.3
2870 50.3
2871 50.3
2872 50.35
2873 50.35
2874 50.35
2875 50.4
2876 50.4
2877 50.4
2878 50.4
2879 50.4
2880 50.4
2881 50.4
2882 50.55
2883 50.6
2884 50.6
2885 50.6
2886 50.6
2887 50.6
2888 50.6
2889 50.6
2890 50.6
2891 50.6
2892 50.6
2893 50.6
2894 50.6
2895 50.6
2896 50.6
2897 50.6
2898 50.6
2899 50.6
2900 50.6
2901 50.6
2902 50.6
2903 50.6
2904 50.6
2905 50.6
2906 50.6
2907 50.6
2908 50.6
2909 50.6
2910 50.6
2911 50.65
2912 50.65
2913 50.7
2914 50.7
2915 50.7
2916 50.7
2917 50.7
2918 50.7
2919 50.75
2920 50.75
2921 50.75
2922 50.75
2923 50.75
2924 50.9
2925 50.9
2926 50.9
2927 50.9
2928 50.95
2929 50.95
2930 50.95
2931 50.95
2932 51.0
2933 51.0
2934 51.05
2935 51.05
2936 51.05
2937 51.05
2938 51.05
2939 51.05
2940 51.05
2941 51.05
2942 51.1
2943 51.1
2944 51.2
2945 51.2
2946 51.2
2947 51.25
2948 51.25
2949 51.25
2950 51.35
2951 51.45
2952 51.6
2953 51.6
2954 51.6
2955 51.7
2956 51.75
2957 51.8
2958 51.8
2959 51.8
2960 51.8
2961 51.8
2962 51.8
2963 51.8
2964 51.8
2965 51.8
2966 51.8
2967 51.8
2968 51.8
2969 51.8
2970 51.8
2971 51.8
2972 51.8
2973 51.8
2974 51.8
2975 51.85
2976 51.85
2977 51.85
2978 51.85
2979 51.85
2980 51.85
2981 51.85
2982 51.95
2983 52.0
2984 52.0
2985 52.0
2986 52.0
2987 52.0
2988 52.05
2989 52.05
2990 52.05
2991 52.05
2992 52.05
2993 52.1
2994 52.1
2995 52.1
2996 52.1
2997 52.15
2998 52.15
2999 52.15
3000 52.2
3001 52.2
3002 52.2
3003 52.2
3004 52.2
3005 52.25
3006 52.25
3007 52.25
3008 52.25
3009 52.25
3010 52.35
3011 52.35
3012 52.35
3013 52.35
3014 52.35
3015 52.4
3016 52.55
3017 52.55
3018 52.6
3019 52.6
3020 52.6
3021 52.6
3022 52.6
3023 52.6
3024 52.6
3025 52.65
3026 52.7
3027 52.7
3028 52.7
3029 52.7
3030 52.75
3031 52.75
3032 52.75
3033 52.75
3034 52.75
3035 52.75
3036 52.75
3037 52.75
3038 52.75
3039 52.8
3040 52.8
3041 52.8
3042 52.8
3043 52.8
3044 52.8
3045 52.8
3046 52.8
3047 52.8
3048 52.8
3049 52.8
3050 52.8
3051 52.85
3052 52.85
3053 52.85
3054 52.85
3055 52.9
3056 52.95
3057 52.95
3058 52.95
3059 52.95
3060 52.95
3061 52.95
3062 52.95
3063 52.95
3064 52.95
3065 52.95
3066 53.0
3067 53.0
3068 53.0
3069 53.0
3070 53.0
3071 53.0
3072 53.15
3073 53.15
3074 53.15
3075 53.15
3076 53.15
3077 53.15
3078 53.2
3079 53.2
3080 53.2
3081 53.2
3082 53.2
3083 53.2
3084 53.25
3085 53.35
3086 53.35
3087 53.35
3088 53.35
3089 53.35
3090 53.4
3091 53.45
3092 53.45
3093 53.45
3094 53.45
3095 53.45
3096 53.45
3097 53.45
3098 53.45
3099 53.5
3100 53.5
3101 53.5
3102 53.5
3103 53.5
3104 53.5
3105 53.5
3106 53.5
3107 53.5
3108 53.5
3109 53.55
3110 53.65
3111 53.65
3112 53.65
3113 53.65
3114 53.65
3115 53.7
3116 53.7
3117 53.7
3118 53.7
3119 53.7
3120 53.7
3121 53.7
3122 53.75
3123 53.85
3124 54.05
3125 54.05
3126 54.05
3127 54.05
3128 54.05
3129 54.05
3130 54.1
3131 54.15
3132 54.2
3133 54.2
3134 54.2
3135 54.2
3136 54.2
3137 54.2
3138 54.2
3139 54.2
3140 54.25
3141 54.25
3142 54.25
3143 54.35
3144 54.4
3145 54.4
3146 54.45
3147 54.45
3148 54.5
3149 54.5
3150 54.55
3151 54.55
3152 54.55
3153 54.55
3154 54.55
3155 54.55
3156 54.55
3157 54.6
3158 54.6
3159 54.75
3160 54.75
3161 54.85
3162 54.85
3163 54.85
3164 54.85
3165 54.85
3166 54.85
3167 54.85
3168 54.95
3169 54.95
3170 54.95
3171 54.95
3172 54.95
3173 54.95
3174 55.0
3175 55.0
3176 55.0
3177 55.0
3178 55.0
3179 55.0
3180 55.05
3181 55.05
3182 55.05
3183 55.05
3184 55.05
3185 55.05
3186 55.05
3187 55.05
3188 55.05
3189 55.05
3190 55.05
3191 55.05
3192 55.05
3193 55.05
3194 55.05
3195 55.05
3196 55.05
3197 55.1
3198 55.1
3199 55.1
3200 55.1
3201 55.1
3202 55.1
3203 55.2
3204 55.2
3205 55.2
3206 55.2
3207 55.2
3208 55.2
3209 55.2
3210 55.25
3211 55.25
3212 55.25
3213 55.25
3214 55.25
3215 55.3
3216 55.4
3217 55.4
3218 55.4
3219 55.4
3220 55.4
3221 55.4
3222 55.4
3223 55.4
3224 55.4
3225 55.4
3226 55.4
3227 55.45
3228 55.45
3229 55.45
3230 55.45
3231 55.45
3232 55.45
3233 55.5
3234 55.5
3235 55.5
3236 55.5
3237 55.5
3238 55.55
3239 55.55
3240 55.55
3241 55.55
3242 55.55
3243 55.6
3244 55.6
3245 55.65
3246 55.65
3247 55.65
3248 55.65
3249 55.65
3250 55.65
3251 55.7
3252 55.75
3253 55.75
3254 55.75
3255 55.75
3256 55.85
3257 55.9
3258 55.9
3259 55.9
3260 55.9
3261 55.9
3262 55.9
3263 55.9
3264 55.9
3265 55.95
3266 56.15
3267 56.15
3268 56.15
3269 56.15
3270 56.15
3271 56.15
3272 56.15
3273 56.15
3274 56.15
3275 56.15
3276 56.15
3277 56.15
3278 56.2
3279 56.2
3280 56.2
3281 56.25
3282 56.25
3283 56.25
3284 56.3
3285 56.3
3286 56.3
3287 56.4
3288 56.4
3289 56.4
3290 56.4
3291 56.5
3292 56.5
3293 56.5
3294 56.5
3295 56.5
3296 56.5
3297 56.5
3298 56.5
3299 56.5
3300 56.5
3301 56.55
3302 56.55
3303 56.55
3304 56.55
3305 56.55
3306 56.6
3307 56.6
3308 56.6
3309 56.6
3310 56.65
3311 56.65
3312 56.65
3313 56.65
3314 56.65
3315 56.65
3316 56.65
3317 56.65
3318 56.65
3319 56.65
3320 56.65
3321 56.65
3322 56.65
3323 56.65
3324 56.65
3325 56.65
3326 56.65
3327 56.65
3328 56.65
3329 56.7
3330 56.8
3331 56.8
3332 56.8
3333 56.85
3334 56.85
3335 56.85
3336 56.85
3337 56.85
3338 56.85
3339 56.9
3340 56.9
3341 56.9
3342 56.9
3343 56.95
3344 56.95
3345 56.95
3346 57.0
3347 57.0
3348 57.0
3349 57.0
3350 57.0
3351 57.0
3352 57.0
3353 57.0
3354 57.0
3355 57.05
3356 57.2
3357 57.3
3358 57.3
3359 57.3
3360 57.35
3361 57.5
3362 57.5
3363 57.5
3364 57.5
3365 57.5
3366 57.5
3367 57.5
3368 57.5
3369 57.5
3370 57.5
3371 57.5
3372 57.5
3373 57.55
3374 57.6
3375 57.6
3376 57.6
3377 57.6
3378 57.6
3379 57.6
3380 57.7
3381 57.7
3382 57.7
3383 57.7
3384 57.7
3385 57.7
3386 57.7
3387 57.7
3388 57.7
3389 57.75
3390 57.8
3391 57.8
3392 57.8
3393 57.8
3394 57.8
3395 57.85
3396 57.85
3397 57.85
3398 57.9
3399 57.9
3400 57.9
3401 57.9
3402 57.9
3403 57.9
3404 57.95
3405 58.1
3406 58.2
3407 58.2
3408 58.2
3409 58.2
3410 58.25
3411 58.25
3412 58.25
3413 58.25
3414 58.25
3415 58.3
3416 58.3
3417 58.3
3418 58.3
3419 58.3
3420 58.3
3421 58.3
3422 58.3
3423 58.3
3424 58.3
3425 58.3
3426 58.3
3427 58.3
3428 58.3
3429 58.3
3430 58.3
3431 58.3
3432 58.3
3433 58.3
3434 58.3
3435 58.3
3436 58.3
3437 58.35
3438 58.35
3439 58.35
3440 58.35
3441 58.35
3442 58.45
3443 58.45
3444 58.45
3445 58.5
3446 58.5
3447 58.5
3448 58.5
3449 58.55
3450 58.55
3451 58.55
3452 58.55
3453 58.55
3454 58.55
3455 58.6
3456 58.6
3457 58.6
3458 58.6
3459 58.6
3460 58.6
3461 58.6
3462 58.6
3463 58.6
3464 58.6
3465 58.65
3466 58.65
3467 58.65
3468 58.65
3469 58.65
3470 58.65
3471 58.65
3472 58.7
3473 58.7
3474 58.75
3475 58.75
3476 58.75
3477 58.75
3478 58.75
3479 58.75
3480 58.8
3481 58.8
3482 58.8
3483 58.8
3484 58.8
3485 58.85
3486 58.85
3487 58.95
3488 59.05
3489 59.05
3490 59.05
3491 59.05
3492 59.2
3493 59.2
3494 59.25
3495 59.3
3496 59.3
3497 59.3
3498 59.3
3499 59.35
3500 59.35
3501 59.35
3502 59.35
3503 59.35
3504 59.35
3505 59.35
3506 59.35
3507 59.35
3508 59.35
3509 59.45
3510 59.45
3511 59.45
3512 59.45
3513 59.45
3514 59.5
3515 59.5
3516 59.5
3517 59.6
3518 59.6
3519 59.6
3520 59.6
3521 59.65
3522 59.65
3523 59.8
3524 59.9
3525 59.9
3526 59.9
3527 59.9
3528 59.9
3529 59.9
3530 59.9
3531 59.95
3532 59.95
3533 59.95
3534 59.95
3535 60.0
3536 60.0
3537 60.0
3538 60.0
3539 60.0
3540 60.0
3541 60.05
3542 60.05
3543 60.05
3544 60.05
3545 60.05
3546 60.1
3547 60.1
3548 60.1
3549 60.1
3550 60.1
3551 60.1
3552 60.1
3553 60.15
3554 60.15
3555 60.15
3556 60.15
3557 60.15
3558 60.2
3559 60.2
3560 60.3
3561 60.3
3562 60.35
3563 60.4
3564 60.4
3565 60.4
3566 60.4
3567 60.4
3568 60.45
3569 60.45
3570 60.45
3571 60.45
3572 60.45
3573 60.45
3574 60.45
3575 60.55
3576 60.55
3577 60.55
3578 60.55
3579 60.55
3580 60.55
3581 60.55
3582 60.55
3583 60.55
3584 60.55
3585 60.55
3586 60.55
3587 60.55
3588 60.55
3589 60.6
3590 60.65
3591 60.65
3592 60.65
3593 60.65
3594 60.65
3595 60.7
3596 60.7
3597 60.7
3598 60.7
3599 60.7
3600 60.7
3601 60.7
3602 60.75
3603 60.75
3604 60.75
3605 60.75
3606 60.75
3607 60.75
3608 60.75
3609 60.75
3610 60.8
3611 60.9
3612 60.9
3613 60.9
3614 60.9
3615 60.9
3616 60.9
3617 60.95
3618 60.95
3619 61.0
3620 61.05
3621 61.1
3622 61.1
3623 61.1
3624 61.1
3625 61.1
3626 61.1
3627 61.2
3628 61.2
3629 61.2
3630 61.2
3631 61.2
3632 61.2
3633 61.2
3634 61.2
3635 61.2
3636 61.2
3637 61.2
3638 61.2
3639 61.2
3640 61.25
3641 61.25
3642 61.25
3643 61.25
3644 61.3
3645 61.3
3646 61.3
3647 61.3
3648 61.3
3649 61.4
3650 61.4
3651 61.4
3652 61.4
3653 61.4
3654 61.4
3655 61.4
3656 61.45
3657 61.6
3658 61.6
3659 61.6
3660 61.6
3661 61.6
3662 61.6
3663 61.6
3664 61.6
3665 61.6
3666 61.6
3667 61.6
3668 61.6
3669 61.7
3670 61.7
3671 61.85
3672 61.85
3673 61.85
3674 61.85
3675 61.85
3676 61.85
3677 61.85
3678 61.85
3679 61.85
3680 61.85
3681 62.0
3682 62.0
3683 62.0
3684 62.0
3685 62.0
3686 62.15
3687 62.15
3688 62.15
3689 62.15
3690 62.15
3691 62.15
3692 62.15
3693 62.15
3694 62.25
3695 62.25
3696 62.25
3697 62.3
3698 62.3
3699 62.3
3700 62.3
3701 62.3
3702 62.3
3703 62.3
3704 62.3
3705 62.3
3706 62.3
3707 62.3
3708 62.3
3709 62.3
3710 62.3
3711 62.3
3712 62.3
3713 62.3
3714 62.35
3715 62.35
3716 62.35
3717 62.35
3718 62.4
3719 62.4
3720 62.4
3721 62.4
3722 62.4
3723 62.45
3724 62.45
3725 62.5
3726 62.5
3727 62.5
3728 62.65
3729 62.65
3730 62.65
3731 62.65
3732 62.7
3733 62.7
3734 62.7
3735 62.7
3736 62.7
3737 62.7
3738 62.7
3739 62.7
3740 62.7
3741 62.7
3742 62.7
3743 62.7
3744 62.7
3745 62.7
3746 62.7
3747 62.7
3748 62.7
3749 62.7
3750 62.75
3751 62.75
3752 62.85
3753 62.85
3754 62.85
3755 62.9
3756 62.9
3757 62.95
3758 62.95
3759 62.95
3760 63.05
3761 63.05
3762 63.05
3763 63.25
3764 63.3
3765 63.3
3766 63.3
3767 63.3
3768 63.3
3769 63.35
3770 63.4
3771 63.45
3772 63.45
3773 63.45
3774 63.45
3775 63.45
3776 63.45
3777 63.45
3778 63.45
3779 63.45
3780 63.5
3781 63.55
3782 63.6
3783 63.6
3784 63.6
3785 63.6
3786 63.7
3787 63.7
3788 63.7
3789 63.7
3790 63.7
3791 63.75
3792 63.75
3793 63.75
3794 63.75
3795 63.75
3796 63.8
3797 63.8
3798 63.8
3799 63.8
3800 63.9
3801 63.9
3802 63.9
3803 63.9
3804 63.9
3805 63.9
3806 63.95
3807 63.95
3808 63.95
3809 63.95
3810 63.95
3811 63.95
3812 64.0
3813 64.1
3814 64.1
3815 64.1
3816 64.1
3817 64.1
3818 64.1
3819 64.1
3820 64.1
3821 64.1
3822 64.1
3823 64.1
3824 64.1
3825 64.2
3826 64.25
3827 64.25
3828 64.25
3829 64.25
3830 64.25
3831 64.25
3832 64.25
3833 64.25
3834 64.25
3835 64.3
3836 64.3
3837 64.3
3838 64.35
3839 64.35
3840 64.35
3841 64.35
3842 64.35
3843 64.35
3844 64.35
3845 64.35
3846 64.35
3847 64.35
3848 64.35
3849 64.35
3850 64.35
3851 64.4
3852 64.45
3853 64.45
3854 64.55
3855 64.55
3856 64.55
3857 64.55
3858 64.55
3859 64.55
3860 64.55
3861 64.55
3862 64.55
3863 64.65
3864 64.65
3865 64.65
3866 64.65
3867 64.65
3868 64.65
3869 64.7
3870 64.7
3871 64.7
3872 64.7
3873 64.7
3874 64.7
3875 64.7
3876 64.7
3877 64.7
3878 64.7
3879 64.7
3880 64.7
3881 64.7
3882 64.7
3883 64.75
3884 64.75
3885 64.75
3886 64.75
3887 64.75
3888 64.8
3889 64.8
3890 64.8
3891 64.8
3892 64.8
3893 64.85
3894 64.85
3895 64.85
3896 64.95
3897 64.95
3898 64.95
3899 64.95
3900 64.95
3901 64.95
3902 64.95
3903 64.95
3904 64.95
3905 64.95
3906 64.95
3907 65.1
3908 65.1
3909 65.1
3910 65.3
3911 65.45
3912 65.5
3913 65.65
3914 65.65
3915 65.65
3916 65.7
3917 65.7
3918 65.7
3919 65.7
3920 65.7
3921 65.7
3922 65.7
3923 65.7
3924 65.7
3925 65.7
3926 65.7
3927 65.75
3928 65.75
3929 65.75
3930 65.75
3931 65.8
3932 65.8
3933 65.8
3934 65.8
3935 65.8
3936 65.85
3937 65.85
3938 65.85
3939 65.9
3940 65.95
3941 65.95
3942 66.05
3943 66.05
3944 66.05
3945 66.05
3946 66.05
3947 66.05
3948 66.05
3949 66.05
3950 66.05
3951 66.05
3952 66.05
3953 66.05
3954 66.05
3955 66.05
3956 66.05
3957 66.05
3958 66.05
3959 66.05
3960 66.05
3961 66.05
3962 66.05
3963 66.05
3964 66.05
3965 66.05
3966 66.1
3967 66.1
3968 66.1
3969 66.1
3970 66.15
3971 66.15
3972 66.15
3973 66.15
3974 66.15
3975 66.15
3976 66.2
3977 66.2
3978 66.3
3979 66.3
3980 66.3
3981 66.3
3982 66.3
3983 66.3
3984 66.3
3985 66.35
3986 66.35
3987 66.35
3988 66.35
3989 66.35
3990 66.35
3991 66.35
3992 66.4
3993 66.45
3994 66.45
3995 66.5
3996 66.5
3997 66.5
3998 66.5
3999 66.55
4000 66.55
4001 66.55
4002 66.55
4003 66.55
4004 66.55
4005 66.55
4006 66.55
4007 66.55
4008 66.55
4009 66.55
4010 66.75
4011 66.75
4012 66.8
4013 66.8
4014 66.8
4015 66.85
4016 66.85
4017 66.85
4018 66.85
4019 66.9
4020 66.9
4021 67.0
4022 67.0
4023 67.0
4024 67.1
4025 67.1
4026 67.2
4027 67.2
4028 67.2
4029 67.2
4030 67.2
4031 67.2
4032 67.25
4033 67.25
4034 67.25
4035 67.25
4036 67.25
4037 67.25
4038 67.25
4039 67.25
4040 67.25
4041 67.25
4042 67.25
4043 67.3
4044 67.3
4045 67.35
4046 67.35
4047 67.4
4048 67.4
4049 67.4
4050 67.4
4051 67.4
4052 67.45
4053 67.5
4054 67.5
4055 67.5
4056 67.5
4057 67.5
4058 67.5
4059 67.5
4060 67.55
4061 67.65
4062 67.65
4063 67.65
4064 67.65
4065 67.65
4066 67.65
4067 67.65
4068 67.65
4069 67.65
4070 67.65
4071 67.75
4072 67.75
4073 67.9
4074 67.9
4075 67.95
4076 67.95
4077 67.95
4078 67.95
4079 67.95
4080 67.95
4081 67.95
4082 67.95
4083 67.95
4084 67.95
4085 67.95
4086 67.95
4087 67.95
4088 67.95
4089 67.95
4090 67.95
4091 67.95
4092 67.95
4093 68.0
4094 68.0
4095 68.0
4096 68.0
4097 68.1
4098 68.1
4099 68.1
4100 68.1
4101 68.1
4102 68.1
4103 68.15
4104 68.15
4105 68.15
4106 68.15
4107 68.2
4108 68.2
4109 68.2
4110 68.2
4111 68.2
4112 68.2
4113 68.2
4114 68.2
4115 68.2
4116 68.2
4117 68.25
4118 68.25
4119 68.25
4120 68.25
4121 68.25
4122 68.25
4123 68.3
4124 68.35
4125 68.35
4126 68.35
4127 68.45
4128 68.45
4129 68.45
4130 68.45
4131 68.5
4132 68.5
4133 68.5
4134 68.55
4135 68.65
4136 68.65
4137 68.65
4138 68.65
4139 68.65
4140 68.65
4141 68.7
4142 68.7
4143 68.7
4144 68.7
4145 68.95
4146 68.95
4147 68.95
4148 68.95
4149 68.95
4150 69.0
4151 69.0
4152 69.0
4153 69.0
4154 69.0
4155 69.0
4156 69.0
4157 69.0
4158 69.0
4159 69.05
4160 69.05
4161 69.05
4162 69.05
4163 69.1
4164 69.1
4165 69.1
4166 69.1
4167 69.1
4168 69.1
4169 69.15
4170 69.2
4171 69.2
4172 69.2
4173 69.2
4174 69.25
4175 69.25
4176 69.25
4177 69.25
4178 69.25
4179 69.25
4180 69.25
4181 69.25
4182 69.25
4183 69.25
4184 69.3
4185 69.45
4186 69.5
4187 69.5
4188 69.5
4189 69.55
4190 69.55
4191 69.55
4192 69.55
4193 69.55
4194 69.55
4195 69.65
4196 69.65
4197 69.7
4198 69.7
4199 69.8
4200 69.8
4201 69.8
4202 69.8
4203 69.8
4204 69.8
4205 69.8
4206 69.8
4207 69.8
4208 69.85
4209 69.85
4210 69.85
4211 69.9
4212 69.9
4213 69.9
4214 69.9
4215 69.9
4216 69.95
4217 69.95
4218 70.0
4219 70.1
4220 70.1
4221 70.1
4222 70.1
4223 70.1
4224 70.1
4225 70.1
4226 70.1
4227 70.1
4228 70.1
4229 70.1
4230 70.1
4231 70.1
4232 70.1
4233 70.1
4234 70.15
4235 70.25
4236 70.25
4237 70.25
4238 70.25
4239 70.25
4240 70.25
4241 70.25
4242 70.3
4243 70.3
4244 70.3
4245 70.3
4246 70.3
4247 70.3
4248 70.3
4249 70.3
4250 70.3
4251 70.3
4252 70.3
4253 70.3
4254 70.3
4255 70.3
4256 70.3
4257 70.45
4258 70.45
4259 70.55
4260 70.55
4261 70.55
4262 70.55
4263 70.6
4264 70.6
4265 70.6
4266 70.6
4267 70.6
4268 70.6
4269 70.6
4270 70.6
4271 70.7
4272 70.7
4273 70.7
4274 70.7
4275 70.7
4276 70.75
4277 70.75
4278 70.75
4279 70.75
4280 70.8
4281 70.8
4282 70.8
4283 70.8
4284 70.8
4285 70.8
4286 70.8
4287 70.85
4288 70.85
4289 70.85
4290 70.85
4291 70.85
4292 70.85
4293 70.85
4294 70.85
4295 70.85
4296 70.85
4297 70.85
4298 70.9
4299 70.9
4300 70.95
4301 70.95
4302 70.95
4303 70.95
4304 70.95
4305 70.95
4306 71.0
4307 71.0
4308 71.1
4309 71.1
4310 71.1
4311 71.1
4312 71.1
4313 71.25
4314 71.25
4315 71.25
4316 71.25
4317 71.25
4318 71.25
4319 71.3
4320 71.3
4321 71.3
4322 71.3
4323 71.3
4324 71.3
4325 71.3
4326 71.35
4327 71.35
4328 71.35
4329 71.35
4330 71.35
4331 71.4
4332 71.4
4333 71.45
4334 71.55
4335 71.55
4336 71.55
4337 71.55
4338 71.55
4339 71.55
4340 71.55
4341 71.55
4342 71.55
4343 71.55
4344 71.55
4345 71.55
4346 71.55
4347 71.55
4348 71.55
4349 71.55
4350 71.55
4351 71.55
4352 71.55
4353 71.55
4354 71.55
4355 71.55
4356 71.55
4357 71.55
4358 71.55
4359 71.55
4360 71.55
4361 71.6
4362 71.6
4363 71.6
4364 71.6
4365 71.6
4366 71.6
4367 71.6
4368 71.7
4369 71.7
4370 71.7
4371 71.7
4372 71.75
4373 71.75
4374 71.75
4375 71.75
4376 71.8
4377 71.8
4378 71.9
4379 71.9
4380 71.9
4381 71.9
4382 71.9
4383 71.9
4384 71.9
4385 71.9
4386 71.9
4387 71.9
4388 71.9
4389 71.95
4390 71.95
4391 71.95
4392 71.95
4393 71.95
4394 71.95
4395 71.95
4396 71.95
4397 71.95
4398 71.95
4399 71.95
4400 71.95
4401 71.95
4402 71.95
4403 71.95
4404 72.05
4405 72.1
4406 72.1
4407 72.1
4408 72.15
4409 72.15
4410 72.15
4411 72.15
4412 72.15
4413 72.15
4414 72.15
4415 72.15
4416 72.15
4417 72.15
4418 72.25
4419 72.25
4420 72.35
4421 72.35
4422 72.35
4423 72.35
4424 72.35
4425 72.35
4426 72.35
4427 72.35
4428 72.35
4429 72.35
4430 72.35
4431 72.35
4432 72.4
4433 72.4
4434 72.4
4435 72.4
4436 72.4
4437 72.45
4438 72.45
4439 72.5
4440 72.5
4441 72.5
4442 72.5
4443 72.5
4444 72.6
4445 72.6
4446 72.6
4447 72.6
4448 72.6
4449 72.6
4450 72.6
4451 72.6
4452 72.6
4453 72.65
4454 72.65
4455 72.7
4456 72.7
4457 72.7
4458 72.7
4459 72.75
4460 72.75
4461 72.85
4462 72.85
4463 72.9
4464 72.95
4465 72.95
4466 72.95
4467 72.95
4468 72.95
4469 72.95
4470 72.95
4471 72.95
4472 73.0
4473 73.1
4474 73.2
4475 73.2
4476 73.2
4477 73.2
4478 73.2
4479 73.2
4480 73.2
4481 73.25
4482 73.25
4483 73.25
4484 73.25
4485 73.3
4486 73.4
4487 73.4
4488 73.4
4489 73.4
4490 73.4
4491 73.5
4492 73.5
4493 73.5
4494 73.5
4495 73.5
4496 73.5
4497 73.5
4498 73.5
4499 73.55
4500 73.6
4501 73.6
4502 73.65
4503 73.65
4504 73.65
4505 73.65
4506 73.65
4507 73.65
4508 73.65
4509 73.65
4510 73.65
4511 73.65
4512 73.65
4513 73.65
4514 73.65
4515 73.65
4516 73.65
4517 73.65
4518 73.65
4519 73.65
4520 73.65
4521 73.65
4522 73.65
4523 73.75
4524 73.8
4525 73.8
4526 73.8
4527 73.8
4528 73.8
4529 73.8
4530 73.8
4531 73.8
4532 73.8
4533 73.8
4534 73.8
4535 73.9
4536 73.95
4537 73.95
4538 74.0
4539 74.0
4540 74.0
4541 74.0
4542 74.0
4543 74.0
4544 74.0
4545 74.0
4546 74.0
4547 74.05
4548 74.05
4549 74.05
4550 74.1
4551 74.15
4552 74.15
4553 74.15
4554 74.2
4555 74.2
4556 74.2
4557 74.2
4558 74.2
4559 74.2
4560 74.2
4561 74.25
4562 74.25
4563 74.25
4564 74.25
4565 74.25
4566 74.3
4567 74.3
4568 74.3
4569 74.3
4570 74.3
4571 74.3
4572 74.3
4573 74.3
4574 74.35
4575 74.35
4576 74.35
4577 74.35
4578 74.4
4579 74.45
4580 74.5
4581 74.5
4582 74.5
4583 74.5
4584 74.5
4585 74.5
4586 74.5
4587 74.55
4588 74.55
4589 74.55
4590 74.6
4591 74.6
4592 74.6
4593 74.6
4594 74.6
4595 74.6
4596 74.6
4597 74.6
4598 74.6
4599 74.6
4600 74.7
4601 74.7
4602 74.75
4603 74.75
4604 74.75
4605 74.75
4606 74.75
4607 74.8
4608 74.8
4609 74.8
4610 74.8
4611 74.8
4612 74.8
4613 74.8
4614 74.8
4615 74.8
4616 74.8
4617 74.8
4618 74.9
4619 75.05
4620 75.1
4621 75.1
4622 75.1
4623 75.1
4624 75.1
4625 75.1
4626 75.1
4627 75.15
4628 75.15
4629 75.15
4630 75.15
4631 75.15
4632 75.15
4633 75.15
4634 75.15
4635 75.15
4636 75.15
4637 75.2
4638 75.2
4639 75.2
4640 75.2
4641 75.3
4642 75.3
4643 75.35
4644 75.35
4645 75.4
4646 75.4
4647 75.4
4648 75.4
4649 75.4
4650 75.4
4651 75.4
4652 75.45
4653 75.45
4654 75.45
4655 75.45
4656 75.45
4657 75.45
4658 75.5
4659 75.5
4660 75.55
4661 75.55
4662 75.6
4663 75.6
4664 75.6
4665 75.65
4666 75.65
4667 75.65
4668 75.65
4669 75.65
4670 75.65
4671 75.65
4672 75.65
4673 75.65
4674 75.65
4675 75.65
4676 75.65
4677 75.65
4678 75.65
4679 75.65
4680 75.65
4681 75.65
4682 75.65
4683 75.65
4684 75.85
4685 75.85
4686 75.85
4687 75.85
4688 75.85
4689 75.85
4690 75.85
4691 75.85
4692 75.85
4693 75.85
4694 75.85
4695 75.85
4696 75.85
4697 75.85
4698 75.85
4699 75.85
4700 75.85
4701 75.85
4702 75.85
4703 75.9
4704 75.9
4705 75.9
4706 75.9
4707 75.9
4708 75.9
4709 75.9
4710 75.9
4711 75.9
4712 75.9
4713 75.9
4714 75.95
4715 75.95
4716 75.95
4717 75.95
4718 76.0
4719 76.0
4720 76.0
4721 76.0
4722 76.0
4723 76.0
4724 76.0
4725 76.0
4726 76.0
4727 76.05
4728 76.1
4729 76.1
4730 76.1
4731 76.1
4732 76.1
4733 76.1
4734 76.15
4735 76.15
4736 76.15
4737 76.15
4738 76.15
4739 76.2
4740 76.3
4741 76.3
4742 76.35
4743 76.4
4744 76.4
4745 76.4
4746 76.45
4747 76.45
4748 76.45
4749 76.5
4750 76.5
4751 76.5
4752 76.5
4753 76.5
4754 76.5
4755 76.5
4756 76.5
4757 76.55
4758 76.55
4759 76.55
4760 76.55
4761 76.55
4762 76.6
4763 76.6
4764 76.6
4765 76.6
4766 76.6
4767 76.6
4768 76.6
4769 76.6
4770 76.6
4771 76.6
4772 76.6
4773 76.6
4774 76.6
4775 76.6
4776 76.6
4777 76.6
4778 76.6
4779 76.6
4780 76.6
4781 76.6
4782 76.6
4783 76.6
4784 76.65
4785 76.65
4786 76.65
4787 76.65
4788 76.65
4789 76.65
4790 76.65
4791 76.65
4792 76.65
4793 76.7
4794 76.7
4795 76.7
4796 76.7
4797 76.75
4798 76.8
4799 76.8
4800 76.8
4801 76.85
4802 76.85
4803 76.85
4804 76.85
4805 76.85
4806 76.85
4807 76.95
4808 76.95
4809 76.95
4810 76.95
4811 76.95
4812 77.0
4813 77.15
4814 77.15
4815 77.15
4816 77.2
4817 77.2
4818 77.2
4819 77.2
4820 77.2
4821 77.2
4822 77.2
4823 77.2
4824 77.2
4825 77.3
4826 77.3
4827 77.3
4828 77.3
4829 77.3
4830 77.3
4831 77.4
4832 77.4
4833 77.4
4834 77.4
4835 77.5
4836 77.5
4837 77.5
4838 77.65
4839 77.75
4840 77.8
4841 77.85
4842 77.85
4843 77.85
4844 77.85
4845 77.85
4846 77.85
4847 77.85
4848 77.9
4849 77.9
4850 77.9
4851 78.05
4852 78.05
4853 78.15
4854 78.15
4855 78.15
4856 78.15
4857 78.15
4858 78.15
4859 78.15
4860 78.2
4861 78.2
4862 78.2
4863 78.2
4864 78.2
4865 78.2
4866 78.25
4867 78.3
4868 78.3
4869 78.3
4870 78.3
4871 78.3
4872 78.3
4873 78.3
4874 78.3
4875 78.3
4876 78.3
4877 78.3
4878 78.3
4879 78.3
4880 78.3
4881 78.3
4882 78.3
4883 78.3
4884 78.3
4885 78.3
4886 78.3
4887 78.35
4888 78.35
4889 78.35
4890 78.4
4891 78.45
4892 78.45
4893 78.45
4894 78.45
4895 78.45
4896 78.45
4897 78.6
4898 78.6
4899 78.6
4900 78.6
4901 78.6
4902 78.6
4903 78.6
4904 78.6
4905 78.6
4906 78.6
4907 78.6
4908 78.6
4909 78.6
4910 78.6
4911 78.6
4912 78.6
4913 78.6
4914 78.6
4915 78.6
4916 78.65
4917 78.65
4918 78.65
4919 78.65
4920 78.65
4921 78.65
4922 78.65
4923 78.65
4924 78.65
4925 78.65
4926 78.65
4927 78.65
4928 78.65
4929 78.65
4930 78.8
4931 78.8
4932 78.8
4933 78.8
4934 78.8
4935 78.8
4936 78.8
4937 78.8
4938 78.8
4939 78.95
4940 78.95
4941 78.95
4942 79.0
4943 79.0
4944 79.0
4945 79.05
4946 79.05
4947 79.1
4948 79.1
4949 79.1
4950 79.1
4951 79.15
4952 79.15
4953 79.15
4954 79.15
4955 79.2
4956 79.2
4957 79.25
4958 79.3
4959 79.3
4960 79.3
4961 79.3
4962 79.3
4963 79.35
4964 79.35
4965 79.4
4966 79.4
4967 79.45
4968 79.5
4969 79.5
4970 79.55
4971 79.55
4972 79.55
4973 79.6
4974 79.6
4975 79.7
4976 79.7
4977 79.7
4978 79.7
4979 79.7
4980 79.7
4981 79.7
4982 79.7
4983 79.7
4984 79.7
4985 79.75
4986 79.75
4987 79.75
4988 79.75
4989 79.9
4990 79.9
4991 79.9
4992 79.9
4993 79.9
4994 79.9
4995 79.9
4996 79.9
4997 79.9
4998 79.9
4999 79.9
5000 79.95
5001 79.95
5002 79.95
5003 79.95
5004 79.95
5005 79.95
5006 79.95
5007 80.05
5008 80.05
5009 80.1
5010 80.1
5011 80.1
5012 80.15
5013 80.15
5014 80.15
5015 80.15
5016 80.15
5017 80.15
5018 80.15
5019 80.15
5020 80.2
5021 80.2
5022 80.2
5023 80.2
5024 80.2
5025 80.2
5026 80.2
5027 80.2
5028 80.2
5029 80.2
5030 80.25
5031 80.25
5032 80.25
5033 80.25
5034 80.35
5035 80.35
5036 80.35
5037 80.4
5038 80.4
5039 80.4
5040 80.4
5041 80.4
5042 80.4
5043 80.4
5044 80.4
5045 80.45
5046 80.45
5047 80.45
5048 80.45
5049 80.45
5050 80.45
5051 80.45
5052 80.5
5053 80.6
5054 80.6
5055 80.6
5056 80.6
5057 80.6
5058 80.6
5059 80.6
5060 80.6
5061 80.75
5062 80.9
5063 80.95
5064 80.95
5065 81.0
5066 81.0
5067 81.0
5068 81.0
5069 81.0
5070 81.0
5071 81.05
5072 81.05
5073 81.05
5074 81.05
5075 81.05
5076 81.05
5077 81.05
5078 81.05
5079 81.05
5080 81.05
5081 81.05
5082 81.05
5083 81.05
5084 81.05
5085 81.05
5086 81.05
5087 81.05
5088 81.05
5089 81.05
5090 81.05
5091 81.05
5092 81.05
5093 81.05
5094 81.05
5095 81.05
5096 81.05
5097 81.05
5098 81.05
5099 81.05
5100 81.2
5101 81.2
5102 81.2
5103 81.2
5104 81.2
5105 81.2
5106 81.2
5107 81.2
5108 81.2
5109 81.2
5110 81.2
5111 81.3
5112 81.3
5113 81.3
5114 81.35
5115 81.45
5116 81.45
5117 81.45
5118 81.45
5119 81.45
5120 81.45
5121 81.45
5122 81.5
5123 81.5
5124 81.5
5125 81.5
5126 81.5
5127 81.5
5128 81.55
5129 81.55
5130 81.6
5131 81.6
5132 81.6
5133 81.6
5134 81.6
5135 81.75
5136 81.75
5137 81.75
5138 81.75
5139 81.75
5140 81.75
5141 81.75
5142 81.75
5143 81.75
5144 81.75
5145 81.75
5146 81.75
5147 81.75
5148 81.75
5149 81.75
5150 81.75
5151 81.75
5152 81.75
5153 81.75
5154 81.75
5155 81.75
5156 81.75
5157 81.75
5158 81.75
5159 81.75
5160 81.75
5161 81.8
5162 81.85
5163 81.85
5164 81.85
5165 81.85
5166 81.85
5167 81.85
5168 81.85
5169 81.85
5170 81.85
5171 81.9
5172 81.9
5173 81.9
5174 81.9
5175 81.9
5176 81.9
5177 81.9
5178 81.9
5179 81.9
5180 81.9
5181 81.9
5182 81.9
5183 81.9
5184 81.9
5185 81.95
5186 81.95
5187 81.95
5188 81.95
5189 81.95
5190 81.95
5191 81.95
5192 81.95
5193 81.95
5194 81.95
5195 82.0
5196 82.0
5197 82.05
5198 82.05
5199 82.1
5200 82.1
5201 82.15
5202 82.15
5203 82.15
5204 82.15
5205 82.2
5206 82.25
5207 82.25
5208 82.25
5209 82.25
5210 82.3
5211 82.3
5212 82.3
5213 82.3
5214 82.3
5215 82.3
5216 82.3
5217 82.3
5218 82.3
5219 82.3
5220 82.3
5221 82.35
5222 82.35
5223 82.35
5224 82.35
5225 82.5
5226 82.5
5227 82.5
5228 82.7
5229 82.7
5230 82.8
5231 82.8
5232 82.8
5233 82.8
5234 82.85
5235 82.85
5236 82.85
5237 82.85
5238 82.85
5239 82.85
5240 82.85
5241 82.95
5242 82.95
5243 82.95
5244 82.95
5245 82.95
5246 83.0
5247 83.0
5248 83.0
5249 83.0
5250 83.0
5251 83.0
5252 83.0
5253 83.0
5254 83.0
5255 83.0
5256 83.0
5257 83.0
5258 83.0
5259 83.0
5260 83.0
5261 83.0
5262 83.0
5263 83.05
5264 83.1
5265 83.1
5266 83.1
5267 83.1
5268 83.1
5269 83.1
5270 83.1
5271 83.15
5272 83.15
5273 83.15
5274 83.2
5275 83.2
5276 83.2
5277 83.25
5278 83.25
5279 83.25
5280 83.25
5281 83.25
5282 83.3
5283 83.3
5284 83.3
5285 83.35
5286 83.35
5287 83.35
5288 83.5
5289 83.5
5290 83.5
5291 83.5
5292 83.5
5293 83.5
5294 83.5
5295 83.55
5296 83.55
5297 83.55
5298 83.55
5299 83.55
5300 83.55
5301 83.55
5302 83.55
5303 83.55
5304 83.55
5305 83.55
5306 83.55
5307 83.55
5308 83.55
5309 83.6
5310 83.6
5311 83.6
5312 83.7
5313 83.7
5314 83.7
5315 83.7
5316 83.7
5317 83.7
5318 83.7
5319 83.7
5320 83.7
5321 83.7
5322 83.7
5323 83.75
5324 83.75
5325 83.75
5326 83.75
5327 83.75
5328 83.75
5329 83.75
5330 83.75
5331 83.75
5332 83.75
5333 83.75
5334 83.75
5335 83.8
5336 83.8
5337 83.85
5338 83.85
5339 83.85
5340 83.85
5341 83.85
5342 83.85
5343 83.85
5344 83.85
5345 83.85
5346 83.85
5347 83.9
5348 83.9
5349 83.95
5350 83.95
5351 83.95
5352 83.95
5353 84.05
5354 84.05
5355 84.05
5356 84.05
5357 84.05
5358 84.05
5359 84.05
5360 84.05
5361 84.05
5362 84.05
5363 84.05
5364 84.05
5365 84.1
5366 84.1
5367 84.25
5368 84.25
5369 84.25
5370 84.25
5371 84.25
5372 84.3
5373 84.3
5374 84.3
5375 84.3
5376 84.3
5377 84.35
5378 84.4
5379 84.4
5380 84.45
5381 84.55
5382 84.55
5383 84.55
5384 84.55
5385 84.6
5386 84.6
5387 84.6
5388 84.6
5389 84.6
5390 84.6
5391 84.6
5392 84.6
5393 84.6
5394 84.6
5395 84.6
5396 84.6
5397 84.6
5398 84.6
5399 84.6
5400 84.65
5401 84.65
5402 84.65
5403 84.65
5404 84.65
5405 84.65
5406 84.65
5407 84.65
5408 84.7
5409 84.7
5410 84.7
5411 84.7
5412 84.7
5413 84.7
5414 84.7
5415 84.8
5416 84.8
5417 84.8
5418 84.8
5419 84.8
5420 84.8
5421 84.8
5422 84.8
5423 84.8
5424 84.8
5425 84.8
5426 84.8
5427 84.8
5428 84.8
5429 84.85
5430 84.85
5431 84.85
5432 84.85
5433 84.85
5434 84.85
5435 84.85
5436 84.9
5437 84.95
5438 84.95
5439 84.95
5440 84.95
5441 84.95
5442 84.95
5443 84.95
5444 84.95
5445 84.95
5446 84.95
5447 84.95
5448 84.95
5449 84.95
5450 84.95
5451 85.0
5452 85.0
5453 85.05
5454 85.05
5455 85.05
5456 85.05
5457 85.05
5458 85.05
5459 85.05
5460 85.05
5461 85.05
5462 85.05
5463 85.05
5464 85.05
5465 85.05
5466 85.05
5467 85.05
5468 85.05
5469 85.05
5470 85.05
5471 85.05
5472 85.1
5473 85.1
5474 85.1
5475 85.1
5476 85.1
5477 85.1
5478 85.1
5479 85.1
5480 85.1
5481 85.1
5482 85.1
5483 85.1
5484 85.1
5485 85.1
5486 85.1
5487 85.1
5488 85.1
5489 85.25
5490 85.25
5491 85.25
5492 85.25
5493 85.25
5494 85.35
5495 85.45
5496 85.55
5497 85.65
5498 85.7
5499 85.7
5500 85.7
5501 85.7
5502 85.75
5503 85.75
5504 85.75
5505 85.8
5506 85.8
5507 85.8
5508 85.8
5509 85.8
5510 85.8
5511 85.8
5512 85.8
5513 85.8
5514 85.8
5515 85.8
5516 85.8
5517 85.8
5518 85.8
5519 85.8
5520 85.8
5521 85.8
5522 85.8
5523 85.8
5524 85.8
5525 85.8
5526 85.8
5527 85.8
5528 85.8
5529 85.8
5530 85.85
5531 85.85
5532 85.9
5533 85.9
5534 85.95
5535 85.95
5536 85.95
5537 86.0
5538 86.0
5539 86.0
5540 86.0
5541 86.0
5542 86.0
5543 86.0
5544 86.0
5545 86.0
5546 86.0
5547 86.0
5548 86.05
5549 86.05
5550 86.1
5551 86.2
5552 86.2
5553 86.25
5554 86.25
5555 86.25
5556 86.25
5557 86.25
5558 86.25
5559 86.3
5560 86.3
5561 86.3
5562 86.3
5563 86.3
5564 86.3
5565 86.3
5566 86.3
5567 86.3
5568 86.3
5569 86.3
5570 86.3
5571 86.3
5572 86.35
5573 86.35
5574 86.35
5575 86.35
5576 86.35
5577 86.4
5578 86.4
5579 86.4
5580 86.4
5581 86.4
5582 86.45
5583 86.45
5584 86.45
5585 86.45
5586 86.45
5587 86.45
5588 86.45
5589 86.55
5590 86.55
5591 86.55
5592 86.55
5593 86.6
5594 86.65
5595 86.65
5596 86.65
5597 86.65
5598 86.65
5599 86.65
5600 86.75
5601 86.75
5602 86.75
5603 86.75
5604 86.75
5605 86.8
5606 86.8
5607 86.9
5608 86.9
5609 86.9
5610 86.9
5611 86.9
5612 86.95
5613 86.95
5614 86.95
5615 86.95
5616 86.95
5617 86.95
5618 86.95
5619 86.95
5620 86.95
5621 86.95
5622 87.0
5623 87.0
5624 87.0
5625 87.0
5626 87.0
5627 87.0
5628 87.0
5629 87.0
5630 87.0
5631 87.0
5632 87.0
5633 87.0
5634 87.05
5635 87.05
5636 87.05
5637 87.05
5638 87.1
5639 87.1
5640 87.1
5641 87.1
5642 87.1
5643 87.2
5644 87.2
5645 87.2
5646 87.2
5647 87.2
5648 87.2
5649 87.2
5650 87.2
5651 87.2
5652 87.2
5653 87.2
5654 87.2
5655 87.2
5656 87.3
5657 87.3
5658 87.3
5659 87.3
5660 87.3
5661 87.3
5662 87.3
5663 87.3
5664 87.3
5665 87.3
5666 87.3
5667 87.3
5668 87.3
5669 87.3
5670 87.35
5671 87.35
5672 87.35
5673 87.35
5674 87.35
5675 87.35
5676 87.35
5677 87.35
5678 87.35
5679 87.35
5680 87.35
5681 87.35
5682 87.4
5683 87.4
5684 87.4
5685 87.4
5686 87.4
5687 87.4
5688 87.4
5689 87.45
5690 87.5
5691 87.5
5692 87.5
5693 87.5
5694 87.5
5695 87.5
5696 87.5
5697 87.5
5698 87.5
5699 87.5
5700 87.5
5701 87.55
5702 87.55
5703 87.55
5704 87.6
5705 87.7
5706 87.7
5707 87.7
5708 87.8
5709 87.8
5710 87.8
5711 87.85
5712 87.85
5713 87.9
5714 87.95
5715 87.95
5716 87.95
5717 87.95
5718 87.95
5719 87.95
5720 87.95
5721 87.95
5722 87.95
5723 87.95
5724 88.0
5725 88.05
5726 88.1
5727 88.1
5728 88.1
5729 88.1
5730 88.1
5731 88.1
5732 88.1
5733 88.1
5734 88.1
5735 88.15
5736 88.15
5737 88.15
5738 88.15
5739 88.15
5740 88.15
5741 88.15
5742 88.15
5743 88.15
5744 88.15
5745 88.15
5746 88.15
5747 88.15
5748 88.15
5749 88.25
5750 88.25
5751 88.3
5752 88.35
5753 88.35
5754 88.35
5755 88.35
5756 88.35
5757 88.35
5758 88.35
5759 88.35
5760 88.35
5761 88.35
5762 88.35
5763 88.35
5764 88.4
5765 88.4
5766 88.4
5767 88.4
5768 88.4
5769 88.4
5770 88.4
5771 88.4
5772 88.4
5773 88.45
5774 88.55
5775 88.55
5776 88.55
5777 88.55
5778 88.6
5779 88.6
5780 88.6
5781 88.6
5782 88.7
5783 88.8
5784 88.8
5785 88.8
5786 88.8
5787 88.8
5788 88.8
5789 88.8
5790 88.8
5791 88.8
5792 88.8
5793 88.8
5794 88.8
5795 88.8
5796 88.8
5797 88.9
5798 88.9
5799 88.9
5800 88.9
5801 88.9
5802 88.9
5803 88.9
5804 88.95
5805 89.05
5806 89.15
5807 89.15
5808 89.15
5809 89.15
5810 89.15
5811 89.15
5812 89.15
5813 89.15
5814 89.15
5815 89.15
5816 89.15
5817 89.15
5818 89.15
5819 89.15
5820 89.15
5821 89.15
5822 89.15
5823 89.2
5824 89.25
5825 89.25
5826 89.3
5827 89.3
5828 89.3
5829 89.3
5830 89.3
5831 89.3
5832 89.3
5833 89.3
5834 89.35
5835 89.35
5836 89.5
5837 89.5
5838 89.5
5839 89.5
5840 89.65
5841 89.65
5842 89.65
5843 89.65
5844 89.65
5845 89.65
5846 89.65
5847 89.65
5848 89.65
5849 89.65
5850 89.65
5851 89.65
5852 89.65
5853 89.8
5854 89.8
5855 89.8
5856 89.8
5857 89.95
5858 90.0
5859 90.15
5860 90.15
5861 90.15
5862 90.15
5863 90.2
5864 90.2
5865 90.2
5866 90.2
5867 90.2
5868 90.2
5869 90.2
5870 90.2
5871 90.2
5872 90.2
5873 90.2
5874 90.2
5875 90.2
5876 90.2
5877 90.2
5878 90.2
5879 90.2
5880 90.2
5881 90.2
5882 90.2
5883 90.2
5884 90.3
5885 90.3
5886 90.3
5887 90.3
5888 90.3
5889 90.3
5890 90.3
5891 90.3
5892 90.3
5893 90.3
5894 90.3
5895 90.3
5896 90.3
5897 90.3
5898 90.35
5899 90.35
5900 90.35
5901 90.35
5902 90.35
5903 90.35
5904 90.35
5905 90.35
5906 90.35
5907 90.35
5908 90.35
5909 90.35
5910 90.4
5911 90.55
5912 90.55
5913 90.55
5914 90.55
5915 90.6
5916 90.6
5917 90.6
5918 90.6
5919 90.6
5920 90.6
5921 90.6
5922 90.6
5923 90.65
5924 90.65
5925 90.65
5926 90.7
5927 90.7
5928 90.75
5929 90.75
5930 90.75
5931 90.8
5932 90.8
5933 90.8
5934 90.8
5935 90.8
5936 90.8
5937 90.85
5938 90.85
5939 90.85
5940 90.85
5941 90.85
5942 90.85
5943 90.85
5944 90.85
5945 90.9
5946 90.9
5947 90.9
5948 90.9
5949 90.9
5950 90.9
5951 90.9
5952 90.95
5953 90.95
5954 90.95
5955 90.95
5956 90.95
5957 90.95
5958 90.95
5959 90.95
5960 90.95
5961 90.95
5962 90.95
5963 90.95
5964 91.0
5965 91.0
5966 91.0
5967 91.0
5968 91.0
5969 91.05
5970 91.05
5971 91.05
5972 91.05
5973 91.05
5974 91.05
5975 91.05
5976 91.05
5977 91.05
5978 91.05
5979 91.05
5980 91.05
5981 91.05
5982 91.05
5983 91.05
5984 91.1
5985 91.1
5986 91.1
5987 91.1
5988 91.1
5989 91.1
5990 91.1
5991 91.1
5992 91.1
5993 91.1
5994 91.1
5995 91.1
5996 91.1
5997 91.1
5998 91.1
5999 91.1
