#iterations fitness
0 0.0
1 0.05
2 0.35
3 0.45
4 0.65
5 0.75
6 0.75
7 0.9
8 1.15
9 1.4
10 1.55
11 1.6
12 1.8
13 1.9
14 1.9
15 2.0
16 2.1
17 2.1
18 2.2
19 2.35
20 2.35
21 2.4
22 2.45
23 2.45
24 2.45
25 2.5
26 2.5
27 2.55
28 2.6
29 2.6
30 2.65
31 2.85
32 3.1
33 3.1
34 3.15
35 3.15
36 3.15
37 3.15
38 3.15
39 3.15
40 3.15
41 3.5
42 3.6
43 3.8
44 3.95
45 3.95
46 3.95
47 3.95
48 3.95
49 4.0
50 4.0
51 4.0
52 4.0
53 4.0
54 4.0
55 4.0
56 4.0
57 4.0
58 4.0
59 4.05
60 4.05
61 4.1
62 4.1
63 4.15
64 4.35
65 4.4
66 4.4
67 4.4
68 4.7
69 4.7
70 4.7
71 4.7
72 4.7
73 4.7
74 4.75
75 4.75
76 4.85
77 4.85
78 4.85
79 4.95
80 5.0
81 5.0
82 5.0
83 5.0
84 5.0
85 5.05
86 5.15
87 5.25
88 5.3
89 5.4
90 5.4
91 5.4
92 5.55
93 5.7
94 5.8
95 5.8
96 5.8
97 5.85
98 5.9
99 6.0
100 6.05
101 6.05
102 6.15
103 6.3
104 6.35
105 6.35
106 6.35
107 6.35
108 6.35
109 6.45
110 6.45
111 6.55
112 6.55
113 6.6
114 6.6
115 6.6
116 6.6
117 6.7
118 6.7
119 6.7
120 6.75
121 6.8
122 6.8
123 6.8
124 6.8
125 6.8
126 6.8
127 6.85
128 6.85
129 6.85
130 6.85
131 6.85
132 6.95
133 6.95
134 6.95
135 6.95
136 6.95
137 7.0
138 7.0
139 7.0
140 7.0
141 7.2
142 7.2
143 7.25
144 7.4
145 7.45
146 7.45
147 7.45
148 7.45
149 7.65
150 7.75
151 7.75
152 7.75
153 7.75
154 7.75
155 7.8
156 7.85
157 7.9
158 8.05
159 8.05
160 8.1
161 8.1
162 8.25
163 8.25
164 8.35
165 8.35
166 8.4
167 8.45
168 8.45
169 8.45
170 8.45
171 8.55
172 8.55
173 8.55
174 8.55
175 8.55
176 8.7
177 8.8
178 8.8
179 8.8
180 8.85
181 8.85
182 8.85
183 8.95
184 8.95
185 8.95
186 8.95
187 9.0
188 9.0
189 9.1
190 9.1
191 9.1
192 9.15
193 9.25
194 9.35
195 9.35
196 9.35
197 9.35
198 9.35
199 9.4
200 9.4
201 9.55
202 9.6
203 9.65
204 9.7
205 9.85
206 9.85
207 9.85
208 9.85
209 9.85
210 9.9
211 9.95
212 9.95
213 9.95
214 9.95
215 9.95
216 9.95
217 10.0
218 10.1
219 10.25
220 10.3
221 10.3
222 10.35
223 10.45
224 10.45
225 10.5
226 10.55
227 10.65
228 10.7
229 10.7
230 10.7
231 10.75
232 10.8
233 10.9
234 10.9
235 10.95
236 10.95
237 10.95
238 10.95
239 11.0
240 11.0
241 11.1
242 11.2
243 11.2
244 11.2
245 11.2
246 11.25
247 11.25
248 11.25
249 11.25
250 11.25
251 11.35
252 11.4
253 11.4
254 11.5
255 11.5
256 11.65
257 11.7
258 11.95
259 12.1
260 12.15
261 12.2
262 12.2
263 12.3
264 12.35
265 12.4
266 12.4
267 12.4
268 12.45
269 12.45
270 12.45
271 12.5
272 12.6
273 12.6
274 12.6
275 12.6
276 12.6
277 12.65
278 12.65
279 12.75
280 12.85
281 12.95
282 12.95
283 13.0
284 13.1
285 13.1
286 13.2
287 13.25
288 13.25
289 13.25
290 13.25
291 13.3
292 13.45
293 13.45
294 13.45
295 13.45
296 13.5
297 13.5
298 13.5
299 13.6
300 13.6
301 13.6
302 13.65
303 13.65
304 13.8
305 13.8
306 13.9
307 14.0
308 14.0
309 14.0
310 14.0
311 14.0
312 14.05
313 14.05
314 14.05
315 14.05
316 14.1
317 14.15
318 14.2
319 14.2
320 14.3
321 14.3
322 14.35
323 14.5
324 14.6
325 14.65
326 14.65
327 14.7
328 14.7
329 14.7
330 14.7
331 14.7
332 14.7
333 14.7
334 14.75
335 14.75
336 14.8
337 14.8
338 14.8
339 14.85
340 14.85
341 15.1
342 15.15
343 15.2
344 15.2
345 15.3
346 15.3
347 15.5
348 15.6
349 15.6
350 15.65
351 15.7
352 15.75
353 15.75
354 15.8
355 15.8
356 15.95
357 16.15
358 16.15
359 16.25
360 16.3
361 16.3
362 16.3
363 16.3
364 16.4
365 16.45
366 16.5
367 16.5
368 16.6
369 16.6
370 16.65
371 16.65
372 16.75
373 16.8
374 16.8
375 16.85
376 16.85
377 16.9
378 16.9
379 16.9
380 16.9
381 16.9
382 17.0
383 17.0
384 17.0
385 17.05
386 17.05
387 17.05
388 17.05
389 17.05
390 17.05
391 17.1
392 17.15
393 17.15
394 17.15
395 17.15
396 17.15
397 17.15
398 17.15
399 17.25
400 17.25
401 17.25
402 17.25
403 17.25
404 17.25
405 17.25
406 17.35
407 17.4
408 17.6
409 17.65
410 17.75
411 17.75
412 17.75
413 17.8
414 17.8
415 17.8
416 17.8
417 17.8
418 17.9
419 17.9
420 18.05
421 18.15
422 18.15
423 18.25
424 18.25
425 18.3
426 18.3
427 18.3
428 18.45
429 18.45
430 18.5
431 18.5
432 18.5
433 18.5
434 18.5
435 18.55
436 18.65
437 18.8
438 18.85
439 18.9
440 18.9
441 18.9
442 18.9
443 18.9
444 19.05
445 19.05
446 19.05
447 19.1
448 19.1
449 19.25
450 19.35
451 19.4
452 19.45
453 19.45
454 19.45
455 19.45
456 19.45
457 19.6
458 19.6
459 19.6
460 19.75
461 19.85
462 19.85
463 20.05
464 20.1
465 20.1
466 20.15
467 20.15
468 20.25
469 20.25
470 20.25
471 20.25
472 20.4
473 20.5
474 20.5
475 20.5
476 20.55
477 20.55
478 20.6
479 20.75
480 20.75
481 20.75
482 20.75
483 20.8
484 20.8
485 20.8
486 20.8
487 20.9
488 20.9
489 20.9
490 20.9
491 20.9
492 20.9
493 20.9
494 20.9
495 20.9
496 20.95
497 20.95
498 20.95
499 21.0
500 21.0
501 21.0
502 21.05
503 21.1
504 21.15
505 21.15
506 21.25
507 21.35
508 21.35
509 21.35
510 21.35
511 21.4
512 21.4
513 21.4
514 21.4
515 21.5
516 21.65
517 21.7
518 21.7
519 21.75
520 21.8
521 21.8
522 21.8
523 21.8
524 21.85
525 21.9
526 21.9
527 21.9
528 21.9
529 21.95
530 21.95
531 22.0
532 22.1
533 22.1
534 22.1
535 22.1
536 22.15
537 22.2
538 22.2
539 22.2
540 22.2
541 22.2
542 22.25
543 22.3
544 22.3
545 22.3
546 22.45
547 22.45
548 22.55
549 22.6
550 22.6
551 22.6
552 22.6
553 22.6
554 22.65
555 22.75
556 22.75
557 22.8
558 22.85
559 22.85
560 22.85
561 22.9
562 22.9
563 23.0
564 23.15
565 23.2
566 23.2
567 23.3
568 23.4
569 23.4
570 23.45
571 23.5
572 23.55
573 23.55
574 23.7
575 23.7
576 23.75
577 23.8
578 24.1
579 24.1
580 24.1
581 24.3
582 24.35
583 24.4
584 24.4
585 24.45
586 24.45
587 24.5
588 24.55
589 24.6
590 24.65
591 24.65
592 24.65
593 24.65
594 24.65
595 24.75
596 24.9
597 24.9
598 24.9
599 24.9
600 24.9
601 24.95
602 24.95
603 25.0
604 25.0
605 25.0
606 25.05
607 25.05
608 25.2
609 25.25
610 25.25
611 25.25
612 25.25
613 25.55
614 25.55
615 25.75
616 25.8
617 25.8
618 25.8
619 25.85
620 25.85
621 25.85
622 25.85
623 25.85
624 26.0
625 26.0
626 26.1
627 26.1
628 26.1
629 26.25
630 26.25
631 26.25
632 26.35
633 26.35
634 26.35
635 26.45
636 26.55
637 26.65
638 26.75
639 26.9
640 26.9
641 26.9
642 26.95
643 27.0
644 27.05
645 27.05
646 27.15
647 27.15
648 27.15
649 27.2
650 27.2
651 27.25
652 27.25
653 27.25
654 27.25
655 27.25
656 27.25
657 27.25
658 27.25
659 27.25
660 27.25
661 27.25
662 27.25
663 27.25
664 27.25
665 27.25
666 27.25
667 27.35
668 27.4
669 27.5
670 27.65
671 27.95
672 27.95
673 27.95
674 28.0
675 28.05
676 28.05
677 28.1
678 28.1
679 28.1
680 28.25
681 28.35
682 28.35
683 28.35
684 28.35
685 28.35
686 28.35
687 28.35
688 28.35
689 28.35
690 28.45
691 28.45
692 28.45
693 28.45
694 28.55
695 28.65
696 28.65
697 28.85
698 28.95
699 28.95
700 28.95
701 29.0
702 29.0
703 29.0
704 29.15
705 29.15
706 29.15
707 29.15
708 29.15
709 29.2
710 29.35
711 29.35
712 29.45
713 29.5
714 29.5
715 29.5
716 29.5
717 29.7
718 29.7
719 29.7
720 29.7
721 29.75
722 29.75
723 29.75
724 29.8
725 29.9
726 29.9
727 29.9
728 29.9
729 29.9
730 29.9
731 29.9
732 29.95
733 29.95
734 29.95
735 30.05
736 30.1
737 30.1
738 30.15
739 30.2
740 30.2
741 30.2
742 30.25
743 30.25
744 30.25
745 30.25
746 30.25
747 30.25
748 30.25
749 30.35
750 30.4
751 30.4
752 30.5
753 30.5
754 30.5
755 30.5
756 30.55
757 30.55
758 30.55
759 30.55
760 30.55
761 30.55
762 30.55
763 30.6
764 30.7
765 30.7
766 30.8
767 30.9
768 30.9
769 30.9
770 31.2
771 31.2
772 31.25
773 31.25
774 31.25
775 31.25
776 31.25
777 31.25
778 31.45
779 31.45
780 31.45
781 31.55
782 31.55
783 31.6
784 31.65
785 31.65
786 31.7
787 31.75
788 31.75
789 31.85
790 31.9
791 31.95
792 32.0
793 32.05
794 32.05
795 32.15
796 32.15
797 32.15
798 32.3
799 32.3
800 32.3
801 32.3
802 32.3
803 32.3
804 32.3
805 32.3
806 32.3
807 32.3
808 32.3
809 32.3
810 32.45
811 32.45
812 32.45
813 32.45
814 32.45
815 32.45
816 32.45
817 32.5
818 32.65
819 32.7
820 32.7
821 32.8
822 32.8
823 32.9
824 33.0
825 33.0
826 33.15
827 33.15
828 33.25
829 33.3
830 33.35
831 33.5
832 33.5
833 33.5
834 33.5
835 33.5
836 33.65
837 33.65
838 33.7
839 33.7
840 33.8
841 33.8
842 33.85
843 33.85
844 33.9
845 33.95
846 33.95
847 34.0
848 34.0
849 34.05
850 34.05
851 34.15
852 34.25
853 34.25
854 34.25
855 34.3
856 34.3
857 34.3
858 34.4
859 34.4
860 34.4
861 34.45
862 34.6
863 34.6
864 34.6
865 34.7
866 34.7
867 34.75
868 34.75
869 34.8
870 34.8
871 34.8
872 34.8
873 34.8
874 34.8
875 34.8
876 34.8
877 34.85
878 34.85
879 35.0
880 35.1
881 35.1
882 35.1
883 35.1
884 35.1
885 35.1
886 35.25
887 35.55
888 35.65
889 35.75
890 35.85
891 35.85
892 35.9
893 35.9
894 35.9
895 35.9
896 35.9
897 35.95
898 35.95
899 36.1
900 36.25
901 36.45
902 36.45
903 36.45
904 36.45
905 36.45
906 36.5
907 36.5
908 36.5
909 36.5
910 36.65
911 36.7
912 36.7
913 36.7
914 36.7
915 36.7
916 36.7
917 36.7
918 36.7
919 36.7
920 36.7
921 36.75
922 36.8
923 36.8
924 36.8
925 36.85
926 36.95
927 37.0
928 37.0
929 37.05
930 37.1
931 37.1
932 37.15
933 37.15
934 37.15
935 37.15
936 37.15
937 37.2
938 37.25
939 37.25
940 37.25
941 37.3
942 37.3
943 37.3
944 37.3
945 37.3
946 37.35
947 37.35
948 37.35
949 37.35
950 37.35
951 37.4
952 37.5
953 37.55
954 37.55
955 37.55
956 37.55
957 37.75
958 37.75
959 37.75
960 37.75
961 37.9
962 37.9
963 37.9
964 37.9
965 37.9
966 37.9
967 38.05
968 38.1
969 38.1
970 38.1
971 38.1
972 38.15
973 38.15
974 38.15
975 38.15
976 38.3
977 38.3
978 38.3
979 38.3
980 38.45
981 38.5
982 38.5
983 38.6
984 38.65
985 38.65
986 38.65
987 38.65
988 38.65
989 38.85
990 38.9
991 38.95
992 38.95
993 38.95
994 39.0
995 39.0
996 39.05
997 39.05
998 39.05
999 39.05
1000 39.05
1001 39.05
1002 39.05
1003 39.05
1004 39.05
1005 39.05
1006 39.15
1007 39.15
1008 39.15
1009 39.15
1010 39.15
1011 39.15
1012 39.2
1013 39.2
1014 39.25
1015 39.25
1016 39.35
1017 39.35
1018 39.5
1019 39.55
1020 39.55
1021 39.55
1022 39.55
1023 39.55
1024 39.6
1025 39.6
1026 39.65
1027 39.65
1028 39.65
1029 39.65
1030 39.7
1031 39.7
1032 39.85
1033 39.95
1034 40.0
1035 40.05
1036 40.05
1037 40.05
1038 40.05
1039 40.15
1040 40.2
1041 40.2
1042 40.2
1043 40.2
1044 40.3
1045 40.3
1046 40.4
1047 40.4
1048 40.4
1049 40.5
1050 40.5
1051 40.5
1052 40.5
1053 40.5
1054 40.6
1055 40.6
1056 40.65
1057 40.65
1058 40.75
1059 40.85
1060 40.9
1061 40.9
1062 41.0
1063 41.05
1064 41.05
1065 41.1
1066 41.1
1067 41.1
1068 41.15
1069 41.2
1070 41.2
1071 41.35
1072 41.35
1073 41.35
1074 41.4
1075 41.4
1076 41.4
1077 41.4
1078 41.4
1079 41.45
1080 41.55
1081 41.55
1082 41.55
1083 41.55
1084 41.55
1085 41.7
1086 41.7
1087 41.75
1088 41.75
1089 41.75
1090 42.0
1091 42.05
1092 42.1
1093 42.1
1094 42.1
1095 42.1
1096 42.1
1097 42.15
1098 42.15
1099 42.15
1100 42.15
1101 42.25
1102 42.3
1103 42.3
1104 42.3
1105 42.3
1106 42.3
1107 42.45
1108 42.55
1109 42.55
1110 42.6
1111 42.65
1112 42.7
1113 42.75
1114 42.75
1115 42.9
1116 42.9
1117 43.1
1118 43.1
1119 43.15
1120 43.2
1121 43.2
1122 43.25
1123 43.25
1124 43.25
1125 43.25
1126 43.4
1127 43.4
1128 43.4
1129 43.4
1130 43.4
1131 43.65
1132 43.8
1133 43.8
1134 43.85
1135 43.85
1136 43.9
1137 44.05
1138 44.05
1139 44.1
1140 44.1
1141 44.2
1142 44.2
1143 44.25
1144 44.3
1145 44.3
1146 44.35
1147 44.4
1148 44.45
1149 44.45
1150 44.45
1151 44.5
1152 44.5
1153 44.5
1154 44.5
1155 44.5
1156 44.5
1157 44.5
1158 44.55
1159 44.55
1160 44.55
1161 44.55
1162 44.55
1163 44.65
1164 44.65
1165 44.65
1166 44.65
1167 44.65
1168 44.75
1169 44.75
1170 44.85
1171 44.9
1172 44.9
1173 44.9
1174 44.9
1175 44.9
1176 44.95
1177 45.1
1178 45.15
1179 45.2
1180 45.2
1181 45.2
1182 45.2
1183 45.2
1184 45.25
1185 45.35
1186 45.35
1187 45.35
1188 45.4
1189 45.45
1190 45.65
1191 45.9
1192 45.9
1193 45.9
1194 45.9
1195 45.9
1196 45.9
1197 45.9
1198 45.9
1199 45.9
1200 45.9
1201 45.95
1202 46.05
1203 46.05
1204 46.05
1205 46.1
1206 46.1
1207 46.1
1208 46.1
1209 46.1
1210 46.15
1211 46.25
1212 46.25
1213 46.3
1214 46.3
1215 46.3
1216 46.3
1217 46.35
1218 46.35
1219 46.4
1220 46.4
1221 46.4
1222 46.5
1223 46.5
1224 46.6
1225 46.95
1226 46.95
1227 47.0
1228 47.0
1229 47.15
1230 47.25
1231 47.25
1232 47.3
1233 47.3
1234 47.3
1235 47.3
1236 47.3
1237 47.35
1238 47.35
1239 47.45
1240 47.45
1241 47.45
1242 47.45
1243 47.45
1244 47.6
1245 47.6
1246 47.75
1247 47.95
1248 47.95
1249 48.05
1250 48.05
1251 48.1
1252 48.25
1253 48.25
1254 48.3
1255 48.3
1256 48.3
1257 48.3
1258 48.35
1259 48.35
1260 48.35
1261 48.35
1262 48.35
1263 48.35
1264 48.45
1265 48.45
1266 48.45
1267 48.45
1268 48.5
1269 48.5
1270 48.65
1271 48.65
1272 48.65
1273 48.7
1274 48.85
1275 48.85
1276 49.05
1277 49.1
1278 49.1
1279 49.1
1280 49.1
1281 49.1
1282 49.1
1283 49.15
1284 49.15
1285 49.2
1286 49.2
1287 49.25
1288 49.3
1289 49.4
1290 49.45
1291 49.45
1292 49.45
1293 49.5
1294 49.55
1295 49.6
1296 49.7
1297 49.7
1298 49.7
1299 49.7
1300 49.7
1301 49.7
1302 49.7
1303 49.7
1304 49.75
1305 49.75
1306 49.75
1307 49.75
1308 49.75
1309 49.75
1310 49.75
1311 49.85
1312 49.9
1313 49.9
1314 49.95
1315 49.95
1316 49.95
1317 50.05
1318 50.25
1319 50.25
1320 50.35
1321 50.35
1322 50.35
1323 50.35
1324 50.35
1325 50.35
1326 50.5
1327 50.6
1328 50.6
1329 50.7
1330 50.75
1331 50.85
1332 50.85
1333 50.85
1334 50.85
1335 50.85
1336 50.85
1337 50.9
1338 50.95
1339 50.95
1340 50.95
1341 50.95
1342 51.05
1343 51.05
1344 51.1
1345 51.1
1346 51.1
1347 51.1
1348 51.2
1349 51.2
1350 51.2
1351 51.3
1352 51.4
1353 51.45
1354 51.5
1355 51.55
1356 51.55
1357 51.55
1358 51.55
1359 51.65
1360 51.65
1361 51.65
1362 51.65
1363 51.65
1364 51.65
1365 51.65
1366 51.65
1367 51.7
1368 51.9
1369 51.9
1370 51.9
1371 51.9
1372 51.9
1373 51.95
1374 51.95
1375 51.95
1376 52.05
1377 52.15
1378 52.15
1379 52.25
1380 52.25
1381 52.35
1382 52.35
1383 52.4
1384 52.4
1385 52.4
1386 52.4
1387 52.4
1388 52.4
1389 52.4
1390 52.45
1391 52.55
1392 52.55
1393 52.55
1394 52.55
1395 52.55
1396 52.6
1397 52.6
1398 52.6
1399 52.75
1400 52.8
1401 52.8
1402 52.8
1403 53.05
1404 53.05
1405 53.1
1406 53.25
1407 53.25
1408 53.25
1409 53.25
1410 53.3
1411 53.4
1412 53.4
1413 53.45
1414 53.45
1415 53.45
1416 53.6
1417 53.6
1418 53.6
1419 53.6
1420 53.65
1421 53.65
1422 53.65
1423 53.65
1424 53.7
1425 53.8
1426 53.9
1427 53.9
1428 53.9
1429 53.9
1430 53.9
1431 53.9
1432 53.95
1433 54.05
1434 54.05
1435 54.05
1436 54.25
1437 54.25
1438 54.3
1439 54.3
1440 54.3
1441 54.3
1442 54.3
1443 54.35
1444 54.45
1445 54.45
1446 54.45
1447 54.45
1448 54.45
1449 54.45
1450 54.55
1451 54.55
1452 54.55
1453 54.6
1454 54.6
1455 54.6
1456 54.65
1457 54.65
1458 54.65
1459 54.65
1460 54.7
1461 54.7
1462 54.75
1463 54.75
1464 54.75
1465 54.75
1466 54.75
1467 54.8
1468 54.8
1469 54.85
1470 54.85
1471 54.85
1472 54.85
1473 54.85
1474 54.9
1475 54.9
1476 54.9
1477 54.95
1478 55.0
1479 55.0
1480 55.05
1481 55.05
1482 55.05
1483 55.05
1484 55.05
1485 55.1
1486 55.1
1487 55.15
1488 55.15
1489 55.2
1490 55.2
1491 55.3
1492 55.35
1493 55.45
1494 55.45
1495 55.45
1496 55.45
1497 55.55
1498 55.6
1499 55.6
1500 55.65
1501 55.65
1502 55.65
1503 55.65
1504 55.7
1505 55.75
1506 55.8
1507 55.8
1508 55.8
1509 55.8
1510 55.85
1511 55.95
1512 55.95
1513 56.0
1514 56.1
1515 56.25
1516 56.25
1517 56.3
1518 56.3
1519 56.3
1520 56.35
1521 56.45
1522 56.45
1523 56.45
1524 56.45
1525 56.45
1526 56.45
1527 56.45
1528 56.45
1529 56.45
1530 56.45
1531 56.5
1532 56.5
1533 56.55
1534 56.55
1535 56.55
1536 56.6
1537 56.65
1538 56.65
1539 56.65
1540 56.7
1541 56.85
1542 56.9
1543 57.0
1544 57.0
1545 57.0
1546 57.0
1547 57.05
1548 57.1
1549 57.25
1550 57.25
1551 57.3
1552 57.3
1553 57.35
1554 57.4
1555 57.4
1556 57.4
1557 57.4
1558 57.4
1559 57.45
1560 57.45
1561 57.55
1562 57.55
1563 57.55
1564 57.7
1565 57.7
1566 57.7
1567 57.7
1568 57.8
1569 57.8
1570 57.9
1571 57.9
1572 57.9
1573 57.9
1574 57.9
1575 57.95
1576 57.95
1577 57.95
1578 57.95
1579 57.95
1580 57.95
1581 58.0
1582 58.0
1583 58.0
1584 58.0
1585 58.1
1586 58.1
1587 58.1
1588 58.15
1589 58.15
1590 58.15
1591 58.15
1592 58.25
1593 58.3
1594 58.3
1595 58.3
1596 58.3
1597 58.3
1598 58.45
1599 58.45
1600 58.45
1601 58.5
1602 58.65
1603 58.65
1604 58.65
1605 58.85
1606 58.9
1607 58.9
1608 59.2
1609 59.2
1610 59.2
1611 59.2
1612 59.3
1613 59.3
1614 59.3
1615 59.3
1616 59.3
1617 59.3
1618 59.35
1619 59.35
1620 59.45
1621 59.55
1622 59.55
1623 59.55
1624 59.55
1625 59.55
1626 59.6
1627 59.6
1628 59.65
1629 59.65
1630 59.7
1631 59.7
1632 59.75
1633 59.8
1634 59.8
1635 59.9
1636 59.95
1637 60.0
1638 60.0
1639 60.0
1640 60.0
1641 60.0
1642 60.0
1643 60.0
1644 60.0
1645 60.05
1646 60.05
1647 60.05
1648 60.1
1649 60.15
1650 60.15
1651 60.15
1652 60.15
1653 60.2
1654 60.2
1655 60.2
1656 60.25
1657 60.25
1658 60.25
1659 60.3
1660 60.35
1661 60.35
1662 60.35
1663 60.35
1664 60.4
1665 60.4
1666 60.4
1667 60.4
1668 60.55
1669 60.55
1670 60.55
1671 60.55
1672 60.6
1673 60.65
1674 60.7
1675 60.8
1676 60.8
1677 60.8
1678 60.95
1679 61.05
1680 61.05
1681 61.05
1682 61.1
1683 61.2
1684 61.2
1685 61.2
1686 61.2
1687 61.2
1688 61.25
1689 61.3
1690 61.35
1691 61.35
1692 61.35
1693 61.35
1694 61.35
1695 61.35
1696 61.4
1697 61.4
1698 61.45
1699 61.45
1700 61.45
1701 61.45
1702 61.45
1703 61.45
1704 61.45
1705 61.45
1706 61.5
1707 61.5
1708 61.55
1709 61.55
1710 61.55
1711 61.55
1712 61.6
1713 61.6
1714 61.65
1715 61.75
1716 61.75
1717 61.75
1718 61.75
1719 61.75
1720 61.75
1721 61.75
1722 61.8
1723 61.8
1724 61.85
1725 61.85
1726 61.9
1727 62.0
1728 62.0
1729 62.0
1730 62.05
1731 62.05
1732 62.05
1733 62.15
1734 62.15
1735 62.15
1736 62.15
1737 62.2
1738 62.35
1739 62.35
1740 62.45
1741 62.45
1742 62.45
1743 62.45
1744 62.45
1745 62.5
1746 62.55
1747 62.55
1748 62.55
1749 62.55
1750 62.55
1751 62.7
1752 62.7
1753 62.75
1754 62.75
1755 62.8
1756 62.8
1757 62.85
1758 62.85
1759 62.85
1760 62.85
1761 62.85
1762 62.9
1763 62.9
1764 62.9
1765 62.9
1766 62.9
1767 62.95
1768 63.0
1769 63.0
1770 63.0
1771 63.0
1772 63.0
1773 63.0
1774 63.0
1775 63.0
1776 63.0
1777 63.05
1778 63.1
1779 63.25
1780 63.4
1781 63.5
1782 63.55
1783 63.6
1784 63.6
1785 63.6
1786 63.65
1787 63.7
1788 63.7
1789 63.75
1790 63.75
1791 63.85
1792 63.9
1793 63.9
1794 63.9
1795 63.9
1796 64.05
1797 64.05
1798 64.05
1799 64.05
1800 64.05
1801 64.1
1802 64.1
1803 64.1
1804 64.15
1805 64.15
1806 64.25
1807 64.35
1808 64.4
1809 64.45
1810 64.55
1811 64.6
1812 64.65
1813 64.75
1814 64.75
1815 64.75
1816 64.85
1817 64.95
1818 64.95
1819 64.95
1820 65.0
1821 65.0
1822 65.0
1823 65.05
1824 65.05
1825 65.05
1826 65.1
1827 65.15
1828 65.15
1829 65.15
1830 65.15
1831 65.15
1832 65.25
1833 65.25
1834 65.25
1835 65.25
1836 65.25
1837 65.25
1838 65.25
1839 65.25
1840 65.25
1841 65.3
1842 65.4
1843 65.4
1844 65.4
1845 65.5
1846 65.5
1847 65.5
1848 65.65
1849 65.65
1850 65.65
1851 65.65
1852 65.75
1853 65.75
1854 65.8
1855 65.8
1856 65.8
1857 65.85
1858 65.85
1859 65.85
1860 65.85
1861 65.85
1862 66.0
1863 66.15
1864 66.15
1865 66.15
1866 66.15
1867 66.15
1868 66.15
1869 66.3
1870 66.3
1871 66.3
1872 66.3
1873 66.4
1874 66.45
1875 66.45
1876 66.45
1877 66.45
1878 66.45
1879 66.45
1880 66.45
1881 66.5
1882 66.55
1883 66.55
1884 66.6
1885 66.6
1886 66.65
1887 66.7
1888 66.7
1889 66.7
1890 66.75
1891 66.75
1892 66.75
1893 66.75
1894 66.75
1895 66.75
1896 66.8
1897 66.8
1898 66.85
1899 66.85
1900 66.85
1901 66.85
1902 66.95
1903 66.95
1904 66.95
1905 66.95
1906 66.95
1907 66.95
1908 66.95
1909 66.95
1910 66.95
1911 67.1
1912 67.1
1913 67.1
1914 67.15
1915 67.25
1916 67.25
1917 67.25
1918 67.25
1919 67.3
1920 67.3
1921 67.35
1922 67.35
1923 67.35
1924 67.4
1925 67.5
1926 67.5
1927 67.5
1928 67.5
1929 67.5
1930 67.5
1931 67.55
1932 67.55
1933 67.55
1934 67.55
1935 67.6
1936 67.6
1937 67.8
1938 67.85
1939 67.85
1940 67.85
1941 67.85
1942 67.85
1943 67.9
1944 67.9
1945 67.95
1946 68.0
1947 68.0
1948 68.15
1949 68.15
1950 68.15
1951 68.15
1952 68.2
1953 68.25
1954 68.4
1955 68.4
1956 68.45
1957 68.45
1958 68.45
1959 68.45
1960 68.45
1961 68.45
1962 68.45
1963 68.45
1964 68.45
1965 68.45
1966 68.55
1967 68.55
1968 68.55
1969 68.6
1970 68.7
1971 68.75
1972 68.75
1973 68.75
1974 68.75
1975 68.75
1976 68.75
1977 68.75
1978 68.8
1979 68.8
1980 68.8
1981 68.85
1982 68.85
1983 68.9
1984 68.95
1985 68.95
1986 68.95
1987 68.95
1988 68.95
1989 68.95
1990 68.95
1991 68.95
1992 68.95
1993 69.1
1994 69.15
1995 69.15
1996 69.2
1997 69.25
1998 69.35
1999 69.4
2000 69.45
2001 69.45
2002 69.5
2003 69.5
2004 69.65
2005 69.65
2006 69.7
2007 69.7
2008 69.7
2009 69.75
2010 69.8
2011 69.8
2012 69.8
2013 69.9
2014 69.95
2015 69.95
2016 69.95
2017 69.95
2018 70.0
2019 70.0
2020 70.0
2021 70.0
2022 70.1
2023 70.2
2024 70.2
2025 70.25
2026 70.3
2027 70.35
2028 70.4
2029 70.4
2030 70.4
2031 70.4
2032 70.5
2033 70.5
2034 70.5
2035 70.5
2036 70.55
2037 70.6
2038 70.65
2039 70.65
2040 70.75
2041 70.85
2042 70.85
2043 70.85
2044 70.85
2045 71.0
2046 71.0
2047 71.0
2048 71.0
2049 71.0
2050 71.0
2051 71.0
2052 71.0
2053 71.0
2054 71.15
2055 71.2
2056 71.35
2057 71.35
2058 71.35
2059 71.35
2060 71.35
2061 71.55
2062 71.55
2063 71.6
2064 71.65
2065 71.65
2066 71.65
2067 71.65
2068 71.7
2069 71.75
2070 71.8
2071 71.8
2072 71.95
2073 71.95
2074 71.95
2075 71.95
2076 71.95
2077 71.95
2078 72.0
2079 72.1
2080 72.1
2081 72.1
2082 72.1
2083 72.1
2084 72.1
2085 72.1
2086 72.15
2087 72.15
2088 72.2
2089 72.2
2090 72.2
2091 72.2
2092 72.2
2093 72.2
2094 72.2
2095 72.2
2096 72.2
2097 72.2
2098 72.2
2099 72.3
2100 72.3
2101 72.3
2102 72.3
2103 72.3
2104 72.3
2105 72.3
2106 72.3
2107 72.4
2108 72.4
2109 72.4
2110 72.4
2111 72.45
2112 72.55
2113 72.55
2114 72.55
2115 72.6
2116 72.6
2117 72.65
2118 72.7
2119 72.95
2120 73.05
2121 73.05
2122 73.05
2123 73.1
2124 73.15
2125 73.2
2126 73.25
2127 73.25
2128 73.25
2129 73.25
2130 73.3
2131 73.3
2132 73.3
2133 73.35
2134 73.35
2135 73.35
2136 73.35
2137 73.35
2138 73.4
2139 73.4
2140 73.4
2141 73.45
2142 73.5
2143 73.5
2144 73.5
2145 73.5
2146 73.5
2147 73.5
2148 73.5
2149 73.5
2150 73.5
2151 73.5
2152 73.5
2153 73.55
2154 73.6
2155 73.6
2156 73.65
2157 73.65
2158 73.7
2159 73.7
2160 73.7
2161 73.7
2162 73.7
2163 73.7
2164 73.7
2165 73.8
2166 73.8
2167 73.8
2168 73.8
2169 73.8
2170 73.8
2171 73.85
2172 74.05
2173 74.05
2174 74.1
2175 74.35
2176 74.4
2177 74.4
2178 74.4
2179 74.45
2180 74.45
2181 74.6
2182 74.6
2183 74.65
2184 74.65
2185 74.65
2186 74.65
2187 74.75
2188 74.8
2189 74.8
2190 74.8
2191 74.8
2192 74.8
2193 74.8
2194 74.8
2195 74.8
2196 74.85
2197 74.85
2198 74.9
2199 74.95
2200 74.95
2201 75.0
2202 75.0
2203 75.0
2204 75.0
2205 75.0
2206 75.05
2207 75.1
2208 75.15
2209 75.15
2210 75.15
2211 75.15
2212 75.15
2213 75.2
2214 75.2
2215 75.2
2216 75.3
2217 75.3
2218 75.3
2219 75.35
2220 75.35
2221 75.35
2222 75.4
2223 75.45
2224 75.5
2225 75.55
2226 75.55
2227 75.55
2228 75.55
2229 75.65
2230 75.65
2231 75.65
2232 75.65
2233 75.75
2234 75.75
2235 75.75
2236 75.75
2237 75.75
2238 75.75
2239 75.75
2240 75.75
2241 75.75
2242 75.75
2243 75.75
2244 75.75
2245 75.8
2246 75.8
2247 75.8
2248 75.85
2249 75.85
2250 75.85
2251 75.85
2252 75.9
2253 76.05
2254 76.05
2255 76.2
2256 76.2
2257 76.2
2258 76.2
2259 76.2
2260 76.3
2261 76.3
2262 76.35
2263 76.45
2264 76.45
2265 76.45
2266 76.45
2267 76.5
2268 76.5
2269 76.5
2270 76.5
2271 76.55
2272 76.55
2273 76.55
2274 76.6
2275 76.6
2276 76.65
2277 76.8
2278 76.9
2279 76.9
2280 76.95
2281 76.95
2282 77.0
2283 77.1
2284 77.1
2285 77.1
2286 77.2
2287 77.3
2288 77.3
2289 77.3
2290 77.3
2291 77.3
2292 77.35
2293 77.35
2294 77.35
2295 77.45
2296 77.45
2297 77.45
2298 77.45
2299 77.6
2300 77.6
2301 77.6
2302 77.65
2303 77.65
2304 77.65
2305 77.65
2306 77.65
2307 77.7
2308 77.7
2309 77.7
2310 77.75
2311 77.75
2312 77.8
2313 77.8
2314 77.8
2315 77.8
2316 77.85
2317 77.85
2318 77.85
2319 77.85
2320 78.0
2321 78.0
2322 78.0
2323 78.0
2324 78.0
2325 78.05
2326 78.1
2327 78.1
2328 78.1
2329 78.3
2330 78.3
2331 78.3
2332 78.4
2333 78.45
2334 78.5
2335 78.7
2336 78.75
2337 78.75
2338 78.8
2339 78.8
2340 78.8
2341 78.8
2342 78.8
2343 78.85
2344 78.85
2345 78.85
2346 78.85
2347 78.9
2348 78.95
2349 78.95
2350 78.95
2351 79.0
2352 79.0
2353 79.1
2354 79.1
2355 79.1
2356 79.1
2357 79.1
2358 79.1
2359 79.15
2360 79.2
2361 79.2
2362 79.2
2363 79.2
2364 79.25
2365 79.25
2366 79.25
2367 79.25
2368 79.3
2369 79.3
2370 79.4
2371 79.4
2372 79.4
2373 79.4
2374 79.45
2375 79.45
2376 79.5
2377 79.6
2378 79.65
2379 79.65
2380 79.65
2381 79.65
2382 79.7
2383 79.7
2384 79.7
2385 79.75
2386 79.95
2387 79.95
2388 79.95
2389 79.95
2390 79.95
2391 79.95
2392 79.95
2393 79.95
2394 80.0
2395 80.0
2396 80.0
2397 80.05
2398 80.05
2399 80.05
2400 80.1
2401 80.1
2402 80.15
2403 80.15
2404 80.15
2405 80.15
2406 80.15
2407 80.2
2408 80.3
2409 80.3
2410 80.35
2411 80.35
2412 80.4
2413 80.4
2414 80.4
2415 80.4
2416 80.4
2417 80.45
2418 80.45
2419 80.45
2420 80.45
2421 80.45
2422 80.55
2423 80.6
2424 80.6
2425 80.6
2426 80.6
2427 80.6
2428 80.6
2429 80.65
2430 80.65
2431 80.65
2432 80.75
2433 80.8
2434 80.9
2435 80.9
2436 80.9
2437 80.9
2438 80.9
2439 80.9
2440 81.0
2441 81.15
2442 81.15
2443 81.2
2444 81.2
2445 81.2
2446 81.25
2447 81.25
2448 81.4
2449 81.45
2450 81.45
2451 81.45
2452 81.45
2453 81.55
2454 81.55
2455 81.55
2456 81.55
2457 81.7
2458 81.7
2459 81.7
2460 81.7
2461 81.7
2462 81.7
2463 81.7
2464 81.7
2465 81.7
2466 81.7
2467 81.7
2468 81.7
2469 81.7
2470 81.7
2471 81.75
2472 81.75
2473 81.75
2474 81.75
2475 81.85
2476 81.85
2477 81.9
2478 81.9
2479 81.9
2480 81.9
2481 81.95
2482 82.0
2483 82.05
2484 82.1
2485 82.1
2486 82.1
2487 82.1
2488 82.1
2489 82.1
2490 82.1
2491 82.1
2492 82.1
2493 82.1
2494 82.15
2495 82.3
2496 82.3
2497 82.3
2498 82.3
2499 82.3
2500 82.3
2501 82.3
2502 82.4
2503 82.45
2504 82.55
2505 82.55
2506 82.6
2507 82.6
2508 82.6
2509 82.6
2510 82.6
2511 82.6
2512 82.6
2513 82.6
2514 82.6
2515 82.65
2516 82.65
2517 82.65
2518 82.65
2519 82.7
2520 82.7
2521 82.7
2522 82.8
2523 82.8
2524 82.85
2525 82.95
2526 82.95
2527 82.95
2528 82.95
2529 83.05
2530 83.05
2531 83.05
2532 83.05
2533 83.1
2534 83.1
2535 83.1
2536 83.1
2537 83.1
2538 83.3
2539 83.3
2540 83.3
2541 83.3
2542 83.3
2543 83.35
2544 83.45
2545 83.5
2546 83.5
2547 83.55
2548 83.55
2549 83.55
2550 83.6
2551 83.7
2552 83.7
2553 83.7
2554 83.7
2555 83.7
2556 83.75
2557 83.8
2558 83.8
2559 83.85
2560 83.85
2561 83.95
2562 83.95
2563 83.95
2564 84.15
2565 84.2
2566 84.2
2567 84.2
2568 84.4
2569 84.4
2570 84.5
2571 84.5
2572 84.5
2573 84.5
2574 84.5
2575 84.55
2576 84.55
2577 84.55
2578 84.55
2579 84.55
2580 84.55
2581 84.55
2582 84.55
2583 84.7
2584 84.75
2585 84.8
2586 84.8
2587 84.8
2588 84.8
2589 84.8
2590 84.8
2591 84.8
2592 84.8
2593 84.8
2594 84.8
2595 84.8
2596 84.8
2597 84.85
2598 84.85
2599 84.85
2600 84.85
2601 84.9
2602 84.95
2603 85.15
2604 85.15
2605 85.15
2606 85.15
2607 85.3
2608 85.3
2609 85.3
2610 85.3
2611 85.4
2612 85.4
2613 85.4
2614 85.4
2615 85.4
2616 85.5
2617 85.5
2618 85.55
2619 85.55
2620 85.55
2621 85.55
2622 85.55
2623 85.55
2624 85.55
2625 85.55
2626 85.55
2627 85.55
2628 85.55
2629 85.55
2630 85.55
2631 85.6
2632 85.6
2633 85.65
2634 85.7
2635 85.7
2636 85.75
2637 85.75
2638 85.75
2639 85.75
2640 85.75
2641 85.85
2642 86.0
2643 86.0
2644 86.0
2645 86.05
2646 86.05
2647 86.1
2648 86.1
2649 86.1
2650 86.2
2651 86.2
2652 86.2
2653 86.25
2654 86.25
2655 86.3
2656 86.3
2657 86.3
2658 86.3
2659 86.35
2660 86.35
2661 86.35
2662 86.55
2663 86.55
2664 86.55
2665 86.6
2666 86.6
2667 86.6
2668 86.6
2669 86.6
2670 86.6
2671 86.75
2672 86.75
2673 86.8
2674 86.8
2675 86.9
2676 86.95
2677 86.95
2678 87.0
2679 87.0
2680 87.0
2681 87.1
2682 87.1
2683 87.1
2684 87.2
2685 87.2
2686 87.25
2687 87.55
2688 87.55
2689 87.55
2690 87.55
2691 87.55
2692 87.75
2693 87.75
2694 87.75
2695 87.85
2696 87.85
2697 87.85
2698 87.95
2699 88.0
2700 88.0
2701 88.05
2702 88.05
2703 88.05
2704 88.1
2705 88.1
2706 88.1
2707 88.15
2708 88.15
2709 88.15
2710 88.2
2711 88.2
2712 88.2
2713 88.25
2714 88.3
2715 88.3
2716 88.3
2717 88.3
2718 88.3
2719 88.35
2720 88.4
2721 88.4
2722 88.45
2723 88.5
2724 88.65
2725 88.65
2726 88.65
2727 88.75
2728 88.8
2729 88.8
2730 88.85
2731 88.85
2732 88.85
2733 88.85
2734 88.9
2735 88.9
2736 88.9
2737 88.9
2738 88.9
2739 88.9
2740 88.9
2741 88.9
2742 88.9
2743 88.9
2744 89.05
2745 89.05
2746 89.05
2747 89.05
2748 89.05
2749 89.1
2750 89.1
2751 89.1
2752 89.15
2753 89.15
2754 89.15
2755 89.15
2756 89.25
2757 89.25
2758 89.25
2759 89.25
2760 89.25
2761 89.25
2762 89.25
2763 89.25
2764 89.25
2765 89.25
2766 89.25
2767 89.25
2768 89.25
2769 89.35
2770 89.35
2771 89.35
2772 89.35
2773 89.35
2774 89.35
2775 89.35
2776 89.35
2777 89.5
2778 89.5
2779 89.55
2780 89.55
2781 89.65
2782 89.7
2783 89.7
2784 89.8
2785 89.85
2786 89.85
2787 89.85
2788 89.85
2789 89.85
2790 89.85
2791 89.85
2792 89.85
2793 89.95
2794 90.0
2795 90.05
2796 90.05
2797 90.15
2798 90.15
2799 90.2
2800 90.2
2801 90.2
2802 90.2
2803 90.2
2804 90.2
2805 90.35
2806 90.35
2807 90.35
2808 90.35
2809 90.4
2810 90.4
2811 90.4
2812 90.4
2813 90.4
2814 90.45
2815 90.45
2816 90.5
2817 90.5
2818 90.55
2819 90.55
2820 90.55
2821 90.55
2822 90.55
2823 90.55
2824 90.6
2825 90.65
2826 90.7
2827 90.75
2828 90.75
2829 90.8
2830 90.85
2831 90.85
2832 90.85
2833 90.85
2834 90.85
2835 90.85
2836 90.9
2837 90.9
2838 90.9
2839 90.9
2840 91.0
2841 91.0
2842 91.05
2843 91.05
2844 91.1
2845 91.1
2846 91.15
2847 91.15
2848 91.2
2849 91.25
2850 91.25
2851 91.25
2852 91.25
2853 91.3
2854 91.3
2855 91.35
2856 91.35
2857 91.35
2858 91.4
2859 91.45
2860 91.5
2861 91.5
2862 91.55
2863 91.55
2864 91.6
2865 91.6
2866 91.6
2867 91.6
2868 91.6
2869 91.6
2870 91.6
2871 91.65
2872 91.7
2873 91.7
2874 91.7
2875 91.75
2876 91.75
2877 91.75
2878 91.75
2879 91.75
2880 91.75
2881 91.75
2882 91.75
2883 91.75
2884 91.75
2885 91.75
2886 91.75
2887 91.85
2888 91.85
2889 91.85
2890 91.85
2891 91.9
2892 91.9
2893 91.9
2894 91.95
2895 91.95
2896 91.95
2897 91.95
2898 91.95
2899 91.95
2900 92.0
2901 92.0
2902 92.0
2903 92.0
2904 92.0
2905 92.0
2906 92.15
2907 92.25
2908 92.35
2909 92.35
2910 92.35
2911 92.45
2912 92.5
2913 92.5
2914 92.55
2915 92.55
2916 92.55
2917 92.55
2918 92.6
2919 92.6
2920 92.6
2921 92.6
2922 92.6
2923 92.6
2924 92.7
2925 92.7
2926 92.7
2927 92.7
2928 92.75
2929 92.75
2930 92.85
2931 92.85
2932 92.85
2933 92.85
2934 92.85
2935 92.9
2936 92.95
2937 92.95
2938 92.95
2939 92.95
2940 92.95
2941 92.95
2942 92.95
2943 92.95
2944 92.95
2945 92.95
2946 93.0
2947 93.0
2948 93.05
2949 93.05
2950 93.05
2951 93.05
2952 93.15
2953 93.15
2954 93.2
2955 93.3
2956 93.3
2957 93.35
2958 93.4
2959 93.4
2960 93.4
2961 93.45
2962 93.45
2963 93.45
2964 93.45
2965 93.45
2966 93.6
2967 93.6
2968 93.6
2969 93.75
2970 93.8
2971 93.8
2972 93.8
2973 93.8
2974 93.8
2975 93.8
2976 93.8
2977 93.8
2978 93.9
2979 94.0
2980 94.0
2981 94.0
2982 94.0
2983 94.0
2984 94.0
2985 94.0
2986 94.0
2987 94.0
2988 94.0
2989 94.0
2990 94.0
2991 94.0
2992 94.0
2993 94.0
2994 94.0
2995 94.05
2996 94.05
2997 94.1
2998 94.15
2999 94.2
3000 94.2
3001 94.3
3002 94.3
3003 94.3
3004 94.35
3005 94.35
3006 94.35
3007 94.4
3008 94.5
3009 94.5
3010 94.55
3011 94.6
3012 94.65
3013 94.7
3014 94.7
3015 94.75
3016 94.85
3017 94.9
3018 95.0
3019 95.0
3020 95.0
3021 95.0
3022 95.05
3023 95.05
3024 95.05
3025 95.1
3026 95.1
3027 95.1
3028 95.1
3029 95.1
3030 95.1
3031 95.1
3032 95.1
3033 95.1
3034 95.1
3035 95.1
3036 95.1
3037 95.1
3038 95.1
3039 95.15
3040 95.15
3041 95.25
3042 95.25
3043 95.25
3044 95.25
3045 95.25
3046 95.25
3047 95.25
3048 95.25
3049 95.25
3050 95.25
3051 95.25
3052 95.3
3053 95.3
3054 95.4
3055 95.4
3056 95.4
3057 95.4
3058 95.5
3059 95.55
3060 95.6
3061 95.65
3062 95.65
3063 95.75
3064 95.75
3065 95.75
3066 95.75
3067 95.75
3068 95.75
3069 95.8
3070 95.9
3071 95.9
3072 95.9
3073 95.9
3074 95.9
3075 95.9
3076 95.9
3077 95.9
3078 95.95
3079 95.95
3080 95.95
3081 95.95
3082 96.0
3083 96.0
3084 96.05
3085 96.1
3086 96.15
3087 96.15
3088 96.2
3089 96.35
3090 96.4
3091 96.4
3092 96.4
3093 96.4
3094 96.4
3095 96.55
3096 96.55
3097 96.55
3098 96.55
3099 96.55
3100 96.65
3101 96.65
3102 96.65
3103 96.7
3104 96.7
3105 96.7
3106 96.7
3107 96.8
3108 96.8
3109 96.8
3110 97.0
3111 97.1
3112 97.1
3113 97.1
3114 97.1
3115 97.1
3116 97.1
3117 97.15
3118 97.2
3119 97.2
3120 97.2
3121 97.2
3122 97.2
3123 97.2
3124 97.2
3125 97.2
3126 97.2
3127 97.2
3128 97.2
3129 97.3
3130 97.3
3131 97.3
3132 97.3
3133 97.3
3134 97.3
3135 97.4
3136 97.4
3137 97.4
3138 97.4
3139 97.45
3140 97.45
3141 97.45
3142 97.5
3143 97.55
3144 97.55
3145 97.55
3146 97.6
3147 97.6
3148 97.6
3149 97.6
3150 97.6
3151 97.6
3152 97.6
3153 97.65
3154 97.65
3155 97.65
3156 97.7
3157 97.7
3158 97.7
3159 97.7
3160 97.7
3161 97.8
3162 97.8
3163 97.8
3164 97.85
3165 97.85
3166 97.85
3167 97.85
3168 97.85
3169 97.85
3170 97.95
3171 97.95
3172 97.95
3173 97.95
3174 98.0
3175 98.0
3176 98.05
3177 98.05
3178 98.05
3179 98.05
3180 98.05
3181 98.05
3182 98.05
3183 98.05
3184 98.05
3185 98.05
3186 98.05
3187 98.15
3188 98.2
3189 98.25
3190 98.25
3191 98.25
3192 98.25
3193 98.35
3194 98.35
3195 98.45
3196 98.45
3197 98.45
3198 98.45
3199 98.6
3200 98.6
3201 98.6
3202 98.65
3203 98.7
3204 98.7
3205 98.7
3206 98.7
3207 98.7
3208 98.75
3209 98.8
3210 98.8
3211 98.8
3212 98.8
3213 98.9
3214 98.9
3215 98.9
3216 98.9
3217 98.95
3218 98.95
3219 98.95
3220 98.95
3221 98.95
3222 98.95
3223 98.95
3224 98.95
3225 99.05
3226 99.05
3227 99.05
3228 99.05
3229 99.05
3230 99.1
3231 99.1
3232 99.1
3233 99.1
3234 99.1
3235 99.2
3236 99.2
3237 99.2
3238 99.2
3239 99.25
3240 99.35
3241 99.35
3242 99.45
3243 99.5
3244 99.5
3245 99.5
3246 99.5
3247 99.6
3248 99.65
3249 99.65
3250 99.65
3251 99.65
3252 99.65
3253 99.65
3254 99.65
3255 99.65
3256 99.65
3257 99.7
3258 99.7
3259 99.7
3260 99.7
3261 99.8
3262 99.8
3263 99.9
3264 99.9
3265 99.9
3266 99.9
3267 99.9
3268 99.95
3269 100.0
3270 100.0
3271 100.0
3272 100.05
3273 100.1
3274 100.2
3275 100.2
3276 100.2
3277 100.2
3278 100.25
3279 100.3
3280 100.3
3281 100.4
3282 100.4
3283 100.4
3284 100.4
3285 100.4
3286 100.4
3287 100.4
3288 100.4
3289 100.4
3290 100.4
3291 100.4
3292 100.55
3293 100.55
3294 100.55
3295 100.55
3296 100.55
3297 100.6
3298 100.6
3299 100.6
3300 100.6
3301 100.6
3302 100.6
3303 100.6
3304 100.6
3305 100.6
3306 100.6
3307 100.6
3308 100.65
3309 100.65
3310 100.65
3311 100.65
3312 100.7
3313 100.7
3314 100.75
3315 100.75
3316 100.75
3317 100.8
3318 100.8
3319 100.85
3320 100.85
3321 100.9
3322 100.95
3323 101.0
3324 101.05
3325 101.05
3326 101.1
3327 101.15
3328 101.15
3329 101.15
3330 101.15
3331 101.15
3332 101.15
3333 101.2
3334 101.2
3335 101.2
3336 101.2
3337 101.2
3338 101.25
3339 101.25
3340 101.3
3341 101.3
3342 101.45
3343 101.5
3344 101.5
3345 101.55
3346 101.55
3347 101.55
3348 101.65
3349 101.65
3350 101.65
3351 101.65
3352 101.75
3353 101.75
3354 101.75
3355 101.8
3356 101.8
3357 101.9
3358 101.95
3359 101.95
3360 101.95
3361 101.95
3362 101.95
3363 102.0
3364 102.0
3365 102.0
3366 102.0
3367 102.0
3368 102.0
3369 102.05
3370 102.05
3371 102.05
3372 102.05
3373 102.05
3374 102.05
3375 102.05
3376 102.05
3377 102.05
3378 102.05
3379 102.1
3380 102.1
3381 102.1
3382 102.1
3383 102.1
3384 102.15
3385 102.25
3386 102.35
3387 102.4
3388 102.4
3389 102.4
3390 102.75
3391 102.75
3392 102.85
3393 102.85
3394 102.85
3395 102.85
3396 102.85
3397 102.85
3398 102.85
3399 102.95
3400 102.95
3401 102.95
3402 102.95
3403 102.95
3404 103.1
3405 103.1
3406 103.1
3407 103.1
3408 103.2
3409 103.25
3410 103.25
3411 103.25
3412 103.25
3413 103.25
3414 103.35
3415 103.35
3416 103.35
3417 103.35
3418 103.35
3419 103.35
3420 103.4
3421 103.4
3422 103.4
3423 103.45
3424 103.45
3425 103.55
3426 103.55
3427 103.55
3428 103.55
3429 103.55
3430 103.55
3431 103.55
3432 103.55
3433 103.6
3434 103.6
3435 103.65
3436 103.65
3437 103.65
3438 103.65
3439 103.7
3440 103.7
3441 103.7
3442 103.7
3443 103.7
3444 103.7
3445 103.7
3446 103.7
3447 103.7
3448 103.7
3449 103.75
3450 103.75
3451 103.8
3452 103.8
3453 103.8
3454 103.9
3455 103.9
3456 103.9
3457 103.9
3458 103.9
3459 103.95
3460 103.95
3461 104.0
3462 104.0
3463 104.0
3464 104.0
3465 104.0
3466 104.05
3467 104.05
3468 104.1
3469 104.1
3470 104.15
3471 104.15
3472 104.15
3473 104.15
3474 104.2
3475 104.2
3476 104.25
3477 104.25
3478 104.25
3479 104.25
3480 104.25
3481 104.25
3482 104.25
3483 104.25
3484 104.25
3485 104.25
3486 104.3
3487 104.4
3488 104.4
3489 104.5
3490 104.5
3491 104.5
3492 104.55
3493 104.6
3494 104.65
3495 104.65
3496 104.65
3497 104.65
3498 104.65
3499 104.7
3500 104.7
3501 104.7
3502 104.7
3503 104.7
3504 104.7
3505 104.7
3506 104.8
3507 104.9
3508 104.9
3509 104.9
3510 104.95
3511 104.95
3512 104.95
3513 105.05
3514 105.05
3515 105.1
3516 105.1
3517 105.2
3518 105.2
3519 105.2
3520 105.2
3521 105.2
3522 105.4
3523 105.4
3524 105.55
3525 105.6
3526 105.65
3527 105.7
3528 105.7
3529 105.75
3530 105.75
3531 105.75
3532 105.75
3533 105.8
3534 105.8
3535 105.8
3536 105.8
3537 105.8
3538 105.8
3539 105.85
3540 105.9
3541 105.9
3542 105.95
3543 105.95
3544 105.95
3545 106.0
3546 106.0
3547 106.0
3548 106.0
3549 106.0
3550 106.0
3551 106.0
3552 106.0
3553 106.0
3554 106.1
3555 106.1
3556 106.1
3557 106.1
3558 106.1
3559 106.1
3560 106.1
3561 106.1
3562 106.15
3563 106.25
3564 106.25
3565 106.25
3566 106.3
3567 106.35
3568 106.35
3569 106.4
3570 106.4
3571 106.4
3572 106.4
3573 106.4
3574 106.4
3575 106.4
3576 106.45
3577 106.45
3578 106.45
3579 106.5
3580 106.55
3581 106.6
3582 106.6
3583 106.7
3584 106.8
3585 106.8
3586 106.8
3587 106.85
3588 106.85
3589 106.85
3590 106.95
3591 107.0
3592 107.0
3593 107.0
3594 107.0
3595 107.0
3596 107.0
3597 107.0
3598 107.05
3599 107.05
3600 107.05
3601 107.05
3602 107.05
3603 107.05
3604 107.05
3605 107.05
3606 107.15
3607 107.15
3608 107.15
3609 107.2
3610 107.2
3611 107.2
3612 107.3
3613 107.3
3614 107.45
3615 107.5
3616 107.5
3617 107.5
3618 107.5
3619 107.5
3620 107.5
3621 107.55
3622 107.55
3623 107.55
3624 107.55
3625 107.6
3626 107.6
3627 107.65
3628 107.65
3629 107.65
3630 107.7
3631 107.7
3632 107.7
3633 107.7
3634 107.7
3635 107.8
3636 107.8
3637 107.8
3638 107.9
3639 107.9
3640 108.05
3641 108.05
3642 108.1
3643 108.1
3644 108.1
3645 108.1
3646 108.2
3647 108.2
3648 108.2
3649 108.2
3650 108.2
3651 108.2
3652 108.2
3653 108.2
3654 108.2
3655 108.2
3656 108.2
3657 108.2
3658 108.2
3659 108.2
3660 108.25
3661 108.35
3662 108.35
3663 108.35
3664 108.4
3665 108.4
3666 108.4
3667 108.45
3668 108.5
3669 108.5
3670 108.5
3671 108.55
3672 108.55
3673 108.55
3674 108.55
3675 108.7
3676 108.7
3677 108.7
3678 108.7
3679 108.8
3680 108.8
3681 108.8
3682 108.8
3683 108.8
3684 108.85
3685 108.95
3686 109.0
3687 109.05
3688 109.05
3689 109.05
3690 109.05
3691 109.05
3692 109.15
3693 109.15
3694 109.15
3695 109.15
3696 109.15
3697 109.15
3698 109.15
3699 109.15
3700 109.15
3701 109.15
3702 109.15
3703 109.15
3704 109.15
3705 109.2
3706 109.3
3707 109.3
3708 109.35
3709 109.45
3710 109.45
3711 109.45
3712 109.5
3713 109.55
3714 109.55
3715 109.55
3716 109.55
3717 109.55
3718 109.6
3719 109.6
3720 109.6
3721 109.65
3722 109.65
3723 109.65
3724 109.7
3725 109.7
3726 109.7
3727 109.7
3728 109.7
3729 109.75
3730 109.75
3731 109.75
3732 109.85
3733 109.85
3734 109.9
3735 109.9
3736 109.9
3737 109.9
3738 109.9
3739 110.0
3740 110.05
3741 110.05
3742 110.05
3743 110.1
3744 110.1
3745 110.15
3746 110.15
3747 110.15
3748 110.2
3749 110.25
3750 110.25
3751 110.3
3752 110.3
3753 110.35
3754 110.35
3755 110.35
3756 110.35
3757 110.35
3758 110.35
3759 110.35
3760 110.35
3761 110.35
3762 110.35
3763 110.35
3764 110.35
3765 110.35
3766 110.35
3767 110.35
3768 110.45
3769 110.45
3770 110.45
3771 110.55
3772 110.55
3773 110.55
3774 110.55
3775 110.6
3776 110.6
3777 110.6
3778 110.6
3779 110.6
3780 110.65
3781 110.65
3782 110.7
3783 110.7
3784 110.7
3785 110.7
3786 110.75
3787 110.75
3788 110.85
3789 111.0
3790 111.05
3791 111.05
3792 111.05
3793 111.05
3794 111.05
3795 111.05
3796 111.05
3797 111.1
3798 111.1
3799 111.1
3800 111.15
3801 111.2
3802 111.3
3803 111.3
3804 111.3
3805 111.3
3806 111.35
3807 111.4
3808 111.4
3809 111.45
3810 111.45
3811 111.45
3812 111.45
3813 111.5
3814 111.5
3815 111.5
3816 111.5
3817 111.5
3818 111.5
3819 111.5
3820 111.5
3821 111.5
3822 111.5
3823 111.5
3824 111.5
3825 111.5
3826 111.5
3827 111.6
3828 111.6
3829 111.65
3830 111.65
3831 111.7
3832 111.7
3833 111.7
3834 111.7
3835 111.7
3836 111.7
3837 111.85
3838 111.95
3839 111.95
3840 111.95
3841 111.95
3842 111.95
3843 111.95
3844 111.95
3845 111.95
3846 112.05
3847 112.1
3848 112.1
3849 112.15
3850 112.15
3851 112.15
3852 112.15
3853 112.2
3854 112.25
3855 112.35
3856 112.35
3857 112.35
3858 112.35
3859 112.35
3860 112.35
3861 112.35
3862 112.35
3863 112.4
3864 112.45
3865 112.45
3866 112.45
3867 112.45
3868 112.55
3869 112.55
3870 112.55
3871 112.65
3872 112.7
3873 112.7
3874 112.7
3875 112.7
3876 112.7
3877 112.7
3878 112.75
3879 112.75
3880 112.75
3881 112.75
3882 112.75
3883 112.75
3884 112.75
3885 112.75
3886 112.85
3887 112.85
3888 112.85
3889 112.95
3890 112.95
3891 112.95
3892 112.95
3893 112.95
3894 112.95
3895 112.95
3896 113.05
3897 113.05
3898 113.05
3899 113.15
3900 113.15
3901 113.2
3902 113.2
3903 113.3
3904 113.3
3905 113.3
3906 113.3
3907 113.3
3908 113.3
3909 113.3
3910 113.3
3911 113.3
3912 113.35
3913 113.35
3914 113.4
3915 113.5
3916 113.5
3917 113.5
3918 113.55
3919 113.6
3920 113.6
3921 113.65
3922 113.65
3923 113.65
3924 113.65
3925 113.8
3926 113.8
3927 113.8
3928 113.8
3929 113.8
3930 113.8
3931 113.8
3932 113.8
3933 113.9
3934 113.9
3935 113.9
3936 113.9
3937 113.9
3938 113.9
3939 113.9
3940 113.9
3941 113.9
3942 113.9
3943 113.95
3944 113.95
3945 113.95
3946 114.1
3947 114.1
3948 114.15
3949 114.15
3950 114.2
3951 114.2
3952 114.2
3953 114.2
3954 114.2
3955 114.2
3956 114.25
3957 114.25
3958 114.25
3959 114.25
3960 114.25
3961 114.3
3962 114.4
3963 114.4
3964 114.4
3965 114.4
3966 114.45
3967 114.45
3968 114.45
3969 114.45
3970 114.5
3971 114.5
3972 114.5
3973 114.65
3974 114.65
3975 114.65
3976 114.7
3977 114.75
3978 114.75
3979 114.75
3980 114.75
3981 114.75
3982 114.8
3983 114.8
3984 114.8
3985 114.85
3986 114.85
3987 114.85
3988 114.9
3989 114.9
3990 115.0
3991 115.0
3992 115.0
3993 115.0
3994 115.05
3995 115.05
3996 115.05
3997 115.05
3998 115.05
3999 115.1
4000 115.1
4001 115.1
4002 115.1
4003 115.1
4004 115.1
4005 115.1
4006 115.1
4007 115.15
4008 115.15
4009 115.15
4010 115.15
4011 115.15
4012 115.15
4013 115.15
4014 115.15
4015 115.15
4016 115.2
4017 115.2
4018 115.25
4019 115.25
4020 115.25
4021 115.25
4022 115.25
4023 115.4
4024 115.4
4025 115.45
4026 115.45
4027 115.55
4028 115.6
4029 115.6
4030 115.6
4031 115.6
4032 115.65
4033 115.65
4034 115.65
4035 115.65
4036 115.7
4037 115.75
4038 115.75
4039 115.8
4040 115.8
4041 115.8
4042 115.8
4043 115.8
4044 115.8
4045 115.8
4046 115.85
4047 115.85
4048 115.85
4049 115.85
4050 115.85
4051 115.95
4052 115.95
4053 115.95
4054 115.95
4055 116.05
4056 116.05
4057 116.05
4058 116.15
4059 116.15
4060 116.15
4061 116.2
4062 116.3
4063 116.3
4064 116.3
4065 116.3
4066 116.3
4067 116.35
4068 116.4
4069 116.55
4070 116.55
4071 116.6
4072 116.65
4073 116.65
4074 116.65
4075 116.65
4076 116.65
4077 116.65
4078 116.65
4079 116.65
4080 116.65
4081 116.7
4082 116.7
4083 116.7
4084 116.7
4085 116.7
4086 116.75
4087 116.75
4088 116.8
4089 116.8
4090 116.8
4091 116.8
4092 116.8
4093 116.85
4094 116.85
4095 116.85
4096 116.85
4097 116.85
4098 116.85
4099 116.85
4100 116.85
4101 116.85
4102 116.9
4103 116.9
4104 116.9
4105 116.9
4106 116.95
4107 117.0
4108 117.0
4109 117.0
4110 117.0
4111 117.05
4112 117.05
4113 117.1
4114 117.1
4115 117.1
4116 117.1
4117 117.1
4118 117.1
4119 117.1
4120 117.15
4121 117.15
4122 117.2
4123 117.2
4124 117.2
4125 117.2
4126 117.2
4127 117.35
4128 117.35
4129 117.35
4130 117.35
4131 117.45
4132 117.45
4133 117.45
4134 117.45
4135 117.45
4136 117.45
4137 117.45
4138 117.45
4139 117.45
4140 117.45
4141 117.5
4142 117.55
4143 117.55
4144 117.6
4145 117.6
4146 117.6
4147 117.7
4148 117.7
4149 117.7
4150 117.7
4151 117.7
4152 117.75
4153 117.75
4154 117.75
4155 117.8
4156 117.8
4157 117.8
4158 117.85
4159 117.9
4160 117.9
4161 117.95
4162 118.0
4163 118.0
4164 118.0
4165 118.0
4166 118.0
4167 118.05
4168 118.05
4169 118.05
4170 118.1
4171 118.1
4172 118.1
4173 118.1
4174 118.15
4175 118.15
4176 118.15
4177 118.15
4178 118.15
4179 118.15
4180 118.15
4181 118.15
4182 118.15
4183 118.15
4184 118.2
4185 118.25
4186 118.3
4187 118.3
4188 118.3
4189 118.35
4190 118.35
4191 118.4
4192 118.4
4193 118.45
4194 118.45
4195 118.45
4196 118.65
4197 118.7
4198 118.75
4199 118.8
4200 118.8
4201 118.8
4202 118.8
4203 118.8
4204 118.8
4205 118.85
4206 118.9
4207 118.9
4208 118.9
4209 118.9
4210 118.9
4211 118.9
4212 118.95
4213 118.95
4214 118.95
4215 118.95
4216 118.95
4217 118.95
4218 118.95
4219 118.95
4220 118.95
4221 118.95
4222 118.95
4223 119.0
4224 119.0
4225 119.0
4226 119.0
4227 119.0
4228 119.0
4229 119.1
4230 119.1
4231 119.1
4232 119.1
4233 119.25
4234 119.25
4235 119.25
4236 119.25
4237 119.25
4238 119.25
4239 119.25
4240 119.25
4241 119.25
4242 119.25
4243 119.25
4244 119.25
4245 119.25
4246 119.25
4247 119.25
4248 119.25
4249 119.35
4250 119.35
4251 119.35
4252 119.45
4253 119.45
4254 119.6
4255 119.65
4256 119.65
4257 119.65
4258 119.65
4259 119.7
4260 119.85
4261 119.85
4262 119.95
4263 119.95
4264 120.0
4265 120.0
4266 120.0
4267 120.05
4268 120.05
4269 120.05
4270 120.05
4271 120.1
4272 120.1
4273 120.1
4274 120.1
4275 120.1
4276 120.1
4277 120.1
4278 120.1
4279 120.15
4280 120.15
4281 120.15
4282 120.2
4283 120.2
4284 120.25
4285 120.3
4286 120.3
4287 120.3
4288 120.3
4289 120.3
4290 120.3
4291 120.3
4292 120.3
4293 120.3
4294 120.3
4295 120.3
4296 120.3
4297 120.3
4298 120.3
4299 120.3
4300 120.35
4301 120.35
4302 120.4
4303 120.4
4304 120.45
4305 120.45
4306 120.45
4307 120.45
4308 120.45
4309 120.45
4310 120.45
4311 120.7
4312 120.7
4313 120.75
4314 120.75
4315 120.75
4316 120.75
4317 120.75
4318 120.75
4319 120.75
4320 120.75
4321 120.75
4322 120.75
4323 120.75
4324 120.8
4325 120.8
4326 120.8
4327 120.85
4328 120.85
4329 120.85
4330 120.85
4331 120.85
4332 120.85
4333 120.85
4334 120.9
4335 120.9
4336 120.9
4337 120.9
4338 120.9
4339 121.0
4340 121.0
4341 121.0
4342 121.05
4343 121.05
4344 121.05
4345 121.05
4346 121.05
4347 121.05
4348 121.05
4349 121.05
4350 121.05
4351 121.05
4352 121.15
4353 121.15
4354 121.15
4355 121.15
4356 121.2
4357 121.2
4358 121.2
4359 121.25
4360 121.25
4361 121.25
4362 121.25
4363 121.25
4364 121.4
4365 121.4
4366 121.5
4367 121.55
4368 121.65
4369 121.75
4370 121.75
4371 121.75
4372 121.75
4373 121.75
4374 121.75
4375 121.75
4376 121.75
4377 121.75
4378 121.75
4379 121.85
4380 121.85
4381 121.9
4382 121.9
4383 121.9
4384 122.0
4385 122.15
4386 122.15
4387 122.2
4388 122.2
4389 122.25
4390 122.25
4391 122.25
4392 122.25
4393 122.25
4394 122.25
4395 122.25
4396 122.25
4397 122.3
4398 122.3
4399 122.35
4400 122.35
4401 122.35
4402 122.35
4403 122.35
4404 122.35
4405 122.35
4406 122.35
4407 122.35
4408 122.35
4409 122.4
4410 122.45
4411 122.45
4412 122.45
4413 122.45
4414 122.45
4415 122.5
4416 122.5
4417 122.65
4418 122.7
4419 122.7
4420 122.7
4421 122.7
4422 122.7
4423 122.7
4424 122.75
4425 122.75
4426 122.8
4427 122.9
4428 122.9
4429 122.9
4430 122.9
4431 122.9
4432 122.9
4433 122.9
4434 122.9
4435 122.9
4436 122.9
4437 122.9
4438 122.95
4439 123.05
4440 123.05
4441 123.05
4442 123.05
4443 123.2
4444 123.2
4445 123.2
4446 123.2
4447 123.25
4448 123.25
4449 123.3
4450 123.3
4451 123.3
4452 123.35
4453 123.35
4454 123.35
4455 123.35
4456 123.35
4457 123.35
4458 123.35
4459 123.35
4460 123.35
4461 123.5
4462 123.6
4463 123.6
4464 123.6
4465 123.6
4466 123.7
4467 123.7
4468 123.7
4469 123.7
4470 123.7
4471 123.7
4472 123.7
4473 123.7
4474 123.7
4475 123.7
4476 123.7
4477 123.7
4478 123.7
4479 123.7
4480 123.7
4481 123.75
4482 123.75
4483 123.75
4484 123.8
4485 123.85
4486 123.95
4487 123.95
4488 124.0
4489 124.0
4490 124.0
4491 124.0
4492 124.0
4493 124.0
4494 124.0
4495 124.0
4496 124.0
4497 124.0
4498 124.0
4499 124.0
4500 124.05
4501 124.25
4502 124.25
4503 124.25
4504 124.25
4505 124.25
4506 124.25
4507 124.25
4508 124.3
4509 124.3
4510 124.3
4511 124.3
4512 124.35
4513 124.35
4514 124.35
4515 124.35
4516 124.35
4517 124.35
4518 124.35
4519 124.4
4520 124.4
4521 124.4
4522 124.4
4523 124.4
4524 124.4
4525 124.45
4526 124.5
4527 124.5
4528 124.6
4529 124.7
4530 124.7
4531 124.7
4532 124.7
4533 124.75
4534 124.75
4535 124.75
4536 124.75
4537 124.8
4538 124.8
4539 124.8
4540 124.8
4541 124.8
4542 124.85
4543 124.85
4544 124.9
4545 124.95
4546 125.05
4547 125.05
4548 125.05
4549 125.05
4550 125.05
4551 125.05
4552 125.05
4553 125.05
4554 125.05
4555 125.05
4556 125.05
4557 125.05
4558 125.05
4559 125.2
4560 125.25
4561 125.3
4562 125.3
4563 125.35
4564 125.5
4565 125.65
4566 125.65
4567 125.65
4568 125.65
4569 125.65
4570 125.65
4571 125.75
4572 125.75
4573 125.75
4574 125.8
4575 125.9
4576 125.9
4577 125.9
4578 126.0
4579 126.0
4580 126.0
4581 126.1
4582 126.15
4583 126.15
4584 126.2
4585 126.2
4586 126.2
4587 126.2
4588 126.2
4589 126.2
4590 126.2
4591 126.2
4592 126.2
4593 126.2
4594 126.25
4595 126.25
4596 126.25
4597 126.25
4598 126.3
4599 126.35
4600 126.35
4601 126.35
4602 126.35
4603 126.35
4604 126.35
4605 126.45
4606 126.45
4607 126.45
4608 126.5
4609 126.5
4610 126.5
4611 126.5
4612 126.5
4613 126.5
4614 126.5
4615 126.5
4616 126.55
4617 126.55
4618 126.55
4619 126.55
4620 126.6
4621 126.6
4622 126.6
4623 126.6
4624 126.65
4625 126.65
4626 126.65
4627 126.65
4628 126.65
4629 126.7
4630 126.75
4631 126.75
4632 126.75
4633 126.75
4634 126.75
4635 126.75
4636 126.75
4637 126.75
4638 126.75
4639 126.8
4640 126.8
4641 126.8
4642 126.8
4643 126.8
4644 126.8
4645 126.85
4646 126.85
4647 126.85
4648 126.85
4649 126.85
4650 126.85
4651 126.85
4652 126.95
4653 127.0
4654 127.0
4655 127.0
4656 127.0
4657 127.0
4658 127.0
4659 127.0
4660 127.05
4661 127.05
4662 127.1
4663 127.1
4664 127.15
4665 127.15
4666 127.15
4667 127.15
4668 127.15
4669 127.15
4670 127.15
4671 127.15
4672 127.15
4673 127.2
4674 127.2
4675 127.2
4676 127.2
4677 127.25
4678 127.25
4679 127.25
4680 127.25
4681 127.25
4682 127.25
4683 127.25
4684 127.25
4685 127.25
4686 127.3
4687 127.3
4688 127.3
4689 127.35
4690 127.4
4691 127.4
4692 127.4
4693 127.4
4694 127.4
4695 127.55
4696 127.55
4697 127.55
4698 127.55
4699 127.55
4700 127.55
4701 127.55
4702 127.7
4703 127.7
4704 127.8
4705 127.85
4706 127.95
4707 127.95
4708 127.95
4709 127.95
4710 128.0
4711 128.05
4712 128.05
4713 128.05
4714 128.05
4715 128.05
4716 128.05
4717 128.2
4718 128.25
4719 128.25
4720 128.3
4721 128.3
4722 128.3
4723 128.35
4724 128.35
4725 128.4
4726 128.4
4727 128.4
4728 128.4
4729 128.4
4730 128.4
4731 128.55
4732 128.6
4733 128.6
4734 128.6
4735 128.6
4736 128.65
4737 128.65
4738 128.7
4739 128.7
4740 128.7
4741 128.7
4742 128.7
4743 128.7
4744 128.75
4745 128.75
4746 128.75
4747 128.75
4748 128.75
4749 128.75
4750 128.75
4751 128.8
4752 128.8
4753 128.8
4754 128.8
4755 128.8
4756 128.8
4757 128.8
4758 128.8
4759 128.8
4760 128.8
4761 128.8
4762 128.85
4763 128.85
4764 128.9
4765 128.9
4766 128.9
4767 128.9
4768 128.9
4769 128.95
4770 129.0
4771 129.0
4772 129.05
4773 129.05
4774 129.05
4775 129.05
4776 129.1
4777 129.1
4778 129.1
4779 129.1
4780 129.1
4781 129.1
4782 129.1
4783 129.1
4784 129.1
4785 129.15
4786 129.15
4787 129.15
4788 129.15
4789 129.15
4790 129.15
4791 129.2
4792 129.2
4793 129.25
4794 129.25
4795 129.25
4796 129.25
4797 129.4
4798 129.4
4799 129.4
4800 129.4
4801 129.4
4802 129.4
4803 129.45
4804 129.45
4805 129.45
4806 129.45
4807 129.5
4808 129.5
4809 129.5
4810 129.5
4811 129.5
4812 129.6
4813 129.6
4814 129.6
4815 129.65
4816 129.65
4817 129.65
4818 129.65
4819 129.65
4820 129.7
4821 129.7
4822 129.7
4823 129.7
4824 129.7
4825 129.7
4826 129.75
4827 129.75
4828 129.75
4829 129.8
4830 129.8
4831 129.8
4832 129.8
4833 129.85
4834 129.85
4835 129.85
4836 129.85
4837 129.85
4838 129.85
4839 129.85
4840 129.85
4841 129.9
4842 129.9
4843 129.9
4844 129.9
4845 129.9
4846 129.9
4847 129.95
4848 129.95
4849 130.05
4850 130.05
4851 130.05
4852 130.1
4853 130.1
4854 130.1
4855 130.1
4856 130.15
4857 130.15
4858 130.15
4859 130.15
4860 130.15
4861 130.15
4862 130.2
4863 130.2
4864 130.2
4865 130.2
4866 130.25
4867 130.25
4868 130.25
4869 130.25
4870 130.25
4871 130.25
4872 130.3
4873 130.3
4874 130.3
4875 130.3
4876 130.3
4877 130.3
4878 130.3
4879 130.3
4880 130.35
4881 130.35
4882 130.35
4883 130.35
4884 130.35
4885 130.35
4886 130.35
4887 130.35
4888 130.4
4889 130.4
4890 130.4
4891 130.4
4892 130.4
4893 130.4
4894 130.4
4895 130.4
4896 130.4
4897 130.45
4898 130.5
4899 130.5
4900 130.5
4901 130.5
4902 130.5
4903 130.5
4904 130.5
4905 130.5
4906 130.5
4907 130.55
4908 130.75
4909 130.75
4910 130.75
4911 130.75
4912 130.75
4913 130.75
4914 130.75
4915 130.75
4916 130.8
4917 130.8
4918 130.8
4919 130.8
4920 130.85
4921 130.85
4922 130.9
4923 130.9
4924 130.9
4925 130.9
4926 130.9
4927 131.05
4928 131.05
4929 131.05
4930 131.05
4931 131.05
4932 131.05
4933 131.05
4934 131.05
4935 131.05
4936 131.05
4937 131.05
4938 131.05
4939 131.05
4940 131.1
4941 131.1
4942 131.1
4943 131.1
4944 131.1
4945 131.15
4946 131.25
4947 131.25
4948 131.3
4949 131.3
4950 131.3
4951 131.35
4952 131.35
4953 131.35
4954 131.4
4955 131.4
4956 131.45
4957 131.55
4958 131.55
4959 131.6
4960 131.6
4961 131.6
4962 131.6
4963 131.6
4964 131.6
4965 131.65
4966 131.7
4967 131.7
4968 131.7
4969 131.7
4970 131.7
4971 131.75
4972 131.75
4973 131.85
4974 131.9
4975 131.9
4976 131.9
4977 131.9
4978 131.95
4979 132.0
4980 132.1
4981 132.1
4982 132.1
4983 132.1
4984 132.1
4985 132.1
4986 132.1
4987 132.15
4988 132.15
4989 132.15
4990 132.15
4991 132.2
4992 132.2
4993 132.25
4994 132.25
4995 132.25
4996 132.3
4997 132.3
4998 132.3
4999 132.3
5000 132.3
5001 132.35
5002 132.35
5003 132.35
5004 132.35
5005 132.35
5006 132.35
5007 132.35
5008 132.35
5009 132.45
5010 132.45
5011 132.45
5012 132.5
5013 132.55
5014 132.55
5015 132.55
5016 132.55
5017 132.55
5018 132.55
5019 132.55
5020 132.6
5021 132.65
5022 132.65
5023 132.65
5024 132.65
5025 132.7
5026 132.7
5027 132.7
5028 132.7
5029 132.75
5030 132.75
5031 132.75
5032 132.8
5033 132.8
5034 132.8
5035 132.9
5036 132.9
5037 132.95
5038 132.95
5039 133.0
5040 133.0
5041 133.15
5042 133.15
5043 133.15
5044 133.15
5045 133.15
5046 133.15
5047 133.15
5048 133.15
5049 133.15
5050 133.15
5051 133.15
5052 133.15
5053 133.15
5054 133.15
5055 133.15
5056 133.15
5057 133.15
5058 133.2
5059 133.25
5060 133.25
5061 133.25
5062 133.3
5063 133.3
5064 133.3
5065 133.35
5066 133.4
5067 133.45
5068 133.45
5069 133.45
5070 133.45
5071 133.5
5072 133.5
5073 133.5
5074 133.55
5075 133.55
5076 133.6
5077 133.65
5078 133.65
5079 133.65
5080 133.65
5081 133.7
5082 133.7
5083 133.7
5084 133.7
5085 133.85
5086 133.85
5087 133.85
5088 133.85
5089 133.85
5090 133.85
5091 133.85
5092 133.85
5093 133.9
5094 133.9
5095 134.0
5096 134.0
5097 134.0
5098 134.0
5099 134.0
5100 134.05
5101 134.05
5102 134.05
5103 134.05
5104 134.05
5105 134.05
5106 134.05
5107 134.05
5108 134.05
5109 134.1
5110 134.15
5111 134.15
5112 134.15
5113 134.15
5114 134.2
5115 134.2
5116 134.2
5117 134.35
5118 134.35
5119 134.4
5120 134.4
5121 134.4
5122 134.4
5123 134.5
5124 134.5
5125 134.55
5126 134.55
5127 134.55
5128 134.55
5129 134.55
5130 134.55
5131 134.55
5132 134.55
5133 134.55
5134 134.55
5135 134.65
5136 134.65
5137 134.65
5138 134.65
5139 134.7
5140 134.7
5141 134.7
5142 134.7
5143 134.7
5144 134.7
5145 134.7
5146 134.7
5147 134.7
5148 134.7
5149 134.7
5150 134.7
5151 134.7
5152 134.7
5153 134.7
5154 134.7
5155 134.75
5156 134.75
5157 134.8
5158 134.85
5159 134.85
5160 134.85
5161 134.9
5162 134.9
5163 134.9
5164 134.9
5165 134.9
5166 134.9
5167 134.9
5168 134.9
5169 134.9
5170 134.9
5171 134.9
5172 134.9
5173 134.9
5174 134.9
5175 134.9
5176 134.9
5177 134.9
5178 135.0
5179 135.1
5180 135.15
5181 135.25
5182 135.3
5183 135.3
5184 135.3
5185 135.3
5186 135.3
5187 135.3
5188 135.35
5189 135.35
5190 135.4
5191 135.4
5192 135.4
5193 135.45
5194 135.45
5195 135.45
5196 135.55
5197 135.55
5198 135.6
5199 135.6
5200 135.6
5201 135.6
5202 135.6
5203 135.6
5204 135.6
5205 135.6
5206 135.65
5207 135.65
5208 135.7
5209 135.8
5210 135.8
5211 135.8
5212 135.8
5213 135.8
5214 135.8
5215 135.85
5216 135.85
5217 135.9
5218 135.9
5219 135.9
5220 135.9
5221 135.9
5222 135.9
5223 135.9
5224 135.9
5225 135.9
5226 135.9
5227 135.9
5228 135.9
5229 135.9
5230 135.95
5231 136.0
5232 136.0
5233 136.0
5234 136.0
5235 136.0
5236 136.0
5237 136.0
5238 136.0
5239 136.1
5240 136.1
5241 136.15
5242 136.15
5243 136.15
5244 136.15
5245 136.15
5246 136.15
5247 136.15
5248 136.15
5249 136.2
5250 136.2
5251 136.2
5252 136.2
5253 136.25
5254 136.25
5255 136.25
5256 136.25
5257 136.3
5258 136.3
5259 136.45
5260 136.45
5261 136.45
5262 136.45
5263 136.5
5264 136.5
5265 136.5
5266 136.5
5267 136.5
5268 136.5
5269 136.6
5270 136.6
5271 136.65
5272 136.75
5273 136.75
5274 136.75
5275 136.85
5276 136.9
5277 136.95
5278 136.95
5279 136.95
5280 136.95
5281 136.95
5282 136.95
5283 136.95
5284 136.95
5285 136.95
5286 137.0
5287 137.0
5288 137.05
5289 137.05
5290 137.05
5291 137.05
5292 137.05
5293 137.05
5294 137.1
5295 137.1
5296 137.15
5297 137.2
5298 137.2
5299 137.2
5300 137.25
5301 137.25
5302 137.3
5303 137.3
5304 137.3
5305 137.3
5306 137.3
5307 137.3
5308 137.3
5309 137.35
5310 137.45
5311 137.45
5312 137.45
5313 137.45
5314 137.45
5315 137.45
5316 137.45
5317 137.45
5318 137.45
5319 137.45
5320 137.45
5321 137.5
5322 137.5
5323 137.6
5324 137.6
5325 137.6
5326 137.6
5327 137.6
5328 137.65
5329 137.7
5330 137.7
5331 137.7
5332 137.7
5333 137.7
5334 137.7
5335 137.75
5336 137.8
5337 137.8
5338 137.8
5339 137.8
5340 137.8
5341 137.8
5342 137.8
5343 137.8
5344 137.8
5345 137.8
5346 137.8
5347 137.8
5348 137.8
5349 137.85
5350 137.85
5351 137.85
5352 137.85
5353 137.9
5354 137.9
5355 137.9
5356 137.9
5357 137.9
5358 137.9
5359 137.9
5360 137.9
5361 137.9
5362 137.9
5363 137.9
5364 137.9
5365 138.0
5366 138.0
5367 138.1
5368 138.1
5369 138.1
5370 138.1
5371 138.1
5372 138.2
5373 138.25
5374 138.35
5375 138.4
5376 138.4
5377 138.4
5378 138.5
5379 138.5
5380 138.5
5381 138.55
5382 138.55
5383 138.55
5384 138.55
5385 138.65
5386 138.65
5387 138.7
5388 138.7
5389 138.7
5390 138.7
5391 138.75
5392 138.75
5393 138.8
5394 138.8
5395 138.85
5396 138.85
5397 138.85
5398 138.9
5399 138.9
5400 138.9
5401 138.9
5402 138.9
5403 138.9
5404 138.9
5405 138.9
5406 138.9
5407 138.9
5408 138.9
5409 138.9
5410 138.95
5411 138.95
5412 138.95
5413 139.0
5414 139.05
5415 139.1
5416 139.1
5417 139.1
5418 139.1
5419 139.15
5420 139.15
5421 139.15
5422 139.2
5423 139.2
5424 139.2
5425 139.2
5426 139.25
5427 139.25
5428 139.25
5429 139.3
5430 139.3
5431 139.3
5432 139.3
5433 139.3
5434 139.3
5435 139.3
5436 139.3
5437 139.3
5438 139.35
5439 139.35
5440 139.4
5441 139.4
5442 139.4
5443 139.4
5444 139.4
5445 139.4
5446 139.4
5447 139.5
5448 139.5
5449 139.6
5450 139.6
5451 139.6
5452 139.6
5453 139.6
5454 139.6
5455 139.6
5456 139.6
5457 139.65
5458 139.65
5459 139.65
5460 139.65
5461 139.65
5462 139.65
5463 139.65
5464 139.65
5465 139.7
5466 139.7
5467 139.7
5468 139.7
5469 139.7
5470 139.7
5471 139.7
5472 139.7
5473 139.75
5474 139.75
5475 139.75
5476 139.8
5477 139.8
5478 139.85
5479 139.85
5480 139.85
5481 139.85
5482 139.95
5483 139.95
5484 139.95
5485 139.95
5486 139.95
5487 139.95
5488 139.95
5489 139.95
5490 139.95
5491 139.95
5492 139.95
5493 139.95
5494 139.95
5495 139.95
5496 140.05
5497 140.05
5498 140.1
5499 140.1
5500 140.1
5501 140.2
5502 140.2
5503 140.2
5504 140.2
5505 140.3
5506 140.35
5507 140.35
5508 140.4
5509 140.4
5510 140.4
5511 140.45
5512 140.45
5513 140.45
5514 140.5
5515 140.5
5516 140.5
5517 140.5
5518 140.5
5519 140.5
5520 140.5
5521 140.5
5522 140.5
5523 140.5
5524 140.5
5525 140.5
5526 140.6
5527 140.6
5528 140.65
5529 140.65
5530 140.7
5531 140.7
5532 140.7
5533 140.8
5534 140.8
5535 140.85
5536 140.85
5537 140.85
5538 140.85
5539 140.85
5540 140.85
5541 140.85
5542 141.0
5543 141.05
5544 141.05
5545 141.1
5546 141.1
5547 141.1
5548 141.1
5549 141.1
5550 141.15
5551 141.15
5552 141.15
5553 141.15
5554 141.2
5555 141.2
5556 141.2
5557 141.25
5558 141.3
5559 141.3
5560 141.3
5561 141.3
5562 141.3
5563 141.3
5564 141.3
5565 141.3
5566 141.35
5567 141.45
5568 141.45
5569 141.45
5570 141.45
5571 141.5
5572 141.5
5573 141.55
5574 141.55
5575 141.55
5576 141.55
5577 141.55
5578 141.55
5579 141.55
5580 141.55
5581 141.6
5582 141.6
5583 141.6
5584 141.6
5585 141.7
5586 141.7
5587 141.7
5588 141.7
5589 141.7
5590 141.7
5591 141.7
5592 141.7
5593 141.7
5594 141.7
5595 141.75
5596 141.85
5597 141.9
5598 141.95
5599 141.95
5600 141.95
5601 141.95
5602 141.95
5603 141.95
5604 141.95
5605 141.95
5606 141.95
5607 141.95
5608 141.95
5609 141.95
5610 141.95
5611 142.05
5612 142.1
5613 142.1
5614 142.1
5615 142.1
5616 142.15
5617 142.15
5618 142.15
5619 142.15
5620 142.15
5621 142.2
5622 142.2
5623 142.2
5624 142.2
5625 142.2
5626 142.2
5627 142.2
5628 142.2
5629 142.25
5630 142.25
5631 142.35
5632 142.4
5633 142.4
5634 142.4
5635 142.4
5636 142.4
5637 142.45
5638 142.45
5639 142.45
5640 142.45
5641 142.55
5642 142.55
5643 142.55
5644 142.55
5645 142.55
5646 142.6
5647 142.6
5648 142.65
5649 142.65
5650 142.65
5651 142.65
5652 142.65
5653 142.65
5654 142.65
5655 142.65
5656 142.65
5657 142.7
5658 142.7
5659 142.7
5660 142.7
5661 142.85
5662 142.85
5663 142.85
5664 142.85
5665 142.85
5666 142.85
5667 142.85
5668 142.85
5669 142.85
5670 142.85
5671 142.85
5672 142.85
5673 142.85
5674 142.85
5675 142.85
5676 142.9
5677 142.9
5678 142.9
5679 142.9
5680 142.95
5681 142.95
5682 142.95
5683 143.0
5684 143.0
5685 143.0
5686 143.0
5687 143.0
5688 143.0
5689 143.0
5690 143.0
5691 143.0
5692 143.0
5693 143.0
5694 143.0
5695 143.0
5696 143.0
5697 143.0
5698 143.0
5699 143.0
5700 143.0
5701 143.0
5702 143.0
5703 143.0
5704 143.0
5705 143.05
5706 143.1
5707 143.1
5708 143.15
5709 143.2
5710 143.2
5711 143.2
5712 143.2
5713 143.25
5714 143.25
5715 143.25
5716 143.35
5717 143.35
5718 143.35
5719 143.35
5720 143.35
5721 143.35
5722 143.4
5723 143.4
5724 143.4
5725 143.4
5726 143.45
5727 143.45
5728 143.45
5729 143.5
5730 143.5
5731 143.5
5732 143.5
5733 143.5
5734 143.5
5735 143.5
5736 143.5
5737 143.5
5738 143.55
5739 143.6
5740 143.6
5741 143.6
5742 143.6
5743 143.7
5744 143.7
5745 143.7
5746 143.7
5747 143.7
5748 143.75
5749 143.75
5750 143.75
5751 143.75
5752 143.75
5753 143.75
5754 143.75
5755 143.75
5756 143.75
5757 143.75
5758 143.75
5759 143.75
5760 143.75
5761 143.8
5762 143.8
5763 143.8
5764 143.85
5765 143.85
5766 143.85
5767 143.85
5768 144.0
5769 144.0
5770 144.0
5771 144.0
5772 144.0
5773 144.0
5774 144.0
5775 144.0
5776 144.1
5777 144.1
5778 144.15
5779 144.15
5780 144.15
5781 144.2
5782 144.2
5783 144.2
5784 144.2
5785 144.2
5786 144.2
5787 144.2
5788 144.2
5789 144.2
5790 144.25
5791 144.25
5792 144.25
5793 144.25
5794 144.25
5795 144.25
5796 144.25
5797 144.25
5798 144.3
5799 144.3
5800 144.3
5801 144.4
5802 144.4
5803 144.4
5804 144.4
5805 144.45
5806 144.45
5807 144.45
5808 144.45
5809 144.55
5810 144.55
5811 144.55
5812 144.55
5813 144.55
5814 144.55
5815 144.55
5816 144.55
5817 144.6
5818 144.6
5819 144.6
5820 144.6
5821 144.6
5822 144.6
5823 144.6
5824 144.6
5825 144.65
5826 144.65
5827 144.65
5828 144.65
5829 144.65
5830 144.7
5831 144.7
5832 144.75
5833 144.75
5834 144.9
5835 144.9
5836 144.9
5837 144.9
5838 144.9
5839 144.9
5840 144.9
5841 144.9
5842 144.9
5843 144.9
5844 144.9
5845 144.9
5846 144.9
5847 144.9
5848 144.9
5849 144.9
5850 144.9
5851 144.9
5852 144.95
5853 144.95
5854 144.95
5855 144.95
5856 144.95
5857 144.95
5858 145.0
5859 145.0
5860 145.0
5861 145.0
5862 145.0
5863 145.0
5864 145.1
5865 145.1
5866 145.1
5867 145.1
5868 145.15
5869 145.15
5870 145.15
5871 145.15
5872 145.15
5873 145.15
5874 145.15
5875 145.15
5876 145.15
5877 145.15
5878 145.2
5879 145.2
5880 145.2
5881 145.2
5882 145.2
5883 145.2
5884 145.3
5885 145.35
5886 145.35
5887 145.35
5888 145.4
5889 145.4
5890 145.4
5891 145.4
5892 145.4
5893 145.4
5894 145.4
5895 145.45
5896 145.5
5897 145.5
5898 145.5
5899 145.55
5900 145.6
5901 145.6
5902 145.6
5903 145.6
5904 145.6
5905 145.6
5906 145.6
5907 145.6
5908 145.65
5909 145.7
5910 145.7
5911 145.8
5912 145.85
5913 145.85
5914 145.85
5915 145.85
5916 145.85
5917 145.85
5918 145.85
5919 145.85
5920 145.85
5921 145.85
5922 145.9
5923 145.9
5924 145.9
5925 145.95
5926 146.0
5927 146.05
5928 146.05
5929 146.1
5930 146.1
5931 146.1
5932 146.1
5933 146.2
5934 146.25
5935 146.25
5936 146.25
5937 146.25
5938 146.25
5939 146.25
5940 146.25
5941 146.25
5942 146.25
5943 146.25
5944 146.25
5945 146.25
5946 146.3
5947 146.3
5948 146.3
5949 146.35
5950 146.35
5951 146.35
5952 146.35
5953 146.35
5954 146.35
5955 146.35
5956 146.4
5957 146.4
5958 146.4
5959 146.4
5960 146.4
5961 146.45
5962 146.45
5963 146.45
5964 146.5
5965 146.55
5966 146.55
5967 146.55
5968 146.55
5969 146.55
5970 146.6
5971 146.6
5972 146.6
5973 146.6
5974 146.6
5975 146.6
5976 146.6
5977 146.6
5978 146.6
5979 146.65
5980 146.65
5981 146.65
5982 146.7
5983 146.7
5984 146.7
5985 146.7
5986 146.75
5987 146.75
5988 146.8
5989 146.8
5990 146.8
5991 146.85
5992 146.85
5993 146.85
5994 146.85
5995 146.85
5996 146.85
5997 146.85
5998 146.85
5999 146.85
